Case ID,Prefix length,Trace Prefix Act,Ground truth,Predicted,Damerau-Levenshtein,Jaccard,Weight,Compliance
Case 1,1,¡,¢¢¥£¤,¢¥£¤,0.8,1.0,0.5,Satisfied
Case 100,1,¡,¢­¥£¤,¢¥£¤,0.8,0.8,0.5,Satisfied
Case 1001,1,¡,¢¥£¤,¢¥£¤,1.0,1.0,0.5,Satisfied
Case 1007,1,¡,¢¥£¤,¢¥£¤,1.0,1.0,0.5,Satisfied
Case 1010,1,¡,¢­¥£¤,¢¥£¤,0.8,0.8,0.5,Satisfied
Case 1017,1,¡,¢¥£¥£¤,¢¥£¤,0.6666666666666667,1.0,0.5,Satisfied
Case 1019,1,¡,¢¥£¤,¢¥£¤,1.0,1.0,0.5,Satisfied
Case 1023,1,¡,¥£¥£¤,¢¥£¤,0.6,0.75,0.5,Satisfied
Case 1026,1,¡,¢­¥£¤,¢¥£¤,0.8,0.8,0.5,Satisfied
Case 1027,1,¡,¢¥£¤,¢¥£¤,1.0,1.0,0.5,Satisfied
Case 1043,1,¡,¢¥£¤,¢¥£¤,1.0,1.0,0.5,Satisfied
Case 105,1,¡,¢¥£¤,¢¥£¤,1.0,1.0,0.5,Satisfied
Case 1054,1,¡,¢¥£¤,¢¥£¤,1.0,1.0,0.5,Satisfied
Case 1057,1,¡,¢­¥£¤,¢¥£¤,0.8,0.8,0.5,Satisfied
Case 106,1,¡,¥£¤,¢¥£¤,0.75,0.75,0.5,Satisfied
Case 107,1,¡,¢¥£¤,¢¥£¤,1.0,1.0,0.5,Satisfied
Case 1070,1,¡,¢¥£¢¥£¤,¢¥£¤,0.5714285714285714,1.0,0.5,Satisfied
Case 1075,1,¡,¢¥£¤,¢¥£¤,1.0,1.0,0.5,Satisfied
Case 1079,1,¡,¢¥¥£¤,¢¥£¤,0.8,1.0,0.5,Satisfied
Case 1087,1,¡,¢¥£¢¥£¤,¢¥£¤,0.5714285714285714,1.0,0.5,Satisfied
Case 1088,1,¡,¥£¥£¤,¢¥£¤,0.6,0.75,0.5,Satisfied
Case 1096,1,¡,¢¥£¤,¢¥£¤,1.0,1.0,0.5,Satisfied
Case 1101,1,¡,¢¥£¤,¢¥£¤,1.0,1.0,0.5,Satisfied
Case 1102,1,¡,¢¥£¥£¤,¢¥£¤,0.6666666666666667,1.0,0.5,Satisfied
Case 1104,1,¡,¢¥£¤,¢¥£¤,1.0,1.0,0.5,Satisfied
Case 1109,1,¡,¢¥£¤,¢¥£¤,1.0,1.0,0.5,Satisfied
Case 1110,1,¡,¢¥£¤,¢¥£¤,1.0,1.0,0.5,Satisfied
Case 1111,1,¡,¢¥¢£¤,¢¥£¤,0.8,1.0,0.5,Satisfied
Case 1112,1,¡,¢¥¥£¤,¢¥£¤,0.8,1.0,0.5,Satisfied
Case 1113,1,¡,¢¥£¤,¢¥£¤,1.0,1.0,0.5,Satisfied
Case 1116,1,¡,¢¥£¤,¢¥£¤,1.0,1.0,0.5,Satisfied
Case 1122,1,¡,¢¥£¤,¢¥£¤,1.0,1.0,0.5,Satisfied
Case 1124,1,¡,¢¥£¤,¢¥£¤,1.0,1.0,0.5,Satisfied
Case 1129,1,¡,¢¥¢£¤,¢¥£¤,0.8,1.0,0.5,Satisfied
Case 114,1,¡,¢¥¢¥£¤,¢¥£¤,0.6666666666666667,1.0,0.5,Satisfied
Case 1142,1,¡,¢¥­¥£¤,¢¥£¤,0.6666666666666667,0.8,0.5,Satisfied
Case 1144,1,¡,¥£¢­¥£¤,¢¥£¤,0.5714285714285714,0.8,0.5,Satisfied
Case 1145,1,¡,¢¥£¤,¢¥£¤,1.0,1.0,0.5,Satisfied
Case 115,1,¡,¢¥¥£¤,¢¥£¤,0.8,1.0,0.5,Satisfied
Case 1156,1,¡,¢¥£¤,¢¥£¤,1.0,1.0,0.5,Satisfied
Case 1159,1,¡,¢¥£¤,¢¥£¤,1.0,1.0,0.5,Satisfied
Case 1164,1,¡,¢¥£¤,¢¥£¤,1.0,1.0,0.5,Satisfied
Case 1169,1,¡,¥£¤,¢¥£¤,0.75,0.75,0.5,Satisfied
Case 1176,1,¡,¢¥£¤,¢¥£¤,1.0,1.0,0.5,Satisfied
Case 1179,1,¡,¢¥£¤,¢¥£¤,1.0,1.0,0.5,Satisfied
Case 1185,1,¡,¢¥£¤,¢¥£¤,1.0,1.0,0.5,Satisfied
Case 1193,1,¡,¢¥£¤,¢¥£¤,1.0,1.0,0.5,Satisfied
Case 12,1,¡,¢¥£¤,¢¥£¤,1.0,1.0,0.5,Satisfied
Case 1210,1,¡,¥£¤,¢¥£¤,0.75,0.75,0.5,Satisfied
Case 1221,1,¡,¢¥£¤,¢¥£¤,1.0,1.0,0.5,Satisfied
Case 1235,1,¡,¢¥¥£¤,¢¥£¤,0.8,1.0,0.5,Satisfied
Case 1238,1,¡,¢¥­£¤,¢¥£¤,0.8,0.8,0.5,Satisfied
Case 1239,1,¡,¢¥£¤,¢¥£¤,1.0,1.0,0.5,Satisfied
Case 1246,1,¡,¢¥£¤,¢¥£¤,1.0,1.0,0.5,Satisfied
Case 1249,1,§,¥¥¥¥,¡¢£¤,0.0,0.0,0.5,Satisfied
Case 1250,1,¢,¥£¢¥£¤,¥£¤,0.5,0.75,0.5,Satisfied
Case 1254,1,¡,¡¥¥£¤,¢¥£¤,0.6,0.6,0.5,Satisfied
Case 1261,1,¢,¢¥£¤,¥£¤,0.75,0.75,0.5,Satisfied
Case 1269,1,¡,¢¢¥£¤,¢¥£¤,0.8,1.0,0.5,Satisfied
Case 1272,1,¡,¢¥£¤,¢¥£¤,1.0,1.0,0.5,Satisfied
Case 1275,1,¡,¢¥£¤,¢¥£¤,1.0,1.0,0.5,Satisfied
Case 129,1,¡,¥£¤,¢¥£¤,0.75,0.75,0.5,Satisfied
Case 1290,1,¡,¢¥£¤,¢¥£¤,1.0,1.0,0.5,Satisfied
Case 1292,1,¡,¢¥£¤,¢¥£¤,1.0,1.0,0.5,Satisfied
Case 1299,1,¡,¢¥£¤,¢¥£¤,1.0,1.0,0.5,Satisfied
Case 13,1,¡,¢¥£¤,¢¥£¤,1.0,1.0,0.5,Satisfied
Case 1301,1,¡,¢¥£¤,¢¥£¤,1.0,1.0,0.5,Satisfied
Case 1303,1,¡,¢­¥£¤,¢¥£¤,0.8,0.8,0.5,Satisfied
Case 1304,1,¡,¢¥£¤,¢¥£¤,1.0,1.0,0.5,Satisfied
Case 1305,1,¡,¢¥£¤,¢¥£¤,1.0,1.0,0.5,Satisfied
Case 1309,1,¡,¥£¤,¢¥£¤,0.75,0.75,0.5,Satisfied
Case 131,1,¡,¢¥£¤,¢¥£¤,1.0,1.0,0.5,Satisfied
Case 1313,1,¡,¢¥£¤,¢¥£¤,1.0,1.0,0.5,Satisfied
Case 1314,1,¡,¢¦¥£¤,¢¥£¤,0.8,0.8,0.5,Satisfied
Case 1315,1,¡,¢¥£¤,¢¥£¤,1.0,1.0,0.5,Satisfied
Case 1318,1,¡,¢­¥£¤,¢¥£¤,0.8,0.8,0.5,Satisfied
Case 1319,1,¡,¢¥£¤,¢¥£¤,1.0,1.0,0.5,Satisfied
Case 1323,1,¡,¢¥£¤,¢¥£¤,1.0,1.0,0.5,Satisfied
Case 1327,1,¡,¥£¤,¢¥£¤,0.75,0.75,0.5,Satisfied
Case 1330,1,¡,¥£¥£¤,¢¥£¤,0.6,0.75,0.5,Satisfied
Case 1332,1,¡,¢¥£¤,¢¥£¤,1.0,1.0,0.5,Satisfied
Case 1338,1,¡,¥£¤,¢¥£¤,0.75,0.75,0.5,Satisfied
Case 1356,1,¡,¢¥£¤,¢¥£¤,1.0,1.0,0.5,Satisfied
Case 1358,1,¡,¢¥£¤,¢¥£¤,1.0,1.0,0.5,Satisfied
Case 1359,1,§,¥¥,¡¢£¤,0.0,0.0,0.5,Satisfied
Case 1364,1,¡,¢¥­­£¤,¢¥£¤,0.6666666666666667,0.8,0.5,Satisfied
Case 1366,1,¡,¢¥£¤,¢¥£¤,1.0,1.0,0.5,Satisfied
Case 1371,1,¡,¥£¥£¤,¢¥£¤,0.6,0.75,0.5,Satisfied
Case 1375,1,¡,¢¥£¤,¢¥£¤,1.0,1.0,0.5,Satisfied
Case 1384,1,¡,¥£¥£¤,¢¥£¤,0.6,0.75,0.5,Satisfied
Case 1386,1,¡,¢¥£¥£¤,¢¥£¤,0.6666666666666667,1.0,0.5,Satisfied
Case 1387,1,¡,¢¥£¤,¢¥£¤,1.0,1.0,0.5,Satisfied
Case 1388,1,¡,¢­­¥£¤,¢¥£¤,0.6666666666666667,0.8,0.5,Satisfied
Case 1393,1,¡,¡¢¥£¤,¢¥£¤,0.8,0.8,0.5,Satisfied
Case 1396,1,¡,¢¥£¤,¢¥£¤,1.0,1.0,0.5,Satisfied
Case 1397,1,¡,¢¥£¤,¢¥£¤,1.0,1.0,0.5,Satisfied
Case 1398,1,¡,¢¥£¤,¢¥£¤,1.0,1.0,0.5,Satisfied
Case 140,1,¡,¢¥£¤,¢¥£¤,1.0,1.0,0.5,Satisfied
Case 1407,1,¡,¢¥¢¥£¤,¢¥£¤,0.6666666666666667,1.0,0.5,Satisfied
Case 1409,1,¡,¢¥£¤,¢¥£¤,1.0,1.0,0.5,Satisfied
Case 1420,1,¡,¢¨¥£¤,¢¥£¤,0.8,0.8,0.5,Satisfied
Case 143,1,¡,¢¥£¤,¢¥£¤,1.0,1.0,0.5,Satisfied
Case 1432,1,¡,¢¥£¤,¢¥£¤,1.0,1.0,0.5,Satisfied
Case 1433,1,¡,¢¥£¤,¢¥£¤,1.0,1.0,0.5,Satisfied
Case 144,1,¡,¢¥£¤,¢¥£¤,1.0,1.0,0.5,Satisfied
Case 1441,1,¡,¢¥£¤,¢¥£¤,1.0,1.0,0.5,Satisfied
Case 1445,1,¡,¢¥£¤,¢¥£¤,1.0,1.0,0.5,Satisfied
Case 1449,1,¡,¥¢¥£¤,¢¥£¤,0.8,1.0,0.5,Satisfied
Case 145,1,¡,¢­¥£¤,¢¥£¤,0.8,0.8,0.5,Satisfied
Case 1450,1,¡,¢¥£¤,¢¥£¤,1.0,1.0,0.5,Satisfied
Case 1451,1,¡,¢­¥£¥£¤,¢¥£¤,0.5714285714285714,0.8,0.5,Satisfied
Case 1457,1,¡,¢¥£¤,¢¥£¤,1.0,1.0,0.5,Satisfied
Case 1460,1,¡,¢¥¢¥£¤,¢¥£¤,0.6666666666666667,1.0,0.5,Satisfied
Case 1464,1,¡,¢¥£¤,¢¥£¤,1.0,1.0,0.5,Satisfied
Case 1465,1,¡,¢¥£¤,¢¥£¤,1.0,1.0,0.5,Satisfied
Case 1466,1,¡,¢¥£¤,¢¥£¤,1.0,1.0,0.5,Satisfied
Case 147,1,¡,¢¥£¤,¢¥£¤,1.0,1.0,0.5,Satisfied
Case 1471,1,¡,¢­¥£¤,¢¥£¤,0.8,0.8,0.5,Satisfied
Case 1478,1,¡,¡¢¥¢¥£¤,¢¥£¤,0.5714285714285714,0.8,0.5,Satisfied
Case 1484,1,¡,¢¥£¤,¢¥£¤,1.0,1.0,0.5,Satisfied
Case 1487,1,¡,¢¥£¤,¢¥£¤,1.0,1.0,0.5,Satisfied
Case 1495,1,¡,¢­­¥£¤,¢¥£¤,0.6666666666666667,0.8,0.5,Satisfied
Case 15,1,¡,¡¢¥£¤,¢¥£¤,0.8,0.8,0.5,Satisfied
Case 1500,1,¡,¥£¥£¤,¢¥£¤,0.6,0.75,0.5,Satisfied
Case 1501,1,¢,¥£¥£¤,¥£¤,0.6,1.0,0.5,Satisfied
Case 1506,1,¡,¥¥¢£¥£¤,¢¥£¤,0.5714285714285714,1.0,0.5,Satisfied
Case 1507,1,¡,¢¥£¤,¢¥£¤,1.0,1.0,0.5,Satisfied
Case 1509,1,¡,¢¥£¤,¢¥£¤,1.0,1.0,0.5,Satisfied
Case 1510,1,¡,¢¥£¤,¢¥£¤,1.0,1.0,0.5,Satisfied
Case 1519,1,¡,¥£¥£¤,¢¥£¤,0.6,0.75,0.5,Satisfied
Case 1535,1,¡,¡¡¥£¤,¢¥£¤,0.6,0.6,0.5,Satisfied
Case 154,1,¡,¢¥£¤,¢¥£¤,1.0,1.0,0.5,Satisfied
Case 1543,1,¡,¢¥£¤,¢¥£¤,1.0,1.0,0.5,Satisfied
Case 1553,1,¡,¢¥£¤,¢¥£¤,1.0,1.0,0.5,Satisfied
Case 156,1,¡,¢¥£¤,¢¥£¤,1.0,1.0,0.5,Satisfied
Case 1562,1,¡,¢¥£¤,¢¥£¤,1.0,1.0,0.5,Satisfied
Case 1570,1,¡,¢¥£¤,¢¥£¤,1.0,1.0,0.5,Satisfied
Case 1571,1,¡,¢¥¥¥¥¥,¢¥£¤,0.33333333333333337,0.5,0.5,Satisfied
Case 1574,1,¡,¢¥£¤,¢¥£¤,1.0,1.0,0.5,Satisfied
Case 1577,1,§,¡¡¢¥£¤,¡¢£¤,0.6666666666666667,0.8,0.5,Satisfied
Case 1580,1,¡,¢¥£¤,¢¥£¤,1.0,1.0,0.5,Satisfied
Case 1587,1,¡,¢¥£¤,¢¥£¤,1.0,1.0,0.5,Satisfied
Case 1603,1,¡,¥£¥£¤,¢¥£¤,0.6,0.75,0.5,Satisfied
Case 1604,1,¡,¢¥£¤,¢¥£¤,1.0,1.0,0.5,Satisfied
Case 1605,1,¡,¢¢¥£¤,¢¥£¤,0.8,1.0,0.5,Satisfied
Case 1609,1,¡,¢¥£¤,¢¥£¤,1.0,1.0,0.5,Satisfied
Case 1610,1,¡,¢¥£¤,¢¥£¤,1.0,1.0,0.5,Satisfied
Case 1615,1,¡,¢¥£¤,¢¥£¤,1.0,1.0,0.5,Satisfied
Case 1650,1,¡,¦¦¬¬­¥£¤,¢¥£¤,0.375,0.4285714285714286,0.5,Satisfied
Case 1655,1,¡,¢¥£¤,¢¥£¤,1.0,1.0,0.5,Satisfied
Case 1658,1,¡,¢­¥£¤,¢¥£¤,0.8,0.8,0.5,Satisfied
Case 1663,1,¡,¥£¤,¢¥£¤,0.75,0.75,0.5,Satisfied
Case 1664,1,¢,¥£¤,¥£¤,1.0,1.0,0.5,Satisfied
Case 1671,1,¡,¢¥£¤,¢¥£¤,1.0,1.0,0.5,Satisfied
Case 1674,1,¡,¢¥£¤,¢¥£¤,1.0,1.0,0.5,Satisfied
Case 1675,1,¡,¢¥£¤,¢¥£¤,1.0,1.0,0.5,Satisfied
Case 1679,1,¡,¢¥£¤,¢¥£¤,1.0,1.0,0.5,Satisfied
Case 1681,1,¡,¢¥£¤,¢¥£¤,1.0,1.0,0.5,Satisfied
Case 1682,1,¡,¢¥£¤,¢¥£¤,1.0,1.0,0.5,Satisfied
Case 169,1,¡,¥£¤,¢¥£¤,0.75,0.75,0.5,Satisfied
Case 1691,1,§,¡¢¥£¤,¡¢£¤,0.8,0.8,0.5,Satisfied
Case 1697,1,¡,¢¥£¤,¢¥£¤,1.0,1.0,0.5,Satisfied
Case 1704,1,¡,¢¥£¤,¢¥£¤,1.0,1.0,0.5,Satisfied
Case 1709,1,¡,¢¥£¤,¢¥£¤,1.0,1.0,0.5,Satisfied
Case 1711,1,¡,¢¥£¤,¢¥£¤,1.0,1.0,0.5,Satisfied
Case 1718,1,¡,¢¥£¤,¢¥£¤,1.0,1.0,0.5,Satisfied
Case 1723,1,¡,¢¥£¤,¢¥£¤,1.0,1.0,0.5,Satisfied
Case 1730,1,¡,¢¥£¤,¢¥£¤,1.0,1.0,0.5,Satisfied
Case 1735,1,¡,­¥£¥£¤,¢¥£¤,0.5,0.6,0.5,Satisfied
Case 1746,1,¡,¢¥£¤,¢¥£¤,1.0,1.0,0.5,Satisfied
Case 1754,1,¡,¢¥£¤,¢¥£¤,1.0,1.0,0.5,Satisfied
Case 1760,1,¡,¢¥£¢¥¢£¤,¢¥£¤,0.5,1.0,0.5,Satisfied
Case 1761,1,¡,¢¥£¤,¢¥£¤,1.0,1.0,0.5,Satisfied
Case 1764,1,¡,­¥£¥£¤,¢¥£¤,0.5,0.6,0.5,Satisfied
Case 1771,1,¡,¢¥£¤,¢¥£¤,1.0,1.0,0.5,Satisfied
Case 1772,1,¡,¢¥£¤,¢¥£¤,1.0,1.0,0.5,Satisfied
Case 1776,1,¡,¢¥£¤,¢¥£¤,1.0,1.0,0.5,Satisfied
Case 1777,1,¡,¢¥£¤,¢¥£¤,1.0,1.0,0.5,Satisfied
Case 1787,1,¡,¢¥¥£¥£¤,¢¥£¤,0.5714285714285714,1.0,0.5,Satisfied
Case 1788,1,¡,¢¥£¤,¢¥£¤,1.0,1.0,0.5,Satisfied
Case 1791,1,¡,¢¥£¤,¢¥£¤,1.0,1.0,0.5,Satisfied
Case 1792,1,¡,¢¥£¤,¢¥£¤,1.0,1.0,0.5,Satisfied
Case 1795,1,¡,¢¥£¤,¢¥£¤,1.0,1.0,0.5,Satisfied
Case 1799,1,¡,¢­¥£¤,¢¥£¤,0.8,0.8,0.5,Satisfied
Case 18,1,¡,¢¥£¥£¤,¢¥£¤,0.6666666666666667,1.0,0.5,Satisfied
Case 1812,1,¡,¢¥£¤,¢¥£¤,1.0,1.0,0.5,Satisfied
Case 1813,1,¡,¢¥£¤,¢¥£¤,1.0,1.0,0.5,Satisfied
Case 1814,1,¡,¢¥£¤,¢¥£¤,1.0,1.0,0.5,Satisfied
Case 1815,1,¡,¢¥£¤,¢¥£¤,1.0,1.0,0.5,Satisfied
Case 1817,1,¡,¢¥£¤,¢¥£¤,1.0,1.0,0.5,Satisfied
Case 1823,1,¡,¢¥£¤,¢¥£¤,1.0,1.0,0.5,Satisfied
Case 1826,1,¡,¢¥£¤,¢¥£¤,1.0,1.0,0.5,Satisfied
Case 1828,1,¡,¢¥£¤,¢¥£¤,1.0,1.0,0.5,Satisfied
Case 1831,1,¡,¢¥£¤,¢¥£¤,1.0,1.0,0.5,Satisfied
Case 184,1,¡,¢¢¥£¤,¢¥£¤,0.8,1.0,0.5,Satisfied
Case 1843,1,¡,¡¥£¤,¢¥£¤,0.75,0.6,0.5,Satisfied
Case 1848,1,¡,¢¥£¤,¢¥£¤,1.0,1.0,0.5,Satisfied
Case 1858,1,¡,¥£¤,¢¥£¤,0.75,0.75,0.5,Satisfied
Case 1860,1,¡,¢¥£¤,¢¥£¤,1.0,1.0,0.5,Satisfied
Case 1868,1,¡,¢¥£¤,¢¥£¤,1.0,1.0,0.5,Satisfied
Case 1869,1,¡,¢¥£¤,¢¥£¤,1.0,1.0,0.5,Satisfied
Case 1874,1,§,¡¢¥£¤,¡¢£¤,0.8,0.8,0.5,Satisfied
Case 1882,1,¡,¢¥£¤,¢¥£¤,1.0,1.0,0.5,Satisfied
Case 1884,1,¡,¢¥£¤,¢¥£¤,1.0,1.0,0.5,Satisfied
Case 1887,1,¡,¢¥£¤,¢¥£¤,1.0,1.0,0.5,Satisfied
Case 1892,1,¡,¢¥£¤,¢¥£¤,1.0,1.0,0.5,Satisfied
Case 1894,1,¡,¢¥£¤,¢¥£¤,1.0,1.0,0.5,Satisfied
Case 1900,1,¡,¢¥£¤,¢¥£¤,1.0,1.0,0.5,Satisfied
Case 1901,1,¡,¢¥£¤,¢¥£¤,1.0,1.0,0.5,Satisfied
Case 1903,1,¡,¢¥£¤,¢¥£¤,1.0,1.0,0.5,Satisfied
Case 191,1,¡,¡¢¥£¤,¢¥£¤,0.8,0.8,0.5,Satisfied
Case 1915,1,¡,¢¥£¤,¢¥£¤,1.0,1.0,0.5,Satisfied
Case 1916,1,¡,¢¥£¤,¢¥£¤,1.0,1.0,0.5,Satisfied
Case 1918,1,¡,¥£¤,¢¥£¤,0.75,0.75,0.5,Satisfied
Case 192,1,¡,¡¢¥£¤¢¥£¤,¢¥£¤,0.4444444444444444,0.8,0.5,Satisfied
Case 1924,1,¡,¢¥£¤,¢¥£¤,1.0,1.0,0.5,Satisfied
Case 193,1,¡,¢¥£¤,¢¥£¤,1.0,1.0,0.5,Satisfied
Case 1946,1,¡,¢¥£¤,¢¥£¤,1.0,1.0,0.5,Satisfied
Case 1961,1,¡,¢¥£¤,¢¥£¤,1.0,1.0,0.5,Satisfied
Case 1968,1,¡,¢¥£¤,¢¥£¤,1.0,1.0,0.5,Satisfied
Case 1975,1,¡,¢¥£¤,¢¥£¤,1.0,1.0,0.5,Satisfied
Case 1978,1,¡,¥¢¥£¤,¢¥£¤,0.8,1.0,0.5,Satisfied
Case 1980,1,¡,¢¥£¤,¢¥£¤,1.0,1.0,0.5,Satisfied
Case 1987,1,¡,¥£¤,¢¥£¤,0.75,0.75,0.5,Satisfied
Case 20,1,¡,¢¥£¤,¢¥£¤,1.0,1.0,0.5,Satisfied
Case 2007,1,¡,¢­¥£¥£¤,¢¥£¤,0.5714285714285714,0.8,0.5,Satisfied
Case 2013,1,¡,¢¥£¤,¢¥£¤,1.0,1.0,0.5,Satisfied
Case 202,1,¡,¢¥£¤,¢¥£¤,1.0,1.0,0.5,Satisfied
Case 2021,1,¡,¢¥£¤,¢¥£¤,1.0,1.0,0.5,Satisfied
Case 2022,1,¡,¡¡¥£¤,¢¥£¤,0.6,0.6,0.5,Satisfied
Case 2035,1,¡,¢¦­¥£¤,¢¥£¤,0.6666666666666667,0.6666666666666666,0.5,Satisfied
Case 2037,1,¡,¥£¤,¢¥£¤,0.75,0.75,0.5,Satisfied
Case 2050,1,¡,¢¥£¤,¢¥£¤,1.0,1.0,0.5,Satisfied
Case 2059,1,¡,¢¥£¤,¢¥£¤,1.0,1.0,0.5,Satisfied
Case 2062,1,¡,¢¥£¤,¢¥£¤,1.0,1.0,0.5,Satisfied
Case 2068,1,¡,¢¥£¤,¢¥£¤,1.0,1.0,0.5,Satisfied
Case 2074,1,¡,¢¥£¤,¢¥£¤,1.0,1.0,0.5,Satisfied
Case 2081,1,¡,¢­¥£¤,¢¥£¤,0.8,0.8,0.5,Satisfied
Case 2083,1,¡,¢¥£¤,¢¥£¤,1.0,1.0,0.5,Satisfied
Case 2092,1,¡,¢¥£¤,¢¥£¤,1.0,1.0,0.5,Satisfied
Case 2093,1,¡,¢¥£¤,¢¥£¤,1.0,1.0,0.5,Satisfied
Case 2097,1,¡,¢¥£¤,¢¥£¤,1.0,1.0,0.5,Satisfied
Case 210,1,¡,¢¥£¤,¢¥£¤,1.0,1.0,0.5,Satisfied
Case 2103,1,¡,¢¥£¤,¢¥£¤,1.0,1.0,0.5,Satisfied
Case 2104,1,¡,¢­¥£¤,¢¥£¤,0.8,0.8,0.5,Satisfied
Case 2105,1,¡,¢¥£¤,¢¥£¤,1.0,1.0,0.5,Satisfied
Case 2108,1,¡,¢¥£¤,¢¥£¤,1.0,1.0,0.5,Satisfied
Case 211,1,¡,¥£¤,¢¥£¤,0.75,0.75,0.5,Satisfied
Case 2112,1,¡,¢¥£¤,¢¥£¤,1.0,1.0,0.5,Satisfied
Case 2117,1,¡,¥¥£¢¥£¥£¤,¢¥£¤,0.4444444444444444,1.0,0.5,Satisfied
Case 2121,1,¡,¢¥£¤,¢¥£¤,1.0,1.0,0.5,Satisfied
Case 2123,1,¡,¡¢¥£¥£¤,¢¥£¤,0.5714285714285714,0.8,0.5,Satisfied
Case 2125,1,¡,¢¥­,¢¥£¤,0.5,0.4,0.5,Satisfied
Case 2126,1,¡,¢¥£¤,¢¥£¤,1.0,1.0,0.5,Satisfied
Case 2134,1,¡,¥¢£¤,¢¥£¤,0.75,1.0,0.5,Satisfied
Case 2141,1,¡,¢¥£¤,¢¥£¤,1.0,1.0,0.5,Satisfied
Case 2142,1,¡,¢¥£¤,¢¥£¤,1.0,1.0,0.5,Satisfied
Case 2143,1,¡,¢­¥£¤,¢¥£¤,0.8,0.8,0.5,Satisfied
Case 2152,1,¡,¢¥£¤,¢¥£¤,1.0,1.0,0.5,Satisfied
Case 2156,1,¡,¢¥£¤,¢¥£¤,1.0,1.0,0.5,Satisfied
Case 2157,1,¡,¥£¥£¤,¢¥£¤,0.6,0.75,0.5,Satisfied
Case 2163,1,¡,¢¥£¤,¢¥£¤,1.0,1.0,0.5,Satisfied
Case 2167,1,¡,¢¥£¤,¢¥£¤,1.0,1.0,0.5,Satisfied
Case 2168,1,¡,¢¥¥£¤,¢¥£¤,0.8,1.0,0.5,Satisfied
Case 2172,1,¡,¢¥£¤,¢¥£¤,1.0,1.0,0.5,Satisfied
Case 2176,1,¡,¢¥£¤,¢¥£¤,1.0,1.0,0.5,Satisfied
Case 2177,1,¡,¥¥£¤,¢¥£¤,0.75,0.75,0.5,Satisfied
Case 2183,1,¡,¢¥£¤,¢¥£¤,1.0,1.0,0.5,Satisfied
Case 2187,1,¡,¢¥£¤,¢¥£¤,1.0,1.0,0.5,Satisfied
Case 2191,1,¡,¢¥£¤,¢¥£¤,1.0,1.0,0.5,Satisfied
Case 2197,1,¡,¢¥£¤,¢¥£¤,1.0,1.0,0.5,Satisfied
Case 2201,1,¡,¢¥£¤,¢¥£¤,1.0,1.0,0.5,Satisfied
Case 2203,1,¡,¢¥£¤,¢¥£¤,1.0,1.0,0.5,Satisfied
Case 2210,1,¡,¢¥£¤,¢¥£¤,1.0,1.0,0.5,Satisfied
Case 2211,1,¡,¢¥£¤,¢¥£¤,1.0,1.0,0.5,Satisfied
Case 2215,1,¡,¢¥£¤,¢¥£¤,1.0,1.0,0.5,Satisfied
Case 2219,1,¡,¢¥¢£¤,¢¥£¤,0.8,1.0,0.5,Satisfied
Case 2220,1,¡,¢¥£¤,¢¥£¤,1.0,1.0,0.5,Satisfied
Case 2227,1,¡,¥£¥£¤,¢¥£¤,0.6,0.75,0.5,Satisfied
Case 2228,1,¡,¢¥£¤,¢¥£¤,1.0,1.0,0.5,Satisfied
Case 2229,1,¡,¥£¤,¢¥£¤,0.75,0.75,0.5,Satisfied
Case 2232,1,¡,¥£¤,¢¥£¤,0.75,0.75,0.5,Satisfied
Case 2236,1,¡,¢¥£¤,¢¥£¤,1.0,1.0,0.5,Satisfied
Case 2239,1,¡,¢¥£¥£¢¥£¤,¢¥£¤,0.4444444444444444,1.0,0.5,Satisfied
Case 2245,1,¡,¢¥£¤,¢¥£¤,1.0,1.0,0.5,Satisfied
Case 2253,1,¢,¥£¤,¥£¤,1.0,1.0,0.5,Satisfied
Case 2256,1,¡,¥£¤,¢¥£¤,0.75,0.75,0.5,Satisfied
Case 2267,1,¡,¢¥£¤,¢¥£¤,1.0,1.0,0.5,Satisfied
Case 2268,1,¡,¢¥£¤,¢¥£¤,1.0,1.0,0.5,Satisfied
Case 2279,1,¡,¢¥£¤,¢¥£¤,1.0,1.0,0.5,Satisfied
Case 2285,1,¡,¥¢¥£¤,¢¥£¤,0.8,1.0,0.5,Satisfied
Case 2290,1,¡,¢¥£¤,¢¥£¤,1.0,1.0,0.5,Satisfied
Case 2296,1,¡,¢¥£¤,¢¥£¤,1.0,1.0,0.5,Satisfied
Case 23,1,¡,¢¥£¤,¢¥£¤,1.0,1.0,0.5,Satisfied
Case 230,1,¡,¡¢¥£¤,¢¥£¤,0.8,0.8,0.5,Satisfied
Case 2300,1,¡,¢­­¦­,¢¥£¤,0.19999999999999996,0.16666666666666663,0.5,Satisfied
Case 2302,1,¡,¢¥£¤,¢¥£¤,1.0,1.0,0.5,Satisfied
Case 2308,1,¡,¢¥£¤,¢¥£¤,1.0,1.0,0.5,Satisfied
Case 2315,1,¡,¢¥£¤,¢¥£¤,1.0,1.0,0.5,Satisfied
Case 232,1,¡,¢¥¥£¥£¤,¢¥£¤,0.5714285714285714,1.0,0.5,Satisfied
Case 2322,1,¡,¢¥£¤,¢¥£¤,1.0,1.0,0.5,Satisfied
Case 2328,1,¡,¢¥£¤,¢¥£¤,1.0,1.0,0.5,Satisfied
Case 233,1,¡,¢¥£¤,¢¥£¤,1.0,1.0,0.5,Satisfied
Case 2330,1,¡,¢¥£¤,¢¥£¤,1.0,1.0,0.5,Satisfied
Case 2335,1,¡,¢¥£¤,¢¥£¤,1.0,1.0,0.5,Satisfied
Case 2342,1,¡,¢¥¥£¤,¢¥£¤,0.8,1.0,0.5,Satisfied
Case 2346,1,§,¡¢¥£¤,¡¢£¤,0.8,0.8,0.5,Satisfied
Case 2348,1,¡,¢¥£¤,¢¥£¤,1.0,1.0,0.5,Satisfied
Case 235,1,§,¡¢¥£¤,¡¢£¤,0.8,0.8,0.5,Satisfied
Case 2356,1,¡,¢¥¥£¤,¢¥£¤,0.8,1.0,0.5,Satisfied
Case 2362,1,¢,¥£¤,¥£¤,1.0,1.0,0.5,Satisfied
Case 2367,1,¡,¢¥£¤,¢¥£¤,1.0,1.0,0.5,Satisfied
Case 2368,1,¡,¢¥£¥£¥£­¢¥£¤,¢¥£¤,0.33333333333333337,0.8,0.5,Satisfied
Case 237,1,¡,¢­¥£¤,¢¥£¤,0.8,0.8,0.5,Satisfied
Case 2374,1,¡,¢¥£¤,¢¥£¤,1.0,1.0,0.5,Satisfied
Case 2375,1,¡,¡¡¢¥£¤,¢¥£¤,0.6666666666666667,0.8,0.5,Satisfied
Case 2380,1,¡,¢¥¢£¤,¢¥£¤,0.8,1.0,0.5,Satisfied
Case 2381,1,¡,¡¡¥£¥£¤,¢¥£¤,0.4285714285714286,0.6,0.5,Satisfied
Case 2390,1,¡,¢¥£¤,¢¥£¤,1.0,1.0,0.5,Satisfied
Case 2391,1,¡,¢¥£¤,¢¥£¤,1.0,1.0,0.5,Satisfied
Case 2398,1,¡,¢¥£¤,¢¥£¤,1.0,1.0,0.5,Satisfied
Case 2399,1,¡,¢¢¥£¤,¢¥£¤,0.8,1.0,0.5,Satisfied
Case 2403,1,¡,¢¥£¤,¢¥£¤,1.0,1.0,0.5,Satisfied
Case 2415,1,¡,¢¥£¤,¢¥£¤,1.0,1.0,0.5,Satisfied
Case 2417,1,¡,¢¥­£¤,¢¥£¤,0.8,0.8,0.5,Satisfied
Case 242,1,¡,¢¥£¤,¢¥£¤,1.0,1.0,0.5,Satisfied
Case 2431,1,¡,¢¥£¤,¢¥£¤,1.0,1.0,0.5,Satisfied
Case 2432,1,¡,¢¥£¤,¢¥£¤,1.0,1.0,0.5,Satisfied
Case 2436,1,¡,¥£¤¢,¢¥£¤,0.5,1.0,0.5,Satisfied
Case 2447,1,¡,¢¢¥£¤,¢¥£¤,0.8,1.0,0.5,Satisfied
Case 2448,1,¡,¢¥£¤,¢¥£¤,1.0,1.0,0.5,Satisfied
Case 2451,1,¡,¢¦­­¥£,¢¥£¤,0.33333333333333337,0.5,0.5,Satisfied
Case 2452,1,¡,¢¥£¤,¢¥£¤,1.0,1.0,0.5,Satisfied
Case 2455,1,¡,¢¥£¤,¢¥£¤,1.0,1.0,0.5,Satisfied
Case 2458,1,¡,¢¥£¤,¢¥£¤,1.0,1.0,0.5,Satisfied
Case 2465,1,¡,¢¥£¤,¢¥£¤,1.0,1.0,0.5,Satisfied
Case 2466,1,¡,¢­­¥£¤,¢¥£¤,0.6666666666666667,0.8,0.5,Satisfied
Case 247,1,§,¢¥£¤,¡¢£¤,0.5,0.6,0.5,Satisfied
Case 2473,1,¡,¢¥¢¥£¤,¢¥£¤,0.6666666666666667,1.0,0.5,Satisfied
Case 2474,1,¡,¢¥£¤,¢¥£¤,1.0,1.0,0.5,Satisfied
Case 2476,1,¡,¢­¥£¤,¢¥£¤,0.8,0.8,0.5,Satisfied
Case 2481,1,¡,¢­¥£¤,¢¥£¤,0.8,0.8,0.5,Satisfied
Case 2490,1,¡,¡¢¥£¤,¢¥£¤,0.8,0.8,0.5,Satisfied
Case 2492,1,¡,¢¥£¤,¢¥£¤,1.0,1.0,0.5,Satisfied
Case 2498,1,¡,¢¥£¤,¢¥£¤,1.0,1.0,0.5,Satisfied
Case 2499,1,¡,¢¥£¤,¢¥£¤,1.0,1.0,0.5,Satisfied
Case 2504,1,¡,¢¥£¤,¢¥£¤,1.0,1.0,0.5,Satisfied
Case 2508,1,¡,¢¥£¤,¢¥£¤,1.0,1.0,0.5,Satisfied
Case 2512,1,¡,¢¥£¥£¤,¢¥£¤,0.6666666666666667,1.0,0.5,Satisfied
Case 2514,1,¡,¢¥¥£¤,¢¥£¤,0.8,1.0,0.5,Satisfied
Case 2522,1,¡,¢¥£¥£¤,¢¥£¤,0.6666666666666667,1.0,0.5,Satisfied
Case 253,1,¡,¢¥£¤,¢¥£¤,1.0,1.0,0.5,Satisfied
Case 2530,1,¡,¢¥£¤,¢¥£¤,1.0,1.0,0.5,Satisfied
Case 2534,1,¡,¢¥£¤,¢¥£¤,1.0,1.0,0.5,Satisfied
Case 2541,1,¢,¥£¤,¥£¤,1.0,1.0,0.5,Satisfied
Case 2550,1,¡,¢¥¥£¥£¤,¢¥£¤,0.5714285714285714,1.0,0.5,Satisfied
Case 2555,1,¡,¢¥£¤,¢¥£¤,1.0,1.0,0.5,Satisfied
Case 2558,1,¡,¢¥£¤,¢¥£¤,1.0,1.0,0.5,Satisfied
Case 2569,1,¡,¢¥£¤,¢¥£¤,1.0,1.0,0.5,Satisfied
Case 2571,1,¡,¢¥£¤,¢¥£¤,1.0,1.0,0.5,Satisfied
Case 2577,1,¡,¢¥£¤,¢¥£¤,1.0,1.0,0.5,Satisfied
Case 2581,1,¡,¡¢¥£¤,¢¥£¤,0.8,0.8,0.5,Satisfied
Case 2585,1,¡,¢¥£¤,¢¥£¤,1.0,1.0,0.5,Satisfied
Case 2591,1,¡,¢¥£¤,¢¥£¤,1.0,1.0,0.5,Satisfied
Case 2593,1,¡,­¥£¤,¢¥£¤,0.75,0.6,0.5,Satisfied
Case 2596,1,¡,¢¥£¤,¢¥£¤,1.0,1.0,0.5,Satisfied
Case 2598,1,¡,¢¥£¤,¢¥£¤,1.0,1.0,0.5,Satisfied
Case 2599,1,¡,¢¥£¤,¢¥£¤,1.0,1.0,0.5,Satisfied
Case 2603,1,¡,¢¥£¤,¢¥£¤,1.0,1.0,0.5,Satisfied
Case 2607,1,¡,¢¥£¤,¢¥£¤,1.0,1.0,0.5,Satisfied
Case 2609,1,¡,¢¥£¤,¢¥£¤,1.0,1.0,0.5,Satisfied
Case 261,1,¡,¢¥£¤,¢¥£¤,1.0,1.0,0.5,Satisfied
Case 2611,1,¡,¢¥£¤,¢¥£¤,1.0,1.0,0.5,Satisfied
Case 2613,1,¡,¢¥¥¥£¥£¤,¢¥£¤,0.5,1.0,0.5,Satisfied
Case 2614,1,¡,¢¥£¤,¢¥£¤,1.0,1.0,0.5,Satisfied
Case 2616,1,¡,¥£¤,¢¥£¤,0.75,0.75,0.5,Satisfied
Case 262,1,¡,¢¥£¥£¤,¢¥£¤,0.6666666666666667,1.0,0.5,Satisfied
Case 2620,1,¡,¢­¥£¤,¢¥£¤,0.8,0.8,0.5,Satisfied
Case 2622,1,¢,¥£¤,¥£¤,1.0,1.0,0.5,Satisfied
Case 2625,1,¡,¢¥£¤,¢¥£¤,1.0,1.0,0.5,Satisfied
Case 2631,1,¡,¢¥£¤,¢¥£¤,1.0,1.0,0.5,Satisfied
Case 2634,1,¡,¢¥£¤,¢¥£¤,1.0,1.0,0.5,Satisfied
Case 2643,1,¡,¥£¤,¢¥£¤,0.75,0.75,0.5,Satisfied
Case 265,1,¡,¢¥£¤,¢¥£¤,1.0,1.0,0.5,Satisfied
Case 2659,1,¡,¢¥¥¢£¤,¢¥£¤,0.6666666666666667,1.0,0.5,Satisfied
Case 2665,1,¡,¢¥£¤,¢¥£¤,1.0,1.0,0.5,Satisfied
Case 2666,1,¡,¡¢¥¥£¤,¢¥£¤,0.6666666666666667,0.8,0.5,Satisfied
Case 2667,1,¡,¢¥¥£¢¥£¤,¢¥£¤,0.5,1.0,0.5,Satisfied
Case 2668,1,¡,¡¢­¥£¤,¢¥£¤,0.6666666666666667,0.6666666666666666,0.5,Satisfied
Case 2674,1,¡,¢¥¢£¤,¢¥£¤,0.8,1.0,0.5,Satisfied
Case 2676,1,¡,¢¥£¤,¢¥£¤,1.0,1.0,0.5,Satisfied
Case 2681,1,¡,¢¥£¤,¢¥£¤,1.0,1.0,0.5,Satisfied
Case 2686,1,¢,¥£¤,¥£¤,1.0,1.0,0.5,Satisfied
Case 2700,1,¡,¢¥£¤,¢¥£¤,1.0,1.0,0.5,Satisfied
Case 2713,1,¡,¢¥£¤,¢¥£¤,1.0,1.0,0.5,Satisfied
Case 2714,1,¡,¢¥£¤,¢¥£¤,1.0,1.0,0.5,Satisfied
Case 2716,1,¡,¢¥£¤,¢¥£¤,1.0,1.0,0.5,Satisfied
Case 2720,1,¡,¢­¥£¤,¢¥£¤,0.8,0.8,0.5,Satisfied
Case 2721,1,¡,¢¥£¤,¢¥£¤,1.0,1.0,0.5,Satisfied
Case 2734,1,¡,¢¥£¤,¢¥£¤,1.0,1.0,0.5,Satisfied
Case 2741,1,¡,¢¥£¤,¢¥£¤,1.0,1.0,0.5,Satisfied
Case 2765,1,¡,¢¥¥£¤,¢¥£¤,0.8,1.0,0.5,Satisfied
Case 2770,1,¡,¢¥£¤,¢¥£¤,1.0,1.0,0.5,Satisfied
Case 2774,1,¡,¥£¥£¢¥£¤,¢¥£¤,0.5,1.0,0.5,Satisfied
Case 2776,1,¢,¥¢¥£¤,¥£¤,0.6,0.75,0.5,Satisfied
Case 2777,1,¡,¢¥£¤,¢¥£¤,1.0,1.0,0.5,Satisfied
Case 2788,1,¡,¢¥£¤,¢¥£¤,1.0,1.0,0.5,Satisfied
Case 2789,1,¡,¢¥£¤,¢¥£¤,1.0,1.0,0.5,Satisfied
Case 2791,1,¡,¢¥£¤,¢¥£¤,1.0,1.0,0.5,Satisfied
Case 2797,1,¢,¥£¤,¥£¤,1.0,1.0,0.5,Satisfied
Case 28,1,¡,¢¦­­¥£,¢¥£¤,0.33333333333333337,0.5,0.5,Satisfied
Case 2814,1,¡,¢¥£¤,¢¥£¤,1.0,1.0,0.5,Satisfied
Case 282,1,¡,¢¥£¤,¢¥£¤,1.0,1.0,0.5,Satisfied
Case 2826,1,¡,¢¥£¤,¢¥£¤,1.0,1.0,0.5,Satisfied
Case 2834,1,¡,¢¥£¤,¢¥£¤,1.0,1.0,0.5,Satisfied
Case 2839,1,¡,¢¥£¤,¢¥£¤,1.0,1.0,0.5,Satisfied
Case 2847,1,¡,¢¥£¤,¢¥£¤,1.0,1.0,0.5,Satisfied
Case 2848,1,¡,¢¥£¤,¢¥£¤,1.0,1.0,0.5,Satisfied
Case 2849,1,¡,¥£¥£¤,¢¥£¤,0.6,0.75,0.5,Satisfied
Case 2851,1,¡,¢¥£¤,¢¥£¤,1.0,1.0,0.5,Satisfied
Case 2854,1,¡,¢¥£¤,¢¥£¤,1.0,1.0,0.5,Satisfied
Case 286,1,¡,¢¥£¤,¢¥£¤,1.0,1.0,0.5,Satisfied
Case 2860,1,¡,¢¥£¤,¢¥£¤,1.0,1.0,0.5,Satisfied
Case 2866,1,¡,¢¥£¤,¢¥£¤,1.0,1.0,0.5,Satisfied
Case 2873,1,¡,¢¥£¤,¢¥£¤,1.0,1.0,0.5,Satisfied
Case 2875,1,¡,¢¥£¤,¢¥£¤,1.0,1.0,0.5,Satisfied
Case 2881,1,¡,­­¥£¤,¢¥£¤,0.6,0.6,0.5,Satisfied
Case 2891,1,¡,¢¥£¤,¢¥£¤,1.0,1.0,0.5,Satisfied
Case 2897,1,¡,¢­¢¥£¤,¢¥£¤,0.6666666666666667,0.8,0.5,Satisfied
Case 2905,1,¡,¢¥£¤,¢¥£¤,1.0,1.0,0.5,Satisfied
Case 2908,1,¡,¢¥£¤,¢¥£¤,1.0,1.0,0.5,Satisfied
Case 2910,1,¡,¢¥£¤,¢¥£¤,1.0,1.0,0.5,Satisfied
Case 2918,1,¡,¢­¢¥£¤,¢¥£¤,0.6666666666666667,0.8,0.5,Satisfied
Case 292,1,¡,¢¥£¤,¢¥£¤,1.0,1.0,0.5,Satisfied
Case 2931,1,¡,¢¥­£¥£¤,¢¥£¤,0.5714285714285714,0.8,0.5,Satisfied
Case 2932,1,¡,¢¥£¤,¢¥£¤,1.0,1.0,0.5,Satisfied
Case 2934,1,¡,¢¥£¤,¢¥£¤,1.0,1.0,0.5,Satisfied
Case 2949,1,¡,¢¥£¤,¢¥£¤,1.0,1.0,0.5,Satisfied
Case 2956,1,¡,¥£¤,¢¥£¤,0.75,0.75,0.5,Satisfied
Case 296,1,¡,¢¥£¤,¢¥£¤,1.0,1.0,0.5,Satisfied
Case 2962,1,¡,¢¥£¤,¢¥£¤,1.0,1.0,0.5,Satisfied
Case 2964,1,¡,¢¥£¤,¢¥£¤,1.0,1.0,0.5,Satisfied
Case 2966,1,¡,¢¥£¤,¢¥£¤,1.0,1.0,0.5,Satisfied
Case 2968,1,¡,¢¥£¤,¢¥£¤,1.0,1.0,0.5,Satisfied
Case 2970,1,¡,¢­¥£¤,¢¥£¤,0.8,0.8,0.5,Satisfied
Case 2971,1,¡,¢¥£¤,¢¥£¤,1.0,1.0,0.5,Satisfied
Case 2975,1,¡,¥¡¢¥¥¢£¤,¢¥£¤,0.5,0.8,0.5,Satisfied
Case 2981,1,¡,¡¢­­¥£¤,¢¥£¤,0.5714285714285714,0.6666666666666666,0.5,Satisfied
Case 2984,1,¡,¢¥£¥£¤,¢¥£¤,0.6666666666666667,1.0,0.5,Satisfied
Case 2988,1,¡,¥£¥£¤,¢¥£¤,0.6,0.75,0.5,Satisfied
Case 299,1,¡,¢¥£¤,¢¥£¤,1.0,1.0,0.5,Satisfied
Case 2992,1,¡,¢¥£¤,¢¥£¤,1.0,1.0,0.5,Satisfied
Case 3002,1,¡,¢¥£¤,¢¥£¤,1.0,1.0,0.5,Satisfied
Case 3008,1,¡,¢¥£¤,¢¥£¤,1.0,1.0,0.5,Satisfied
Case 3009,1,¡,¢¥¢£¤,¢¥£¤,0.8,1.0,0.5,Satisfied
Case 3010,1,¡,¢¥£¤,¢¥£¤,1.0,1.0,0.5,Satisfied
Case 3013,1,¡,¢¢¥£¤,¢¥£¤,0.8,1.0,0.5,Satisfied
Case 3015,1,¡,¢­¥£¤,¢¥£¤,0.8,0.8,0.5,Satisfied
Case 3016,1,¡,¡¢¥£¤,¢¥£¤,0.8,0.8,0.5,Satisfied
Case 3021,1,¡,¢¥£¤,¢¥£¤,1.0,1.0,0.5,Satisfied
Case 3027,1,¡,¢¥£¤,¢¥£¤,1.0,1.0,0.5,Satisfied
Case 3034,1,¡,¢¥£¤,¢¥£¤,1.0,1.0,0.5,Satisfied
Case 3035,1,¡,¢¥£¤,¢¥£¤,1.0,1.0,0.5,Satisfied
Case 3037,1,¡,¢¥£¤,¢¥£¤,1.0,1.0,0.5,Satisfied
Case 3038,1,¡,¢¥¢¥£¤,¢¥£¤,0.6666666666666667,1.0,0.5,Satisfied
Case 3043,1,¡,¢¥£¤,¢¥£¤,1.0,1.0,0.5,Satisfied
Case 3044,1,¡,¢¥£¤,¢¥£¤,1.0,1.0,0.5,Satisfied
Case 3046,1,¡,¥£¤,¢¥£¤,0.75,0.75,0.5,Satisfied
Case 3056,1,¡,¢¥£¤,¢¥£¤,1.0,1.0,0.5,Satisfied
Case 3058,1,¡,¢­¥£¥£¤,¢¥£¤,0.5714285714285714,0.8,0.5,Satisfied
Case 3059,1,¡,¢­¥£¤,¢¥£¤,0.8,0.8,0.5,Satisfied
Case 3061,1,¡,¢­¥£¤,¢¥£¤,0.8,0.8,0.5,Satisfied
Case 3071,1,¡,¢¦­¥£¤,¢¥£¤,0.6666666666666667,0.6666666666666666,0.5,Satisfied
Case 3073,1,¡,¢¥£¤,¢¥£¤,1.0,1.0,0.5,Satisfied
Case 3077,1,¡,­¥£¤,¢¥£¤,0.75,0.6,0.5,Satisfied
Case 3078,1,¡,¢¥£¤,¢¥£¤,1.0,1.0,0.5,Satisfied
Case 308,1,¡,¢¥£¤,¢¥£¤,1.0,1.0,0.5,Satisfied
Case 3082,1,¡,¡¢¥£¤,¢¥£¤,0.8,0.8,0.5,Satisfied
Case 3083,1,¡,¢¥£¤,¢¥£¤,1.0,1.0,0.5,Satisfied
Case 3086,1,¡,¢¥£¤,¢¥£¤,1.0,1.0,0.5,Satisfied
Case 3095,1,¡,¢¥£¤,¢¥£¤,1.0,1.0,0.5,Satisfied
Case 31,1,¡,¢¦­¥£¤,¢¥£¤,0.6666666666666667,0.6666666666666666,0.5,Satisfied
Case 3103,1,¡,¢­¥£¤,¢¥£¤,0.8,0.8,0.5,Satisfied
Case 3112,1,¡,¢¥£¤,¢¥£¤,1.0,1.0,0.5,Satisfied
Case 3113,1,¡,¢¥¥¢¥£¤,¢¥£¤,0.5714285714285714,1.0,0.5,Satisfied
Case 3118,1,¡,¢¥¥¦£¤,¢¥£¤,0.6666666666666667,0.8,0.5,Satisfied
Case 3121,1,¡,¢¥£¡¢¥£¤,¢¥£¤,0.5,0.8,0.5,Satisfied
Case 3126,1,¡,¢¥£¤,¢¥£¤,1.0,1.0,0.5,Satisfied
Case 3128,1,¡,¢¥£¤,¢¥£¤,1.0,1.0,0.5,Satisfied
Case 313,1,¡,¢¥­¥£¥£¤,¢¥£¤,0.5,0.8,0.5,Satisfied
Case 3139,1,¡,¢­¢¥£¤,¢¥£¤,0.6666666666666667,0.8,0.5,Satisfied
Case 3142,1,¡,¢¥£¤,¢¥£¤,1.0,1.0,0.5,Satisfied
Case 3145,1,¡,¢¥£¤,¢¥£¤,1.0,1.0,0.5,Satisfied
Case 3148,1,¢,¥£¤,¥£¤,1.0,1.0,0.5,Satisfied
Case 317,1,¡,¢­¥£¤,¢¥£¤,0.8,0.8,0.5,Satisfied
Case 3172,1,¡,¢¥£¤,¢¥£¤,1.0,1.0,0.5,Satisfied
Case 3176,1,¡,¢­¥£¤,¢¥£¤,0.8,0.8,0.5,Satisfied
Case 3180,1,¡,¢¥£¤,¢¥£¤,1.0,1.0,0.5,Satisfied
Case 3182,1,¡,¢¥£¤,¢¥£¤,1.0,1.0,0.5,Satisfied
Case 3184,1,¡,¢¥£¤,¢¥£¤,1.0,1.0,0.5,Satisfied
Case 3186,1,¡,¢¥£¤,¢¥£¤,1.0,1.0,0.5,Satisfied
Case 3188,1,¡,¢¥£¤,¢¥£¤,1.0,1.0,0.5,Satisfied
Case 3192,1,¡,¢¦¥£¤,¢¥£¤,0.8,0.8,0.5,Satisfied
Case 3212,1,¡,¢¥£¤,¢¥£¤,1.0,1.0,0.5,Satisfied
Case 3214,1,¡,¢¦¥£¤,¢¥£¤,0.8,0.8,0.5,Satisfied
Case 3222,1,¡,¢¥£¤,¢¥£¤,1.0,1.0,0.5,Satisfied
Case 3226,1,¡,¥£¤,¢¥£¤,0.75,0.75,0.5,Satisfied
Case 3229,1,¡,¢¥£¤,¢¥£¤,1.0,1.0,0.5,Satisfied
Case 323,1,¡,¢¥£¤,¢¥£¤,1.0,1.0,0.5,Satisfied
Case 3231,1,¡,¢¥£¤,¢¥£¤,1.0,1.0,0.5,Satisfied
Case 3233,1,¡,¢¥£¤,¢¥£¤,1.0,1.0,0.5,Satisfied
Case 3239,1,¡,¥£¤,¢¥£¤,0.75,0.75,0.5,Satisfied
Case 324,1,¢,¥£¤,¥£¤,1.0,1.0,0.5,Satisfied
Case 3240,1,¡,¢¥£¤,¢¥£¤,1.0,1.0,0.5,Satisfied
Case 3249,1,¡,¢­­¢¥£¥£¤,¢¥£¤,0.4444444444444444,0.8,0.5,Satisfied
Case 3251,1,¡,¢¥£¤,¢¥£¤,1.0,1.0,0.5,Satisfied
Case 3253,1,¡,¢¥£¤,¢¥£¤,1.0,1.0,0.5,Satisfied
Case 3254,1,¡,¢¥,¢¥£¤,0.5,0.5,0.5,Satisfied
Case 326,1,¡,¢­­¥£¤,¢¥£¤,0.6666666666666667,0.8,0.5,Satisfied
Case 3260,1,¡,¢¥£¤,¢¥£¤,1.0,1.0,0.5,Satisfied
Case 3262,1,¡,¢¥£¤,¢¥£¤,1.0,1.0,0.5,Satisfied
Case 3273,1,¡,¢¥£¤,¢¥£¤,1.0,1.0,0.5,Satisfied
Case 3276,1,¡,¢­¥£¤,¢¥£¤,0.8,0.8,0.5,Satisfied
Case 3288,1,¡,¢¥£¥£¤,¢¥£¤,0.6666666666666667,1.0,0.5,Satisfied
Case 3289,1,¡,¢¥£¤,¢¥£¤,1.0,1.0,0.5,Satisfied
Case 3294,1,¡,¢¥¢£¤,¢¥£¤,0.8,1.0,0.5,Satisfied
Case 33,1,¡,¢¥£¤,¢¥£¤,1.0,1.0,0.5,Satisfied
Case 331,1,¡,¢­¥£¤,¢¥£¤,0.8,0.8,0.5,Satisfied
Case 3314,1,¡,¢¥£¤,¢¥£¤,1.0,1.0,0.5,Satisfied
Case 3315,1,¡,¢¥£¤,¢¥£¤,1.0,1.0,0.5,Satisfied
Case 332,1,¡,¢¥£¤,¢¥£¤,1.0,1.0,0.5,Satisfied
Case 3323,1,¡,¢¦­­¥£,¢¥£¤,0.33333333333333337,0.5,0.5,Satisfied
Case 3324,1,¡,¢¥£¤,¢¥£¤,1.0,1.0,0.5,Satisfied
Case 333,1,¡,¢¥£¤,¢¥£¤,1.0,1.0,0.5,Satisfied
Case 3331,1,¡,¢¥£¤,¢¥£¤,1.0,1.0,0.5,Satisfied
Case 3334,1,¡,¢¥£¤,¢¥£¤,1.0,1.0,0.5,Satisfied
Case 3336,1,¡,¢¥£¤,¢¥£¤,1.0,1.0,0.5,Satisfied
Case 3338,1,¡,­¥£¤,¢¥£¤,0.75,0.6,0.5,Satisfied
Case 3341,1,¡,¢¥£¤,¢¥£¤,1.0,1.0,0.5,Satisfied
Case 3344,1,¡,¥£¥£¢¥£¥£¤,¢¥£¤,0.4,1.0,0.5,Satisfied
Case 3349,1,¡,¢¥£¤,¢¥£¤,1.0,1.0,0.5,Satisfied
Case 3351,1,¡,¢¥£¥£¤,¢¥£¤,0.6666666666666667,1.0,0.5,Satisfied
Case 3357,1,¡,¢¥£¤,¢¥£¤,1.0,1.0,0.5,Satisfied
Case 3358,1,¡,¢­¥£¤,¢¥£¤,0.8,0.8,0.5,Satisfied
Case 3360,1,¡,¢¥£¤,¢¥£¤,1.0,1.0,0.5,Satisfied
Case 3362,1,¡,¢¥£¤,¢¥£¤,1.0,1.0,0.5,Satisfied
Case 337,1,¡,¢¥£¤,¢¥£¤,1.0,1.0,0.5,Satisfied
Case 3372,1,¡,¢¥£¤,¢¥£¤,1.0,1.0,0.5,Satisfied
Case 3373,1,¡,¢¥£¤,¢¥£¤,1.0,1.0,0.5,Satisfied
Case 3376,1,¡,¢¥£¤,¢¥£¤,1.0,1.0,0.5,Satisfied
Case 3382,1,¡,¢¥£¤,¢¥£¤,1.0,1.0,0.5,Satisfied
Case 3398,1,¡,¢¥£¤,¢¥£¤,1.0,1.0,0.5,Satisfied
Case 34,1,¡,¢¥¥£¤,¢¥£¤,0.8,1.0,0.5,Satisfied
Case 3403,1,¡,¢¥£¤,¢¥£¤,1.0,1.0,0.5,Satisfied
Case 3409,1,¡,¢¦¬¬­,¢¥£¤,0.19999999999999996,0.1428571428571428,0.5,Satisfied
Case 3413,1,¡,¢¥£¤,¢¥£¤,1.0,1.0,0.5,Satisfied
Case 3416,1,¡,¥£¤,¢¥£¤,0.75,0.75,0.5,Satisfied
Case 3418,1,¡,¢­¥£¤,¢¥£¤,0.8,0.8,0.5,Satisfied
Case 3419,1,¡,¢¥£¤,¢¥£¤,1.0,1.0,0.5,Satisfied
Case 3426,1,¡,¢¥£¤,¢¥£¤,1.0,1.0,0.5,Satisfied
Case 3428,1,¡,¢¥£¤,¢¥£¤,1.0,1.0,0.5,Satisfied
Case 343,1,¡,¢¥£¤,¢¥£¤,1.0,1.0,0.5,Satisfied
Case 3436,1,¡,¢¥¥¥¥£¤,¢¥£¤,0.5714285714285714,1.0,0.5,Satisfied
Case 3439,1,¢,¥£¢¥¢¥£¤,¥£¤,0.375,0.75,0.5,Satisfied
Case 3440,1,¡,¢¥£¤,¢¥£¤,1.0,1.0,0.5,Satisfied
Case 3442,1,¡,¢¥£¤,¢¥£¤,1.0,1.0,0.5,Satisfied
Case 3443,1,¡,¢­¥£,¢¥£¤,0.5,0.6,0.5,Satisfied
Case 3444,1,¡,¦¦¬¬­¥£¤,¢¥£¤,0.375,0.4285714285714286,0.5,Satisfied
Case 3448,1,¡,¢¥£¤,¢¥£¤,1.0,1.0,0.5,Satisfied
Case 3449,1,¡,¡¢¥£¤,¢¥£¤,0.8,0.8,0.5,Satisfied
Case 345,1,¡,¢¥£¤,¢¥£¤,1.0,1.0,0.5,Satisfied
Case 3454,1,¡,¢¢¥£¤,¢¥£¤,0.8,1.0,0.5,Satisfied
Case 346,1,¡,¥¥£¤,¢¥£¤,0.75,0.75,0.5,Satisfied
Case 3462,1,¡,¢¥£¤,¢¥£¤,1.0,1.0,0.5,Satisfied
Case 3465,1,¡,¢¥£¤,¢¥£¤,1.0,1.0,0.5,Satisfied
Case 3475,1,¡,¢¥£¤,¢¥£¤,1.0,1.0,0.5,Satisfied
Case 348,1,¡,¢¥£¤,¢¥£¤,1.0,1.0,0.5,Satisfied
Case 349,1,¡,¢¥£¤,¢¥£¤,1.0,1.0,0.5,Satisfied
Case 3498,1,¡,¢¥£¤,¢¥£¤,1.0,1.0,0.5,Satisfied
Case 3511,1,¡,¢¥£¤,¢¥£¤,1.0,1.0,0.5,Satisfied
Case 3516,1,¡,¢­¥£¤,¢¥£¤,0.8,0.8,0.5,Satisfied
Case 3517,1,¡,¢¥£¤,¢¥£¤,1.0,1.0,0.5,Satisfied
Case 3529,1,¡,¢¥£¤,¢¥£¤,1.0,1.0,0.5,Satisfied
Case 3530,1,¡,¢¥£¤,¢¥£¤,1.0,1.0,0.5,Satisfied
Case 3532,1,¡,¢¥£¤,¢¥£¤,1.0,1.0,0.5,Satisfied
Case 3535,1,¡,¢¥£¤,¢¥£¤,1.0,1.0,0.5,Satisfied
Case 3537,1,¡,¢¥£¤,¢¥£¤,1.0,1.0,0.5,Satisfied
Case 3539,1,¡,¢¥£¤,¢¥£¤,1.0,1.0,0.5,Satisfied
Case 3542,1,¡,¢¥£¤,¢¥£¤,1.0,1.0,0.5,Satisfied
Case 3543,1,¡,¢¥£¤,¢¥£¤,1.0,1.0,0.5,Satisfied
Case 3546,1,¡,¢¥£¤,¢¥£¤,1.0,1.0,0.5,Satisfied
Case 3551,1,¡,¢¥£¤,¢¥£¤,1.0,1.0,0.5,Satisfied
Case 3552,1,¡,¢¥£¤,¢¥£¤,1.0,1.0,0.5,Satisfied
Case 3562,1,¡,¢¥£¢¥£¤,¢¥£¤,0.5714285714285714,1.0,0.5,Satisfied
Case 3563,1,¡,¢¥£¤,¢¥£¤,1.0,1.0,0.5,Satisfied
Case 3565,1,¡,¢¥£¤,¢¥£¤,1.0,1.0,0.5,Satisfied
Case 3567,1,¡,¢¥£¤,¢¥£¤,1.0,1.0,0.5,Satisfied
Case 3569,1,¢,¥£¤,¥£¤,1.0,1.0,0.5,Satisfied
Case 3582,1,¡,¢¥£¤,¢¥£¤,1.0,1.0,0.5,Satisfied
Case 3583,1,¡,¢¥£¤,¢¥£¤,1.0,1.0,0.5,Satisfied
Case 3592,1,¡,¢¥£¤,¢¥£¤,1.0,1.0,0.5,Satisfied
Case 3599,1,¡,¢¥£¤,¢¥£¤,1.0,1.0,0.5,Satisfied
Case 3600,1,¡,¢¥£¤,¢¥£¤,1.0,1.0,0.5,Satisfied
Case 3601,1,¡,¢¥£¤,¢¥£¤,1.0,1.0,0.5,Satisfied
Case 361,1,¡,¢¥£¢¥£¤,¢¥£¤,0.5714285714285714,1.0,0.5,Satisfied
Case 3613,1,¡,¢­¥£¤,¢¥£¤,0.8,0.8,0.5,Satisfied
Case 3614,1,¡,¢¥£¤,¢¥£¤,1.0,1.0,0.5,Satisfied
Case 3634,1,¢,¥£¤,¥£¤,1.0,1.0,0.5,Satisfied
Case 3638,1,¡,¢¥£¤,¢¥£¤,1.0,1.0,0.5,Satisfied
Case 364,1,¡,¢¥£¤,¢¥£¤,1.0,1.0,0.5,Satisfied
Case 3641,1,¡,¢¥£¤,¢¥£¤,1.0,1.0,0.5,Satisfied
Case 3643,1,¡,¢¥£¤,¢¥£¤,1.0,1.0,0.5,Satisfied
Case 3645,1,¡,¢­¥£¤,¢¥£¤,0.8,0.8,0.5,Satisfied
Case 3653,1,¡,¢¥£¤,¢¥£¤,1.0,1.0,0.5,Satisfied
Case 3654,1,¡,¢¥£¤,¢¥£¤,1.0,1.0,0.5,Satisfied
Case 3656,1,¡,¢¥¥£¤,¢¥£¤,0.8,1.0,0.5,Satisfied
Case 3657,1,¡,¢¥£¤,¢¥£¤,1.0,1.0,0.5,Satisfied
Case 3662,1,¡,¢¥¥£¤,¢¥£¤,0.8,1.0,0.5,Satisfied
Case 3663,1,¡,¢¥£¤,¢¥£¤,1.0,1.0,0.5,Satisfied
Case 3666,1,¡,¢¥£¤,¢¥£¤,1.0,1.0,0.5,Satisfied
Case 3669,1,¡,¡¢¥¢­­£¤,¢¥£¤,0.5,0.6666666666666666,0.5,Satisfied
Case 367,1,¡,¥¥£¤,¢¥£¤,0.75,0.75,0.5,Satisfied
Case 3670,1,¡,¢¥£¤,¢¥£¤,1.0,1.0,0.5,Satisfied
Case 3673,1,¡,¢¥¢¥£¤,¢¥£¤,0.6666666666666667,1.0,0.5,Satisfied
Case 3674,1,¡,¢¥£¤,¢¥£¤,1.0,1.0,0.5,Satisfied
Case 3676,1,¡,¢¥£¥£¤,¢¥£¤,0.6666666666666667,1.0,0.5,Satisfied
Case 3678,1,¡,¢¥£¤,¢¥£¤,1.0,1.0,0.5,Satisfied
Case 3688,1,¡,¡¢¥£¤,¢¥£¤,0.8,0.8,0.5,Satisfied
Case 3692,1,¡,¥£¢¥£¤,¢¥£¤,0.6666666666666667,1.0,0.5,Satisfied
Case 3696,1,¡,¢¥£¤,¢¥£¤,1.0,1.0,0.5,Satisfied
Case 370,1,¡,¢¥£¤,¢¥£¤,1.0,1.0,0.5,Satisfied
Case 3705,1,¡,¢¥£¢¥£¤,¢¥£¤,0.5714285714285714,1.0,0.5,Satisfied
Case 3708,1,¡,¢¥£¤,¢¥£¤,1.0,1.0,0.5,Satisfied
Case 3738,1,¡,¢¥£¤,¢¥£¤,1.0,1.0,0.5,Satisfied
Case 374,1,¡,¢¥£¤,¢¥£¤,1.0,1.0,0.5,Satisfied
Case 3742,1,¡,¢¥£¤,¢¥£¤,1.0,1.0,0.5,Satisfied
Case 3745,1,¡,¢¥£¤,¢¥£¤,1.0,1.0,0.5,Satisfied
Case 3766,1,¡,¢¥£¤,¢¥£¤,1.0,1.0,0.5,Satisfied
Case 3770,1,¡,¢¥£¤,¢¥£¤,1.0,1.0,0.5,Satisfied
Case 3775,1,¡,¢¥£¤,¢¥£¤,1.0,1.0,0.5,Satisfied
Case 3776,1,¡,¡¢¥£¤,¢¥£¤,0.8,0.8,0.5,Satisfied
Case 378,1,¡,¢¥£¤,¢¥£¤,1.0,1.0,0.5,Satisfied
Case 3787,1,¡,¢¥¢£¤,¢¥£¤,0.8,1.0,0.5,Satisfied
Case 3798,1,¡,¢¥£¤,¢¥£¤,1.0,1.0,0.5,Satisfied
Case 380,1,¡,¥£¤,¢¥£¤,0.75,0.75,0.5,Satisfied
Case 3802,1,§,¡¥£¤,¡¢£¤,0.75,0.6,0.5,Satisfied
Case 3818,1,¡,¢¥£¤,¢¥£¤,1.0,1.0,0.5,Satisfied
Case 3819,1,¡,¢¥£¤,¢¥£¤,1.0,1.0,0.5,Satisfied
Case 382,1,¡,¢¥¢­£,¢¥£¤,0.4,0.6,0.5,Satisfied
Case 3822,1,¡,¢¥£¤,¢¥£¤,1.0,1.0,0.5,Satisfied
Case 383,1,§,¥¥,¡¢£¤,0.0,0.0,0.5,Satisfied
Case 3832,1,¡,¢¥¥£¢¥£¤,¢¥£¤,0.5,1.0,0.5,Satisfied
Case 384,1,¡,¢¥£¤,¢¥£¤,1.0,1.0,0.5,Satisfied
Case 3844,1,¡,¢¥£¤,¢¥£¤,1.0,1.0,0.5,Satisfied
Case 3857,1,¡,¢¥£¤,¢¥£¤,1.0,1.0,0.5,Satisfied
Case 3864,1,¡,¢¥£¤,¢¥£¤,1.0,1.0,0.5,Satisfied
Case 3865,1,¡,¢­¥£¤,¢¥£¤,0.8,0.8,0.5,Satisfied
Case 3877,1,¡,¢¥£¤,¢¥£¤,1.0,1.0,0.5,Satisfied
Case 3880,1,¡,¥£¤,¢¥£¤,0.75,0.75,0.5,Satisfied
Case 3884,1,¡,¢¥¢£¤,¢¥£¤,0.8,1.0,0.5,Satisfied
Case 3885,1,¡,¢¥£¤,¢¥£¤,1.0,1.0,0.5,Satisfied
Case 3888,1,¡,¥£¤,¢¥£¤,0.75,0.75,0.5,Satisfied
Case 3890,1,¡,¢¥£¤,¢¥£¤,1.0,1.0,0.5,Satisfied
Case 3896,1,¡,¢¥£¤,¢¥£¤,1.0,1.0,0.5,Satisfied
Case 3898,1,¡,¢¥£¤,¢¥£¤,1.0,1.0,0.5,Satisfied
Case 3899,1,¡,¢¥£¤,¢¥£¤,1.0,1.0,0.5,Satisfied
Case 39,1,¡,¢¥£¤,¢¥£¤,1.0,1.0,0.5,Satisfied
Case 3905,1,¡,¢¥£¤,¢¥£¤,1.0,1.0,0.5,Satisfied
Case 3912,1,¡,¢¥£¤,¢¥£¤,1.0,1.0,0.5,Satisfied
Case 3913,1,¡,¥£¤,¢¥£¤,0.75,0.75,0.5,Satisfied
Case 3928,1,¡,¢¥£¤,¢¥£¤,1.0,1.0,0.5,Satisfied
Case 3930,1,¡,¢¥£¤,¢¥£¤,1.0,1.0,0.5,Satisfied
Case 3933,1,¡,¢¥£¤,¢¥£¤,1.0,1.0,0.5,Satisfied
Case 3943,1,¡,¢¥£¤,¢¥£¤,1.0,1.0,0.5,Satisfied
Case 3946,1,¡,¢¥£¤,¢¥£¤,1.0,1.0,0.5,Satisfied
Case 3957,1,¡,¢¢¥£¤,¢¥£¤,0.8,1.0,0.5,Satisfied
Case 3963,1,¡,¢­­¥£¥£¤,¢¥£¤,0.5,0.8,0.5,Satisfied
Case 397,1,¡,¢¥£¤,¢¥£¤,1.0,1.0,0.5,Satisfied
Case 3974,1,¡,¢¥£¤,¢¥£¤,1.0,1.0,0.5,Satisfied
Case 3976,1,¡,¢¥£¤,¢¥£¤,1.0,1.0,0.5,Satisfied
Case 3983,1,¡,¢¥£¤,¢¥£¤,1.0,1.0,0.5,Satisfied
Case 399,1,¡,¢¥£¤,¢¥£¤,1.0,1.0,0.5,Satisfied
Case 3992,1,¡,¢­£¤,¢¥£¤,0.75,0.6,0.5,Satisfied
Case 40,1,¡,¢£¤,¢¥£¤,0.75,0.75,0.5,Satisfied
Case 4004,1,¢,££¤,¥£¤,0.6666666666666667,0.6666666666666666,0.5,Satisfied
Case 4006,1,¡,¢¥¢¥£¤,¢¥£¤,0.6666666666666667,1.0,0.5,Satisfied
Case 4009,1,¡,¢¥£¤,¢¥£¤,1.0,1.0,0.5,Satisfied
Case 4017,1,¡,¢¥£¤,¢¥£¤,1.0,1.0,0.5,Satisfied
Case 402,1,¡,¢£¤,¢¥£¤,0.75,0.75,0.5,Satisfied
Case 4026,1,¡,¢¥¦­£¤,¢¥£¤,0.6666666666666667,0.6666666666666666,0.5,Satisfied
Case 4030,1,¡,¢£¤,¢¥£¤,0.75,0.75,0.5,Satisfied
Case 4031,1,¡,££¤,¢¥£¤,0.5,0.5,0.5,Satisfied
Case 4032,1,¡,¥£¤,¢¥£¤,0.75,0.75,0.5,Satisfied
Case 4037,1,¡,¢£¤,¢¥£¤,0.75,0.75,0.5,Satisfied
Case 4048,1,¡,¢£¤,¢¥£¤,0.75,0.75,0.5,Satisfied
Case 4054,1,¡,¢£¤,¢¥£¤,0.75,0.75,0.5,Satisfied
Case 4067,1,¡,¢£¤,¢¥£¤,0.75,0.75,0.5,Satisfied
Case 4068,1,¡,¢£¤,¢¥£¤,0.75,0.75,0.5,Satisfied
Case 4069,1,¡,¢£¤,¢¥£¤,0.75,0.75,0.5,Satisfied
Case 407,1,¡,¢¥£¤,¢¥£¤,1.0,1.0,0.5,Satisfied
Case 4073,1,¡,¢¥£¤,¢¥£¤,1.0,1.0,0.5,Satisfied
Case 4074,1,¡,¢¥£¤,¢¥£¤,1.0,1.0,0.5,Satisfied
Case 408,1,¡,¡¢¥£¤,¢¥£¤,0.8,0.8,0.5,Satisfied
Case 4082,1,¡,¢­£¤,¢¥£¤,0.75,0.6,0.5,Satisfied
Case 4084,1,¡,¢¥£¤,¢¥£¤,1.0,1.0,0.5,Satisfied
Case 4106,1,¡,¢£¤,¢¥£¤,0.75,0.75,0.5,Satisfied
Case 4107,1,¡,¢¥¥£¤,¢¥£¤,0.8,1.0,0.5,Satisfied
Case 412,1,¡,¢¥£¤,¢¥£¤,1.0,1.0,0.5,Satisfied
Case 4127,1,¡,¢£¤,¢¥£¤,0.75,0.75,0.5,Satisfied
Case 414,1,¡,¡¢£¤,¢¥£¤,0.5,0.6,0.5,Satisfied
Case 4145,1,¡,¢£¤,¢¥£¤,0.75,0.75,0.5,Satisfied
Case 4147,1,¡,¢¥£¤,¢¥£¤,1.0,1.0,0.5,Satisfied
Case 4149,1,¡,¢¥£¤,¢¥£¤,1.0,1.0,0.5,Satisfied
Case 4154,1,¡,¢£¤,¢¥£¤,0.75,0.75,0.5,Satisfied
Case 4156,1,¡,¢¥£¤,¢¥£¤,1.0,1.0,0.5,Satisfied
Case 4160,1,¡,¢£¤,¢¥£¤,0.75,0.75,0.5,Satisfied
Case 4161,1,¡,¢£¤,¢¥£¤,0.75,0.75,0.5,Satisfied
Case 4162,1,¡,¢£¤,¢¥£¤,0.75,0.75,0.5,Satisfied
Case 4165,1,¡,¡¢¥£¤,¢¥£¤,0.8,0.8,0.5,Satisfied
Case 4172,1,¡,¢¥£¤,¢¥£¤,1.0,1.0,0.5,Satisfied
Case 4183,1,¡,­£¤,¢¥£¤,0.5,0.4,0.5,Satisfied
Case 4185,1,¡,¢­£¤,¢¥£¤,0.75,0.6,0.5,Satisfied
Case 4187,1,¡,¢¥¢¥,¢¥£¤,0.5,0.5,0.5,Satisfied
Case 4194,1,¡,¢£¤,¢¥£¤,0.75,0.75,0.5,Satisfied
Case 4197,1,¡,¡¡¢£¤,¢¥£¤,0.4,0.6,0.5,Satisfied
Case 4206,1,¡,¢£¤,¢¥£¤,0.75,0.75,0.5,Satisfied
Case 421,1,¡,¢£¤,¢¥£¤,0.75,0.75,0.5,Satisfied
Case 4212,1,¡,¢£¤,¢¥£¤,0.75,0.75,0.5,Satisfied
Case 4241,1,¡,¢£¤,¢¥£¤,0.75,0.75,0.5,Satisfied
Case 4248,1,¡,£¤,¢¥£¤,0.5,0.5,0.5,Satisfied
Case 4255,1,¡,¢££¤,¢¥£¤,0.75,0.75,0.5,Satisfied
Case 4257,1,¡,¢¥£¤,¢¥£¤,1.0,1.0,0.5,Satisfied
Case 4259,1,¡,¢¢£¤,¢¥£¤,0.75,0.75,0.5,Satisfied
Case 4268,1,¢,¥£¤,¥£¤,1.0,1.0,0.5,Satisfied
Case 4269,1,¡,¢¥£¤,¢¥£¤,1.0,1.0,0.5,Satisfied
Case 427,1,¡,¢£¤,¢¥£¤,0.75,0.75,0.5,Satisfied
Case 4282,1,¡,¢£¤,¢¥£¤,0.75,0.75,0.5,Satisfied
Case 4300,1,¡,¢¥¥£¤,¢¥£¤,0.8,1.0,0.5,Satisfied
Case 4301,1,¡,¢¥£¤,¢¥£¤,1.0,1.0,0.5,Satisfied
Case 4324,1,¡,¢£¤,¢¥£¤,0.75,0.75,0.5,Satisfied
Case 4325,1,¡,¢£¤,¢¥£¤,0.75,0.75,0.5,Satisfied
Case 4326,1,¡,¢¥£¤,¢¥£¤,1.0,1.0,0.5,Satisfied
Case 433,1,¡,¢¥¥£¤,¢¥£¤,0.8,1.0,0.5,Satisfied
Case 4332,1,¡,¢£¤,¢¥£¤,0.75,0.75,0.5,Satisfied
Case 4337,1,¡,¢¥£¤,¢¥£¤,1.0,1.0,0.5,Satisfied
Case 4338,1,¡,¢¥¢¥£¤,¢¥£¤,0.6666666666666667,1.0,0.5,Satisfied
Case 4348,1,¡,¢­£¤,¢¥£¤,0.75,0.6,0.5,Satisfied
Case 435,1,¡,¢­£¤,¢¥£¤,0.75,0.6,0.5,Satisfied
Case 4351,1,¡,¢¥£¤,¢¥£¤,1.0,1.0,0.5,Satisfied
Case 4352,1,¡,¢¥£¤,¢¥£¤,1.0,1.0,0.5,Satisfied
Case 4353,1,¡,¢¢¥¥£¤,¢¥£¤,0.6666666666666667,1.0,0.5,Satisfied
Case 4354,1,¡,¢­£,¢¥£¤,0.5,0.4,0.5,Satisfied
Case 4355,1,¡,¢£¤,¢¥£¤,0.75,0.75,0.5,Satisfied
Case 4359,1,¡,¢¥£¤,¢¥£¤,1.0,1.0,0.5,Satisfied
Case 4361,1,¡,¢­£¤,¢¥£¤,0.75,0.6,0.5,Satisfied
Case 4365,1,¡,¢¥£¤,¢¥£¤,1.0,1.0,0.5,Satisfied
Case 4369,1,¡,¢¥£¤,¢¥£¤,1.0,1.0,0.5,Satisfied
Case 4370,1,§,¥¥,¡¢£¤,0.0,0.0,0.5,Satisfied
Case 4371,1,¡,££¤,¢¥£¤,0.5,0.5,0.5,Satisfied
Case 438,1,¡,¢­¥£¤,¢¥£¤,0.8,0.8,0.5,Satisfied
Case 4383,1,¡,¢£¤,¢¥£¤,0.75,0.75,0.5,Satisfied
Case 4385,1,¡,¡¢£¤,¢¥£¤,0.5,0.6,0.5,Satisfied
Case 4389,1,¡,¢­£¤,¢¥£¤,0.75,0.6,0.5,Satisfied
Case 4394,1,¡,¢£¤,¢¥£¤,0.75,0.75,0.5,Satisfied
Case 4396,1,¡,¢£¤,¢¥£¤,0.75,0.75,0.5,Satisfied
Case 4398,1,¡,¢¥¢¥£¤,¢¥£¤,0.6666666666666667,1.0,0.5,Satisfied
Case 4407,1,¡,¢¥£¤,¢¥£¤,1.0,1.0,0.5,Satisfied
Case 441,1,¢,££¤,¥£¤,0.6666666666666667,0.6666666666666666,0.5,Satisfied
Case 4410,1,¡,¢¥¢£¤,¢¥£¤,0.8,1.0,0.5,Satisfied
Case 4415,1,¡,¢£¤,¢¥£¤,0.75,0.75,0.5,Satisfied
Case 4417,1,¡,¥££¤,¢¥£¤,0.5,0.75,0.5,Satisfied
Case 4419,1,¡,¥£¤,¢¥£¤,0.75,0.75,0.5,Satisfied
Case 4421,1,¡,¢¥£¤,¢¥£¤,1.0,1.0,0.5,Satisfied
Case 4422,1,¡,¢£¤,¢¥£¤,0.75,0.75,0.5,Satisfied
Case 4423,1,¡,¡¢£¤,¢¥£¤,0.5,0.6,0.5,Satisfied
Case 4424,1,¡,¢¥£¤,¢¥£¤,1.0,1.0,0.5,Satisfied
Case 4426,1,¡,¢¥£¤,¢¥£¤,1.0,1.0,0.5,Satisfied
Case 4431,1,¡,¢¥£¤,¢¥£¤,1.0,1.0,0.5,Satisfied
Case 4456,1,¡,¢¥£¤,¢¥£¤,1.0,1.0,0.5,Satisfied
Case 446,1,¡,¢¥£¤,¢¥£¤,1.0,1.0,0.5,Satisfied
Case 4463,1,¡,¢¦¦¬¬­¦£,¢¥£¤,0.125,0.2857142857142857,0.5,Satisfied
Case 4465,1,¡,¢¥£¤,¢¥£¤,1.0,1.0,0.5,Satisfied
Case 4469,1,¡,¢£¤,¢¥£¤,0.75,0.75,0.5,Satisfied
Case 447,1,¡,£¤,¢¥£¤,0.5,0.5,0.5,Satisfied
Case 4478,1,¡,¢¥¢£¤,¢¥£¤,0.8,1.0,0.5,Satisfied
Case 4485,1,¡,¢¥£¤,¢¥£¤,1.0,1.0,0.5,Satisfied
Case 4487,1,¡,¢£¤,¢¥£¤,0.75,0.75,0.5,Satisfied
Case 4501,1,¢,¥¢¥£¤,¥£¤,0.6,0.75,0.5,Satisfied
Case 4506,1,¡,¢¥£¤,¢¥£¤,1.0,1.0,0.5,Satisfied
Case 4511,1,¡,¢­££¤,¢¥£¤,0.6,0.6,0.5,Satisfied
Case 4530,1,¡,¡£¤,¢¥£¤,0.5,0.4,0.5,Satisfied
Case 4532,1,¡,£¤,¢¥£¤,0.5,0.5,0.5,Satisfied
Case 4535,1,¡,¢£¤,¢¥£¤,0.75,0.75,0.5,Satisfied
Case 4537,1,¡,¢£¤,¢¥£¤,0.75,0.75,0.5,Satisfied
Case 4544,1,¡,¢£,¢¥£¤,0.5,0.5,0.5,Satisfied
Case 4558,1,¡,¢¥£¤,¢¥£¤,1.0,1.0,0.5,Satisfied
Case 456,1,¡,¢£¤,¢¥£¤,0.75,0.75,0.5,Satisfied
Case 4563,1,¡,¢¥£¤,¢¥£¤,1.0,1.0,0.5,Satisfied
Case 4575,1,¡,¢¥£¤,¢¥£¤,1.0,1.0,0.5,Satisfied
Case 46,1,¡,¢¢¥£¤,¢¥£¤,0.8,1.0,0.5,Satisfied
Case 467,1,¡,¢¥¢­£¤,¢¥£¤,0.6666666666666667,0.8,0.5,Satisfied
Case 470,1,¡,¢¥£¤,¢¥£¤,1.0,1.0,0.5,Satisfied
Case 474,1,¡,¡¡¢¥£¤,¢¥£¤,0.6666666666666667,0.8,0.5,Satisfied
Case 478,1,¡,¡¢¥£¤,¢¥£¤,0.8,0.8,0.5,Satisfied
Case 480,1,¡,¢£¤,¢¥£¤,0.75,0.75,0.5,Satisfied
Case 483,1,¡,¢£¤,¢¥£¤,0.75,0.75,0.5,Satisfied
Case 484,1,¡,¢¥£¤,¢¥£¤,1.0,1.0,0.5,Satisfied
Case 487,1,¡,¢£¤,¢¥£¤,0.75,0.75,0.5,Satisfied
Case 496,1,¡,¢¥£¤,¢¥£¤,1.0,1.0,0.5,Satisfied
Case 498,1,¡,¢££¤,¢¥£¤,0.75,0.75,0.5,Satisfied
Case 502,1,¡,¢£¤,¢¥£¤,0.75,0.75,0.5,Satisfied
Case 503,1,¡,¢¦­£¤,¢¥£¤,0.6,0.5,0.5,Satisfied
Case 504,1,¡,¢¥£¤,¢¥£¤,1.0,1.0,0.5,Satisfied
Case 506,1,¡,¢­£¤,¢¥£¤,0.75,0.6,0.5,Satisfied
Case 507,1,¡,¢£¤,¢¥£¤,0.75,0.75,0.5,Satisfied
Case 520,1,¡,¢££¤,¢¥£¤,0.75,0.75,0.5,Satisfied
Case 523,1,¢,¥£¤,¥£¤,1.0,1.0,0.5,Satisfied
Case 525,1,¡,¡¢¥¥,¢¥£¤,0.25,0.4,0.5,Satisfied
Case 527,1,¡,¥¡¡¢£¤,¢¥£¤,0.5,0.8,0.5,Satisfied
Case 529,1,¡,¥¥£¤,¢¥£¤,0.75,0.75,0.5,Satisfied
Case 530,1,¡,¢¥¥¥£¤,¢¥£¤,0.6666666666666667,1.0,0.5,Satisfied
Case 532,1,¡,¢£¢¥£¤,¢¥£¤,0.6666666666666667,1.0,0.5,Satisfied
Case 533,1,¡,¢£¤,¢¥£¤,0.75,0.75,0.5,Satisfied
Case 54,1,¡,¢£¤,¢¥£¤,0.75,0.75,0.5,Satisfied
Case 553,1,¡,¢¥£¤,¢¥£¤,1.0,1.0,0.5,Satisfied
Case 554,1,¡,£¤,¢¥£¤,0.5,0.5,0.5,Satisfied
Case 557,1,¢,£¤,¥£¤,0.6666666666666667,0.6666666666666666,0.5,Satisfied
Case 558,1,¡,¢¢£¤,¢¥£¤,0.75,0.75,0.5,Satisfied
Case 559,1,¡,¢¥£¤,¢¥£¤,1.0,1.0,0.5,Satisfied
Case 566,1,¡,¢¥¢¥£¤,¢¥£¤,0.6666666666666667,1.0,0.5,Satisfied
Case 575,1,¡,¢¥£¤,¢¥£¤,1.0,1.0,0.5,Satisfied
Case 58,1,¡,¦­£¤,¢¥£¤,0.5,0.33333333333333326,0.5,Satisfied
Case 593,1,¡,¢£¤,¢¥£¤,0.75,0.75,0.5,Satisfied
Case 594,1,¡,¢£¤,¢¥£¤,0.75,0.75,0.5,Satisfied
Case 595,1,¡,¢¥£¤,¢¥£¤,1.0,1.0,0.5,Satisfied
Case 603,1,¡,¢££¤,¢¥£¤,0.75,0.75,0.5,Satisfied
Case 606,1,¡,¢£¤,¢¥£¤,0.75,0.75,0.5,Satisfied
Case 622,1,¡,¢¦£¤,¢¥£¤,0.75,0.6,0.5,Satisfied
Case 624,1,¡,¢¥£¤,¢¥£¤,1.0,1.0,0.5,Satisfied
Case 626,1,¡,¢¥£¤,¢¥£¤,1.0,1.0,0.5,Satisfied
Case 63,1,¡,¢£¤,¢¥£¤,0.75,0.75,0.5,Satisfied
Case 630,1,¡,¢£¤,¢¥£¤,0.75,0.75,0.5,Satisfied
Case 631,1,¢,¥¢¥£¤,¥£¤,0.6,0.75,0.5,Satisfied
Case 638,1,¡,¢¥¢¥£¤,¢¥£¤,0.6666666666666667,1.0,0.5,Satisfied
Case 639,1,¡,¢¥£¤,¢¥£¤,1.0,1.0,0.5,Satisfied
Case 645,1,¡,¢£¤,¢¥£¤,0.75,0.75,0.5,Satisfied
Case 65,1,¡,¢¥£¤,¢¥£¤,1.0,1.0,0.5,Satisfied
Case 656,1,¡,¢¥££¤,¢¥£¤,0.8,1.0,0.5,Satisfied
Case 664,1,¡,¢¥£¤,¢¥£¤,1.0,1.0,0.5,Satisfied
Case 676,1,¢,¥£¤,¥£¤,1.0,1.0,0.5,Satisfied
Case 679,1,¡,¢£¤,¢¥£¤,0.75,0.75,0.5,Satisfied
Case 685,1,¢,¥£¤,¥£¤,1.0,1.0,0.5,Satisfied
Case 69,1,¡,¢£¤,¢¥£¤,0.75,0.75,0.5,Satisfied
Case 691,1,¡,¢£¤,¢¥£¤,0.75,0.75,0.5,Satisfied
Case 696,1,¡,¢£¤,¢¥£¤,0.75,0.75,0.5,Satisfied
Case 7,1,¡,¡¡¢£¤,¢¥£¤,0.4,0.6,0.5,Satisfied
Case 701,1,¡,¢£¤,¢¥£¤,0.75,0.75,0.5,Satisfied
Case 708,1,¡,¢¥£¤,¢¥£¤,1.0,1.0,0.5,Satisfied
Case 728,1,¡,¢£¤,¢¥£¤,0.75,0.75,0.5,Satisfied
Case 73,1,¡,£¤,¢¥£¤,0.5,0.5,0.5,Satisfied
Case 732,1,¡,¦¢¦­®«£¤,¢¥£¤,0.375,0.375,0.5,Satisfied
Case 747,1,¡,¢¥£¤,¢¥£¤,1.0,1.0,0.5,Satisfied
Case 755,1,¡,¢£¤,¢¥£¤,0.75,0.75,0.5,Satisfied
Case 757,1,¡,¢­¥£¤,¢¥£¤,0.8,0.8,0.5,Satisfied
Case 769,1,¡,¢£¤,¢¥£¤,0.75,0.75,0.5,Satisfied
Case 77,1,¡,¢¥£¤,¢¥£¤,1.0,1.0,0.5,Satisfied
Case 775,1,¡,¢¥£¤,¢¥£¤,1.0,1.0,0.5,Satisfied
Case 780,1,¡,¢¥£¤,¢¥£¤,1.0,1.0,0.5,Satisfied
Case 782,1,¡,¢¥£¤,¢¥£¤,1.0,1.0,0.5,Satisfied
Case 79,1,¡,¢¥¥£¤,¢¥£¤,0.8,1.0,0.5,Satisfied
Case 80,1,¡,¢£¤,¢¥£¤,0.75,0.75,0.5,Satisfied
Case 805,1,¡,¢¥£¤,¢¥£¤,1.0,1.0,0.5,Satisfied
Case 807,1,¡,­£¤,¢¥£¤,0.5,0.4,0.5,Satisfied
Case 809,1,¡,¢¥£¤,¢¥£¤,1.0,1.0,0.5,Satisfied
Case 82,1,¡,¢¥£¤,¢¥£¤,1.0,1.0,0.5,Satisfied
Case 821,1,¡,¢£¤,¢¥£¤,0.75,0.75,0.5,Satisfied
Case 824,1,¡,¢£¤,¢¥£¤,0.75,0.75,0.5,Satisfied
Case 825,1,¡,¢£¤,¢¥£¤,0.75,0.75,0.5,Satisfied
Case 826,1,¡,¢¥£¤,¢¥£¤,1.0,1.0,0.5,Satisfied
Case 829,1,¡,¢£¤,¢¥£¤,0.75,0.75,0.5,Satisfied
Case 83,1,¡,¢¥£¤,¢¥£¤,1.0,1.0,0.5,Satisfied
Case 831,1,¡,¢¥£¤,¢¥£¤,1.0,1.0,0.5,Satisfied
Case 839,1,¢,¥£¤,¥£¤,1.0,1.0,0.5,Satisfied
Case 841,1,¡,¢£¤,¢¥£¤,0.75,0.75,0.5,Satisfied
Case 845,1,¡,¢¥£¤,¢¥£¤,1.0,1.0,0.5,Satisfied
Case 849,1,¡,¢£¤,¢¥£¤,0.75,0.75,0.5,Satisfied
Case 856,1,¡,¢¥£¤,¢¥£¤,1.0,1.0,0.5,Satisfied
Case 868,1,¡,¢¦£¤,¢¥£¤,0.75,0.6,0.5,Satisfied
Case 875,1,¡,¢£¤,¢¥£¤,0.75,0.75,0.5,Satisfied
Case 876,1,¡,¢¥£¤,¢¥£¤,1.0,1.0,0.5,Satisfied
Case 881,1,¡,¢¥£¤,¢¥£¤,1.0,1.0,0.5,Satisfied
Case 89,1,¡,¢£¤,¢¥£¤,0.75,0.75,0.5,Satisfied
Case 894,1,¡,¢¥¥£¤,¢¥£¤,0.8,1.0,0.5,Satisfied
Case 901,1,¡,££¤,¢¥£¤,0.5,0.5,0.5,Satisfied
Case 906,1,¡,¢£¤,¢¥£¤,0.75,0.75,0.5,Satisfied
Case 910,1,¡,¢£¤,¢¥£¤,0.75,0.75,0.5,Satisfied
Case 911,1,¡,¢¢£¤,¢¥£¤,0.75,0.75,0.5,Satisfied
Case 930,1,¡,¢£¤,¢¥£¤,0.75,0.75,0.5,Satisfied
Case 939,1,¡,¢¥¥£¤,¢¥£¤,0.8,1.0,0.5,Satisfied
Case 949,1,¡,¢£¤,¢¥£¤,0.75,0.75,0.5,Satisfied
Case 951,1,¡,¢¥£¤,¢¥£¤,1.0,1.0,0.5,Satisfied
Case 954,1,¡,¢£¤,¢¥£¤,0.75,0.75,0.5,Satisfied
Case 959,1,¡,¢£¤,¢¥£¤,0.75,0.75,0.5,Satisfied
Case 961,1,¡,¢¥£¤,¢¥£¤,1.0,1.0,0.5,Satisfied
Case 962,1,¡,¢£¤,¢¥£¤,0.75,0.75,0.5,Satisfied
Case 963,1,¡,¢£¤,¢¥£¤,0.75,0.75,0.5,Satisfied
Case 964,1,¡,¢£¤,¢¥£¤,0.75,0.75,0.5,Satisfied
Case 97,1,¡,¢£¤,¢¥£¤,0.75,0.75,0.5,Satisfied
Case 979,1,¡,¢£¤,¢¥£¤,0.75,0.75,0.5,Satisfied
Case 980,1,¡,¡£¤,¢¥£¤,0.5,0.4,0.5,Satisfied
Case 984,1,¢,£¤,¥£¤,0.6666666666666667,0.6666666666666666,0.5,Satisfied
Case 986,1,¡,¢¥£¤,¢¥£¤,1.0,1.0,0.5,Satisfied
Case 988,1,¡,¢¥£¤,¢¥£¤,1.0,1.0,0.5,Satisfied
Case 989,1,¡,¢¥£¤,¢¥£¤,1.0,1.0,0.5,Satisfied
Case 998,1,¡,¢¥£¤,¢¥£¤,1.0,1.0,0.5,Satisfied
Case 999,1,¡,¢£¤,¢¥£¤,0.75,0.75,0.5,Satisfied
Case 1,1,¡,¢¢¥£¤,¢¥£¤,0.8,1.0,0.6,Satisfied
Case 100,1,¡,¢­¥£¤,¢¥£¤,0.8,0.8,0.6,Satisfied
Case 1001,1,¡,¢¥£¤,¢¥£¤,1.0,1.0,0.6,Satisfied
Case 1007,1,¡,¢¥£¤,¢¥£¤,1.0,1.0,0.6,Satisfied
Case 1010,1,¡,¢­¥£¤,¢¥£¤,0.8,0.8,0.6,Satisfied
Case 1017,1,¡,¢¥£¥£¤,¢¥£¤,0.6666666666666667,1.0,0.6,Satisfied
Case 1019,1,¡,¢¥£¤,¢¥£¤,1.0,1.0,0.6,Satisfied
Case 1023,1,¡,¥£¥£¤,¢¥£¤,0.6,0.75,0.6,Satisfied
Case 1026,1,¡,¢­¥£¤,¢¥£¤,0.8,0.8,0.6,Satisfied
Case 1027,1,¡,¢¥£¤,¢¥£¤,1.0,1.0,0.6,Satisfied
Case 1043,1,¡,¢¥£¤,¢¥£¤,1.0,1.0,0.6,Satisfied
Case 105,1,¡,¢¥£¤,¢¥£¤,1.0,1.0,0.6,Satisfied
Case 1054,1,¡,¢¥£¤,¢¥£¤,1.0,1.0,0.6,Satisfied
Case 1057,1,¡,¢­¥£¤,¢¥£¤,0.8,0.8,0.6,Satisfied
Case 106,1,¡,¥£¤,¢¥£¤,0.75,0.75,0.6,Satisfied
Case 107,1,¡,¢¥£¤,¢¥£¤,1.0,1.0,0.6,Satisfied
Case 1070,1,¡,¢¥£¢¥£¤,¢¥£¤,0.5714285714285714,1.0,0.6,Satisfied
Case 1075,1,¡,¢¥£¤,¢¥£¤,1.0,1.0,0.6,Satisfied
Case 1079,1,¡,¢¥¥£¤,¢¥£¤,0.8,1.0,0.6,Satisfied
Case 1087,1,¡,¢¥£¢¥£¤,¢¥£¤,0.5714285714285714,1.0,0.6,Satisfied
Case 1088,1,¡,¥£¥£¤,¢¥£¤,0.6,0.75,0.6,Satisfied
Case 1096,1,¡,¢¥£¤,¢¥£¤,1.0,1.0,0.6,Satisfied
Case 1101,1,¡,¢¥£¤,¢¥£¤,1.0,1.0,0.6,Satisfied
Case 1102,1,¡,¢¥£¥£¤,¢¥£¤,0.6666666666666667,1.0,0.6,Satisfied
Case 1104,1,¡,¢¥£¤,¢¥£¤,1.0,1.0,0.6,Satisfied
Case 1109,1,¡,¢¥£¤,¢¥£¤,1.0,1.0,0.6,Satisfied
Case 1110,1,¡,¢¥£¤,¢¥£¤,1.0,1.0,0.6,Satisfied
Case 1111,1,¡,¢¥¢£¤,¢¥£¤,0.8,1.0,0.6,Satisfied
Case 1112,1,¡,¢¥¥£¤,¢¥£¤,0.8,1.0,0.6,Satisfied
Case 1113,1,¡,¢¥£¤,¢¥£¤,1.0,1.0,0.6,Satisfied
Case 1116,1,¡,¢¥£¤,¢¥£¤,1.0,1.0,0.6,Satisfied
Case 1122,1,¡,¢¥£¤,¢¥£¤,1.0,1.0,0.6,Satisfied
Case 1124,1,¡,¢¥£¤,¢¥£¤,1.0,1.0,0.6,Satisfied
Case 1129,1,¡,¢¥¢£¤,¢¥£¤,0.8,1.0,0.6,Satisfied
Case 114,1,¡,¢¥¢¥£¤,¢¥£¤,0.6666666666666667,1.0,0.6,Satisfied
Case 1142,1,¡,¢¥­¥£¤,¢¥£¤,0.6666666666666667,0.8,0.6,Satisfied
Case 1144,1,¡,¥£¢­¥£¤,¢¥£¤,0.5714285714285714,0.8,0.6,Satisfied
Case 1145,1,¡,¢¥£¤,¢¥£¤,1.0,1.0,0.6,Satisfied
Case 115,1,¡,¢¥¥£¤,¢¥£¤,0.8,1.0,0.6,Satisfied
Case 1156,1,¡,¢¥£¤,¢¥£¤,1.0,1.0,0.6,Satisfied
Case 1159,1,¡,¢¥£¤,¢¥£¤,1.0,1.0,0.6,Satisfied
Case 1164,1,¡,¢¥£¤,¢¥£¤,1.0,1.0,0.6,Satisfied
Case 1169,1,¡,¥£¤,¢¥£¤,0.75,0.75,0.6,Satisfied
Case 1176,1,¡,¢¥£¤,¢¥£¤,1.0,1.0,0.6,Satisfied
Case 1179,1,¡,¢¥£¤,¢¥£¤,1.0,1.0,0.6,Satisfied
Case 1185,1,¡,¢¥£¤,¢¥£¤,1.0,1.0,0.6,Satisfied
Case 1193,1,¡,¢¥£¤,¢¥£¤,1.0,1.0,0.6,Satisfied
Case 12,1,¡,¢¥£¤,¢¥£¤,1.0,1.0,0.6,Satisfied
Case 1210,1,¡,¥£¤,¢¥£¤,0.75,0.75,0.6,Satisfied
Case 1221,1,¡,¢¥£¤,¢¥£¤,1.0,1.0,0.6,Satisfied
Case 1235,1,¡,¢¥¥£¤,¢¥£¤,0.8,1.0,0.6,Satisfied
Case 1238,1,¡,¢¥­£¤,¢¥£¤,0.8,0.8,0.6,Satisfied
Case 1239,1,¡,¢¥£¤,¢¥£¤,1.0,1.0,0.6,Satisfied
Case 1246,1,¡,¢¥£¤,¢¥£¤,1.0,1.0,0.6,Satisfied
Case 1249,1,§,¥¥¥¥,¡¢¥£¤,0.19999999999999996,0.19999999999999996,0.6,Satisfied
Case 1250,1,¢,¥£¢¥£¤,¥£¤,0.5,0.75,0.6,Satisfied
Case 1254,1,¡,¡¥¥£¤,¢¥£¤,0.6,0.6,0.6,Satisfied
Case 1261,1,¢,¢¥£¤,¥£¤,0.75,0.75,0.6,Satisfied
Case 1269,1,¡,¢¢¥£¤,¢¥£¤,0.8,1.0,0.6,Satisfied
Case 1272,1,¡,¢¥£¤,¢¥£¤,1.0,1.0,0.6,Satisfied
Case 1275,1,¡,¢¥£¤,¢¥£¤,1.0,1.0,0.6,Satisfied
Case 129,1,¡,¥£¤,¢¥£¤,0.75,0.75,0.6,Satisfied
Case 1290,1,¡,¢¥£¤,¢¥£¤,1.0,1.0,0.6,Satisfied
Case 1292,1,¡,¢¥£¤,¢¥£¤,1.0,1.0,0.6,Satisfied
Case 1299,1,¡,¢¥£¤,¢¥£¤,1.0,1.0,0.6,Satisfied
Case 13,1,¡,¢¥£¤,¢¥£¤,1.0,1.0,0.6,Satisfied
Case 1301,1,¡,¢¥£¤,¢¥£¤,1.0,1.0,0.6,Satisfied
Case 1303,1,¡,¢­¥£¤,¢¥£¤,0.8,0.8,0.6,Satisfied
Case 1304,1,¡,¢¥£¤,¢¥£¤,1.0,1.0,0.6,Satisfied
Case 1305,1,¡,¢¥£¤,¢¥£¤,1.0,1.0,0.6,Satisfied
Case 1309,1,¡,¥£¤,¢¥£¤,0.75,0.75,0.6,Satisfied
Case 131,1,¡,¢¥£¤,¢¥£¤,1.0,1.0,0.6,Satisfied
Case 1313,1,¡,¢¥£¤,¢¥£¤,1.0,1.0,0.6,Satisfied
Case 1314,1,¡,¢¦¥£¤,¢¥£¤,0.8,0.8,0.6,Satisfied
Case 1315,1,¡,¢¥£¤,¢¥£¤,1.0,1.0,0.6,Satisfied
Case 1318,1,¡,¢­¥£¤,¢¥£¤,0.8,0.8,0.6,Satisfied
Case 1319,1,¡,¢¥£¤,¢¥£¤,1.0,1.0,0.6,Satisfied
Case 1323,1,¡,¢¥£¤,¢¥£¤,1.0,1.0,0.6,Satisfied
Case 1327,1,¡,¥£¤,¢¥£¤,0.75,0.75,0.6,Satisfied
Case 1330,1,¡,¥£¥£¤,¢¥£¤,0.6,0.75,0.6,Satisfied
Case 1332,1,¡,¢¥£¤,¢¥£¤,1.0,1.0,0.6,Satisfied
Case 1338,1,¡,¥£¤,¢¥£¤,0.75,0.75,0.6,Satisfied
Case 1356,1,¡,¢¥£¤,¢¥£¤,1.0,1.0,0.6,Satisfied
Case 1358,1,¡,¢¥£¤,¢¥£¤,1.0,1.0,0.6,Satisfied
Case 1359,1,§,¥¥,¡¢¥£¤,0.19999999999999996,0.19999999999999996,0.6,Satisfied
Case 1364,1,¡,¢¥­­£¤,¢¥£¤,0.6666666666666667,0.8,0.6,Satisfied
Case 1366,1,¡,¢¥£¤,¢¥£¤,1.0,1.0,0.6,Satisfied
Case 1371,1,¡,¥£¥£¤,¢¥£¤,0.6,0.75,0.6,Satisfied
Case 1375,1,¡,¢¥£¤,¢¥£¤,1.0,1.0,0.6,Satisfied
Case 1384,1,¡,¥£¥£¤,¢¥£¤,0.6,0.75,0.6,Satisfied
Case 1386,1,¡,¢¥£¥£¤,¢¥£¤,0.6666666666666667,1.0,0.6,Satisfied
Case 1387,1,¡,¢¥£¤,¢¥£¤,1.0,1.0,0.6,Satisfied
Case 1388,1,¡,¢­­¥£¤,¢¥£¤,0.6666666666666667,0.8,0.6,Satisfied
Case 1393,1,¡,¡¢¥£¤,¢¥£¤,0.8,0.8,0.6,Satisfied
Case 1396,1,¡,¢¥£¤,¢¥£¤,1.0,1.0,0.6,Satisfied
Case 1397,1,¡,¢¥£¤,¢¥£¤,1.0,1.0,0.6,Satisfied
Case 1398,1,¡,¢¥£¤,¢¥£¤,1.0,1.0,0.6,Satisfied
Case 140,1,¡,¢¥£¤,¢¥£¤,1.0,1.0,0.6,Satisfied
Case 1407,1,¡,¢¥¢¥£¤,¢¥£¤,0.6666666666666667,1.0,0.6,Satisfied
Case 1409,1,¡,¢¥£¤,¢¥£¤,1.0,1.0,0.6,Satisfied
Case 1420,1,¡,¢¨¥£¤,¢¥£¤,0.8,0.8,0.6,Satisfied
Case 143,1,¡,¢¥£¤,¢¥£¤,1.0,1.0,0.6,Satisfied
Case 1432,1,¡,¢¥£¤,¢¥£¤,1.0,1.0,0.6,Satisfied
Case 1433,1,¡,¢¥£¤,¢¥£¤,1.0,1.0,0.6,Satisfied
Case 144,1,¡,¢¥£¤,¢¥£¤,1.0,1.0,0.6,Satisfied
Case 1441,1,¡,¢¥£¤,¢¥£¤,1.0,1.0,0.6,Satisfied
Case 1445,1,¡,¢¥£¤,¢¥£¤,1.0,1.0,0.6,Satisfied
Case 1449,1,¡,¥¢¥£¤,¢¥£¤,0.8,1.0,0.6,Satisfied
Case 145,1,¡,¢­¥£¤,¢¥£¤,0.8,0.8,0.6,Satisfied
Case 1450,1,¡,¢¥£¤,¢¥£¤,1.0,1.0,0.6,Satisfied
Case 1451,1,¡,¢­¥£¥£¤,¢¥£¤,0.5714285714285714,0.8,0.6,Satisfied
Case 1457,1,¡,¢¥£¤,¢¥£¤,1.0,1.0,0.6,Satisfied
Case 1460,1,¡,¢¥¢¥£¤,¢¥£¤,0.6666666666666667,1.0,0.6,Satisfied
Case 1464,1,¡,¢¥£¤,¢¥£¤,1.0,1.0,0.6,Satisfied
Case 1465,1,¡,¢¥£¤,¢¥£¤,1.0,1.0,0.6,Satisfied
Case 1466,1,¡,¢¥£¤,¢¥£¤,1.0,1.0,0.6,Satisfied
Case 147,1,¡,¢¥£¤,¢¥£¤,1.0,1.0,0.6,Satisfied
Case 1471,1,¡,¢­¥£¤,¢¥£¤,0.8,0.8,0.6,Satisfied
Case 1478,1,¡,¡¢¥¢¥£¤,¢¥£¤,0.5714285714285714,0.8,0.6,Satisfied
Case 1484,1,¡,¢¥£¤,¢¥£¤,1.0,1.0,0.6,Satisfied
Case 1487,1,¡,¢¥£¤,¢¥£¤,1.0,1.0,0.6,Satisfied
Case 1495,1,¡,¢­­¥£¤,¢¥£¤,0.6666666666666667,0.8,0.6,Satisfied
Case 15,1,¡,¡¢¥£¤,¢¥£¤,0.8,0.8,0.6,Satisfied
Case 1500,1,¡,¥£¥£¤,¢¥£¤,0.6,0.75,0.6,Satisfied
Case 1501,1,¢,¥£¥£¤,¥£¤,0.6,1.0,0.6,Satisfied
Case 1506,1,¡,¥¥¢£¥£¤,¢¥£¤,0.5714285714285714,1.0,0.6,Satisfied
Case 1507,1,¡,¢¥£¤,¢¥£¤,1.0,1.0,0.6,Satisfied
Case 1509,1,¡,¢¥£¤,¢¥£¤,1.0,1.0,0.6,Satisfied
Case 1510,1,¡,¢¥£¤,¢¥£¤,1.0,1.0,0.6,Satisfied
Case 1519,1,¡,¥£¥£¤,¢¥£¤,0.6,0.75,0.6,Satisfied
Case 1535,1,¡,¡¡¥£¤,¢¥£¤,0.6,0.6,0.6,Satisfied
Case 154,1,¡,¢¥£¤,¢¥£¤,1.0,1.0,0.6,Satisfied
Case 1543,1,¡,¢¥£¤,¢¥£¤,1.0,1.0,0.6,Satisfied
Case 1553,1,¡,¢¥£¤,¢¥£¤,1.0,1.0,0.6,Satisfied
Case 156,1,¡,¢¥£¤,¢¥£¤,1.0,1.0,0.6,Satisfied
Case 1562,1,¡,¢¥£¤,¢¥£¤,1.0,1.0,0.6,Satisfied
Case 1570,1,¡,¢¥£¤,¢¥£¤,1.0,1.0,0.6,Satisfied
Case 1571,1,¡,¢¥¥¥¥¥,¢¥£¤,0.33333333333333337,0.5,0.6,Satisfied
Case 1574,1,¡,¢¥£¤,¢¥£¤,1.0,1.0,0.6,Satisfied
Case 1577,1,§,¡¡¢¥£¤,¡¢¥£¤,0.8333333333333334,1.0,0.6,Satisfied
Case 1580,1,¡,¢¥£¤,¢¥£¤,1.0,1.0,0.6,Satisfied
Case 1587,1,¡,¢¥£¤,¢¥£¤,1.0,1.0,0.6,Satisfied
Case 1603,1,¡,¥£¥£¤,¢¥£¤,0.6,0.75,0.6,Satisfied
Case 1604,1,¡,¢¥£¤,¢¥£¤,1.0,1.0,0.6,Satisfied
Case 1605,1,¡,¢¢¥£¤,¢¥£¤,0.8,1.0,0.6,Satisfied
Case 1609,1,¡,¢¥£¤,¢¥£¤,1.0,1.0,0.6,Satisfied
Case 1610,1,¡,¢¥£¤,¢¥£¤,1.0,1.0,0.6,Satisfied
Case 1615,1,¡,¢¥£¤,¢¥£¤,1.0,1.0,0.6,Satisfied
Case 1650,1,¡,¦¦¬¬­¥£¤,¢¥£¤,0.375,0.4285714285714286,0.6,Satisfied
Case 1655,1,¡,¢¥£¤,¢¥£¤,1.0,1.0,0.6,Satisfied
Case 1658,1,¡,¢­¥£¤,¢¥£¤,0.8,0.8,0.6,Satisfied
Case 1663,1,¡,¥£¤,¢¥£¤,0.75,0.75,0.6,Satisfied
Case 1664,1,¢,¥£¤,¥£¤,1.0,1.0,0.6,Satisfied
Case 1671,1,¡,¢¥£¤,¢¥£¤,1.0,1.0,0.6,Satisfied
Case 1674,1,¡,¢¥£¤,¢¥£¤,1.0,1.0,0.6,Satisfied
Case 1675,1,¡,¢¥£¤,¢¥£¤,1.0,1.0,0.6,Satisfied
Case 1679,1,¡,¢¥£¤,¢¥£¤,1.0,1.0,0.6,Satisfied
Case 1681,1,¡,¢¥£¤,¢¥£¤,1.0,1.0,0.6,Satisfied
Case 1682,1,¡,¢¥£¤,¢¥£¤,1.0,1.0,0.6,Satisfied
Case 169,1,¡,¥£¤,¢¥£¤,0.75,0.75,0.6,Satisfied
Case 1691,1,§,¡¢¥£¤,¡¢¥£¤,1.0,1.0,0.6,Satisfied
Case 1697,1,¡,¢¥£¤,¢¥£¤,1.0,1.0,0.6,Satisfied
Case 1704,1,¡,¢¥£¤,¢¥£¤,1.0,1.0,0.6,Satisfied
Case 1709,1,¡,¢¥£¤,¢¥£¤,1.0,1.0,0.6,Satisfied
Case 1711,1,¡,¢¥£¤,¢¥£¤,1.0,1.0,0.6,Satisfied
Case 1718,1,¡,¢¥£¤,¢¥£¤,1.0,1.0,0.6,Satisfied
Case 1723,1,¡,¢¥£¤,¢¥£¤,1.0,1.0,0.6,Satisfied
Case 1730,1,¡,¢¥£¤,¢¥£¤,1.0,1.0,0.6,Satisfied
Case 1735,1,¡,­¥£¥£¤,¢¥£¤,0.5,0.6,0.6,Satisfied
Case 1746,1,¡,¢¥£¤,¢¥£¤,1.0,1.0,0.6,Satisfied
Case 1754,1,¡,¢¥£¤,¢¥£¤,1.0,1.0,0.6,Satisfied
Case 1760,1,¡,¢¥£¢¥¢£¤,¢¥£¤,0.5,1.0,0.6,Satisfied
Case 1761,1,¡,¢¥£¤,¢¥£¤,1.0,1.0,0.6,Satisfied
Case 1764,1,¡,­¥£¥£¤,¢¥£¤,0.5,0.6,0.6,Satisfied
Case 1771,1,¡,¢¥£¤,¢¥£¤,1.0,1.0,0.6,Satisfied
Case 1772,1,¡,¢¥£¤,¢¥£¤,1.0,1.0,0.6,Satisfied
Case 1776,1,¡,¢¥£¤,¢¥£¤,1.0,1.0,0.6,Satisfied
Case 1777,1,¡,¢¥£¤,¢¥£¤,1.0,1.0,0.6,Satisfied
Case 1787,1,¡,¢¥¥£¥£¤,¢¥£¤,0.5714285714285714,1.0,0.6,Satisfied
Case 1788,1,¡,¢¥£¤,¢¥£¤,1.0,1.0,0.6,Satisfied
Case 1791,1,¡,¢¥£¤,¢¥£¤,1.0,1.0,0.6,Satisfied
Case 1792,1,¡,¢¥£¤,¢¥£¤,1.0,1.0,0.6,Satisfied
Case 1795,1,¡,¢¥£¤,¢¥£¤,1.0,1.0,0.6,Satisfied
Case 1799,1,¡,¢­¥£¤,¢¥£¤,0.8,0.8,0.6,Satisfied
Case 18,1,¡,¢¥£¥£¤,¢¥£¤,0.6666666666666667,1.0,0.6,Satisfied
Case 1812,1,¡,¢¥£¤,¢¥£¤,1.0,1.0,0.6,Satisfied
Case 1813,1,¡,¢¥£¤,¢¥£¤,1.0,1.0,0.6,Satisfied
Case 1814,1,¡,¢¥£¤,¢¥£¤,1.0,1.0,0.6,Satisfied
Case 1815,1,¡,¢¥£¤,¢¥£¤,1.0,1.0,0.6,Satisfied
Case 1817,1,¡,¢¥£¤,¢¥£¤,1.0,1.0,0.6,Satisfied
Case 1823,1,¡,¢¥£¤,¢¥£¤,1.0,1.0,0.6,Satisfied
Case 1826,1,¡,¢¥£¤,¢¥£¤,1.0,1.0,0.6,Satisfied
Case 1828,1,¡,¢¥£¤,¢¥£¤,1.0,1.0,0.6,Satisfied
Case 1831,1,¡,¢¥£¤,¢¥£¤,1.0,1.0,0.6,Satisfied
Case 184,1,¡,¢¢¥£¤,¢¥£¤,0.8,1.0,0.6,Satisfied
Case 1843,1,¡,¡¥£¤,¢¥£¤,0.75,0.6,0.6,Satisfied
Case 1848,1,¡,¢¥£¤,¢¥£¤,1.0,1.0,0.6,Satisfied
Case 1858,1,¡,¥£¤,¢¥£¤,0.75,0.75,0.6,Satisfied
Case 1860,1,¡,¢¥£¤,¢¥£¤,1.0,1.0,0.6,Satisfied
Case 1868,1,¡,¢¥£¤,¢¥£¤,1.0,1.0,0.6,Satisfied
Case 1869,1,¡,¢¥£¤,¢¥£¤,1.0,1.0,0.6,Satisfied
Case 1874,1,§,¡¢¥£¤,¡¢¥£¤,1.0,1.0,0.6,Satisfied
Case 1882,1,¡,¢¥£¤,¢¥£¤,1.0,1.0,0.6,Satisfied
Case 1884,1,¡,¢¥£¤,¢¥£¤,1.0,1.0,0.6,Satisfied
Case 1887,1,¡,¢¥£¤,¢¥£¤,1.0,1.0,0.6,Satisfied
Case 1892,1,¡,¢¥£¤,¢¥£¤,1.0,1.0,0.6,Satisfied
Case 1894,1,¡,¢¥£¤,¢¥£¤,1.0,1.0,0.6,Satisfied
Case 1900,1,¡,¢¥£¤,¢¥£¤,1.0,1.0,0.6,Satisfied
Case 1901,1,¡,¢¥£¤,¢¥£¤,1.0,1.0,0.6,Satisfied
Case 1903,1,¡,¢¥£¤,¢¥£¤,1.0,1.0,0.6,Satisfied
Case 191,1,¡,¡¢¥£¤,¢¥£¤,0.8,0.8,0.6,Satisfied
Case 1915,1,¡,¢¥£¤,¢¥£¤,1.0,1.0,0.6,Satisfied
Case 1916,1,¡,¢¥£¤,¢¥£¤,1.0,1.0,0.6,Satisfied
Case 1918,1,¡,¥£¤,¢¥£¤,0.75,0.75,0.6,Satisfied
Case 192,1,¡,¡¢¥£¤¢¥£¤,¢¥£¤,0.4444444444444444,0.8,0.6,Satisfied
Case 1924,1,¡,¢¥£¤,¢¥£¤,1.0,1.0,0.6,Satisfied
Case 193,1,¡,¢¥£¤,¢¥£¤,1.0,1.0,0.6,Satisfied
Case 1946,1,¡,¢¥£¤,¢¥£¤,1.0,1.0,0.6,Satisfied
Case 1961,1,¡,¢¥£¤,¢¥£¤,1.0,1.0,0.6,Satisfied
Case 1968,1,¡,¢¥£¤,¢¥£¤,1.0,1.0,0.6,Satisfied
Case 1975,1,¡,¢¥£¤,¢¥£¤,1.0,1.0,0.6,Satisfied
Case 1978,1,¡,¥¢¥£¤,¢¥£¤,0.8,1.0,0.6,Satisfied
Case 1980,1,¡,¢¥£¤,¢¥£¤,1.0,1.0,0.6,Satisfied
Case 1987,1,¡,¥£¤,¢¥£¤,0.75,0.75,0.6,Satisfied
Case 20,1,¡,¢¥£¤,¢¥£¤,1.0,1.0,0.6,Satisfied
Case 2007,1,¡,¢­¥£¥£¤,¢¥£¤,0.5714285714285714,0.8,0.6,Satisfied
Case 2013,1,¡,¢¥£¤,¢¥£¤,1.0,1.0,0.6,Satisfied
Case 202,1,¡,¢¥£¤,¢¥£¤,1.0,1.0,0.6,Satisfied
Case 2021,1,¡,¢¥£¤,¢¥£¤,1.0,1.0,0.6,Satisfied
Case 2022,1,¡,¡¡¥£¤,¢¥£¤,0.6,0.6,0.6,Satisfied
Case 2035,1,¡,¢¦­¥£¤,¢¥£¤,0.6666666666666667,0.6666666666666666,0.6,Satisfied
Case 2037,1,¡,¥£¤,¢¥£¤,0.75,0.75,0.6,Satisfied
Case 2050,1,¡,¢¥£¤,¢¥£¤,1.0,1.0,0.6,Satisfied
Case 2059,1,¡,¢¥£¤,¢¥£¤,1.0,1.0,0.6,Satisfied
Case 2062,1,¡,¢¥£¤,¢¥£¤,1.0,1.0,0.6,Satisfied
Case 2068,1,¡,¢¥£¤,¢¥£¤,1.0,1.0,0.6,Satisfied
Case 2074,1,¡,¢¥£¤,¢¥£¤,1.0,1.0,0.6,Satisfied
Case 2081,1,¡,¢­¥£¤,¢¥£¤,0.8,0.8,0.6,Satisfied
Case 2083,1,¡,¢¥£¤,¢¥£¤,1.0,1.0,0.6,Satisfied
Case 2092,1,¡,¢¥£¤,¢¥£¤,1.0,1.0,0.6,Satisfied
Case 2093,1,¡,¢¥£¤,¢¥£¤,1.0,1.0,0.6,Satisfied
Case 2097,1,¡,¢¥£¤,¢¥£¤,1.0,1.0,0.6,Satisfied
Case 210,1,¡,¢¥£¤,¢¥£¤,1.0,1.0,0.6,Satisfied
Case 2103,1,¡,¢¥£¤,¢¥£¤,1.0,1.0,0.6,Satisfied
Case 2104,1,¡,¢­¥£¤,¢¥£¤,0.8,0.8,0.6,Satisfied
Case 2105,1,¡,¢¥£¤,¢¥£¤,1.0,1.0,0.6,Satisfied
Case 2108,1,¡,¢¥£¤,¢¥£¤,1.0,1.0,0.6,Satisfied
Case 211,1,¡,¥£¤,¢¥£¤,0.75,0.75,0.6,Satisfied
Case 2112,1,¡,¢¥£¤,¢¥£¤,1.0,1.0,0.6,Satisfied
Case 2117,1,¡,¥¥£¢¥£¥£¤,¢¥£¤,0.4444444444444444,1.0,0.6,Satisfied
Case 2121,1,¡,¢¥£¤,¢¥£¤,1.0,1.0,0.6,Satisfied
Case 2123,1,¡,¡¢¥£¥£¤,¢¥£¤,0.5714285714285714,0.8,0.6,Satisfied
Case 2125,1,¡,¢¥­,¢¥£¤,0.5,0.4,0.6,Satisfied
Case 2126,1,¡,¢¥£¤,¢¥£¤,1.0,1.0,0.6,Satisfied
Case 2134,1,¡,¥¢£¤,¢¥£¤,0.75,1.0,0.6,Satisfied
Case 2141,1,¡,¢¥£¤,¢¥£¤,1.0,1.0,0.6,Satisfied
Case 2142,1,¡,¢¥£¤,¢¥£¤,1.0,1.0,0.6,Satisfied
Case 2143,1,¡,¢­¥£¤,¢¥£¤,0.8,0.8,0.6,Satisfied
Case 2152,1,¡,¢¥£¤,¢¥£¤,1.0,1.0,0.6,Satisfied
Case 2156,1,¡,¢¥£¤,¢¥£¤,1.0,1.0,0.6,Satisfied
Case 2157,1,¡,¥£¥£¤,¢¥£¤,0.6,0.75,0.6,Satisfied
Case 2163,1,¡,¢¥£¤,¢¥£¤,1.0,1.0,0.6,Satisfied
Case 2167,1,¡,¢¥£¤,¢¥£¤,1.0,1.0,0.6,Satisfied
Case 2168,1,¡,¢¥¥£¤,¢¥£¤,0.8,1.0,0.6,Satisfied
Case 2172,1,¡,¢¥£¤,¢¥£¤,1.0,1.0,0.6,Satisfied
Case 2176,1,¡,¢¥£¤,¢¥£¤,1.0,1.0,0.6,Satisfied
Case 2177,1,¡,¥¥£¤,¢¥£¤,0.75,0.75,0.6,Satisfied
Case 2183,1,¡,¢¥£¤,¢¥£¤,1.0,1.0,0.6,Satisfied
Case 2187,1,¡,¢¥£¤,¢¥£¤,1.0,1.0,0.6,Satisfied
Case 2191,1,¡,¢¥£¤,¢¥£¤,1.0,1.0,0.6,Satisfied
Case 2197,1,¡,¢¥£¤,¢¥£¤,1.0,1.0,0.6,Satisfied
Case 2201,1,¡,¢¥£¤,¢¥£¤,1.0,1.0,0.6,Satisfied
Case 2203,1,¡,¢¥£¤,¢¥£¤,1.0,1.0,0.6,Satisfied
Case 2210,1,¡,¢¥£¤,¢¥£¤,1.0,1.0,0.6,Satisfied
Case 2211,1,¡,¢¥£¤,¢¥£¤,1.0,1.0,0.6,Satisfied
Case 2215,1,¡,¢¥£¤,¢¥£¤,1.0,1.0,0.6,Satisfied
Case 2219,1,¡,¢¥¢£¤,¢¥£¤,0.8,1.0,0.6,Satisfied
Case 2220,1,¡,¢¥£¤,¢¥£¤,1.0,1.0,0.6,Satisfied
Case 2227,1,¡,¥£¥£¤,¢¥£¤,0.6,0.75,0.6,Satisfied
Case 2228,1,¡,¢¥£¤,¢¥£¤,1.0,1.0,0.6,Satisfied
Case 2229,1,¡,¥£¤,¢¥£¤,0.75,0.75,0.6,Satisfied
Case 2232,1,¡,¥£¤,¢¥£¤,0.75,0.75,0.6,Satisfied
Case 2236,1,¡,¢¥£¤,¢¥£¤,1.0,1.0,0.6,Satisfied
Case 2239,1,¡,¢¥£¥£¢¥£¤,¢¥£¤,0.4444444444444444,1.0,0.6,Satisfied
Case 2245,1,¡,¢¥£¤,¢¥£¤,1.0,1.0,0.6,Satisfied
Case 2253,1,¢,¥£¤,¥£¤,1.0,1.0,0.6,Satisfied
Case 2256,1,¡,¥£¤,¢¥£¤,0.75,0.75,0.6,Satisfied
Case 2267,1,¡,¢¥£¤,¢¥£¤,1.0,1.0,0.6,Satisfied
Case 2268,1,¡,¢¥£¤,¢¥£¤,1.0,1.0,0.6,Satisfied
Case 2279,1,¡,¢¥£¤,¢¥£¤,1.0,1.0,0.6,Satisfied
Case 2285,1,¡,¥¢¥£¤,¢¥£¤,0.8,1.0,0.6,Satisfied
Case 2290,1,¡,¢¥£¤,¢¥£¤,1.0,1.0,0.6,Satisfied
Case 2296,1,¡,¢¥£¤,¢¥£¤,1.0,1.0,0.6,Satisfied
Case 23,1,¡,¢¥£¤,¢¥£¤,1.0,1.0,0.6,Satisfied
Case 230,1,¡,¡¢¥£¤,¢¥£¤,0.8,0.8,0.6,Satisfied
Case 2300,1,¡,¢­­¦­,¢¥£¤,0.19999999999999996,0.16666666666666663,0.6,Satisfied
Case 2302,1,¡,¢¥£¤,¢¥£¤,1.0,1.0,0.6,Satisfied
Case 2308,1,¡,¢¥£¤,¢¥£¤,1.0,1.0,0.6,Satisfied
Case 2315,1,¡,¢¥£¤,¢¥£¤,1.0,1.0,0.6,Satisfied
Case 232,1,¡,¢¥¥£¥£¤,¢¥£¤,0.5714285714285714,1.0,0.6,Satisfied
Case 2322,1,¡,¢¥£¤,¢¥£¤,1.0,1.0,0.6,Satisfied
Case 2328,1,¡,¢¥£¤,¢¥£¤,1.0,1.0,0.6,Satisfied
Case 233,1,¡,¢¥£¤,¢¥£¤,1.0,1.0,0.6,Satisfied
Case 2330,1,¡,¢¥£¤,¢¥£¤,1.0,1.0,0.6,Satisfied
Case 2335,1,¡,¢¥£¤,¢¥£¤,1.0,1.0,0.6,Satisfied
Case 2342,1,¡,¢¥¥£¤,¢¥£¤,0.8,1.0,0.6,Satisfied
Case 2346,1,§,¡¢¥£¤,¡¢¥£¤,1.0,1.0,0.6,Satisfied
Case 2348,1,¡,¢¥£¤,¢¥£¤,1.0,1.0,0.6,Satisfied
Case 235,1,§,¡¢¥£¤,¡¢¥£¤,1.0,1.0,0.6,Satisfied
Case 2356,1,¡,¢¥¥£¤,¢¥£¤,0.8,1.0,0.6,Satisfied
Case 2362,1,¢,¥£¤,¥£¤,1.0,1.0,0.6,Satisfied
Case 2367,1,¡,¢¥£¤,¢¥£¤,1.0,1.0,0.6,Satisfied
Case 2368,1,¡,¢¥£¥£¥£­¢¥£¤,¢¥£¤,0.33333333333333337,0.8,0.6,Satisfied
Case 237,1,¡,¢­¥£¤,¢¥£¤,0.8,0.8,0.6,Satisfied
Case 2374,1,¡,¢¥£¤,¢¥£¤,1.0,1.0,0.6,Satisfied
Case 2375,1,¡,¡¡¢¥£¤,¢¥£¤,0.6666666666666667,0.8,0.6,Satisfied
Case 2380,1,¡,¢¥¢£¤,¢¥£¤,0.8,1.0,0.6,Satisfied
Case 2381,1,¡,¡¡¥£¥£¤,¢¥£¤,0.4285714285714286,0.6,0.6,Satisfied
Case 2390,1,¡,¢¥£¤,¢¥£¤,1.0,1.0,0.6,Satisfied
Case 2391,1,¡,¢¥£¤,¢¥£¤,1.0,1.0,0.6,Satisfied
Case 2398,1,¡,¢¥£¤,¢¥£¤,1.0,1.0,0.6,Satisfied
Case 2399,1,¡,¢¢¥£¤,¢¥£¤,0.8,1.0,0.6,Satisfied
Case 2403,1,¡,¢¥£¤,¢¥£¤,1.0,1.0,0.6,Satisfied
Case 2415,1,¡,¢¥£¤,¢¥£¤,1.0,1.0,0.6,Satisfied
Case 2417,1,¡,¢¥­£¤,¢¥£¤,0.8,0.8,0.6,Satisfied
Case 242,1,¡,¢¥£¤,¢¥£¤,1.0,1.0,0.6,Satisfied
Case 2431,1,¡,¢¥£¤,¢¥£¤,1.0,1.0,0.6,Satisfied
Case 2432,1,¡,¢¥£¤,¢¥£¤,1.0,1.0,0.6,Satisfied
Case 2436,1,¡,¥£¤¢,¢¥£¤,0.5,1.0,0.6,Satisfied
Case 2447,1,¡,¢¢¥£¤,¢¥£¤,0.8,1.0,0.6,Satisfied
Case 2448,1,¡,¢¥£¤,¢¥£¤,1.0,1.0,0.6,Satisfied
Case 2451,1,¡,¢¦­­¥£,¢¥£¤,0.33333333333333337,0.5,0.6,Satisfied
Case 2452,1,¡,¢¥£¤,¢¥£¤,1.0,1.0,0.6,Satisfied
Case 2455,1,¡,¢¥£¤,¢¥£¤,1.0,1.0,0.6,Satisfied
Case 2458,1,¡,¢¥£¤,¢¥£¤,1.0,1.0,0.6,Satisfied
Case 2465,1,¡,¢¥£¤,¢¥£¤,1.0,1.0,0.6,Satisfied
Case 2466,1,¡,¢­­¥£¤,¢¥£¤,0.6666666666666667,0.8,0.6,Satisfied
Case 247,1,§,¢¥£¤,¡¢¥£¤,0.8,0.8,0.6,Satisfied
Case 2473,1,¡,¢¥¢¥£¤,¢¥£¤,0.6666666666666667,1.0,0.6,Satisfied
Case 2474,1,¡,¢¥£¤,¢¥£¤,1.0,1.0,0.6,Satisfied
Case 2476,1,¡,¢­¥£¤,¢¥£¤,0.8,0.8,0.6,Satisfied
Case 2481,1,¡,¢­¥£¤,¢¥£¤,0.8,0.8,0.6,Satisfied
Case 2490,1,¡,¡¢¥£¤,¢¥£¤,0.8,0.8,0.6,Satisfied
Case 2492,1,¡,¢¥£¤,¢¥£¤,1.0,1.0,0.6,Satisfied
Case 2498,1,¡,¢¥£¤,¢¥£¤,1.0,1.0,0.6,Satisfied
Case 2499,1,¡,¢¥£¤,¢¥£¤,1.0,1.0,0.6,Satisfied
Case 2504,1,¡,¢¥£¤,¢¥£¤,1.0,1.0,0.6,Satisfied
Case 2508,1,¡,¢¥£¤,¢¥£¤,1.0,1.0,0.6,Satisfied
Case 2512,1,¡,¢¥£¥£¤,¢¥£¤,0.6666666666666667,1.0,0.6,Satisfied
Case 2514,1,¡,¢¥¥£¤,¢¥£¤,0.8,1.0,0.6,Satisfied
Case 2522,1,¡,¢¥£¥£¤,¢¥£¤,0.6666666666666667,1.0,0.6,Satisfied
Case 253,1,¡,¢¥£¤,¢¥£¤,1.0,1.0,0.6,Satisfied
Case 2530,1,¡,¢¥£¤,¢¥£¤,1.0,1.0,0.6,Satisfied
Case 2534,1,¡,¢¥£¤,¢¥£¤,1.0,1.0,0.6,Satisfied
Case 2541,1,¢,¥£¤,¥£¤,1.0,1.0,0.6,Satisfied
Case 2550,1,¡,¢¥¥£¥£¤,¢¥£¤,0.5714285714285714,1.0,0.6,Satisfied
Case 2555,1,¡,¢¥£¤,¢¥£¤,1.0,1.0,0.6,Satisfied
Case 2558,1,¡,¢¥£¤,¢¥£¤,1.0,1.0,0.6,Satisfied
Case 2569,1,¡,¢¥£¤,¢¥£¤,1.0,1.0,0.6,Satisfied
Case 2571,1,¡,¢¥£¤,¢¥£¤,1.0,1.0,0.6,Satisfied
Case 2577,1,¡,¢¥£¤,¢¥£¤,1.0,1.0,0.6,Satisfied
Case 2581,1,¡,¡¢¥£¤,¢¥£¤,0.8,0.8,0.6,Satisfied
Case 2585,1,¡,¢¥£¤,¢¥£¤,1.0,1.0,0.6,Satisfied
Case 2591,1,¡,¢¥£¤,¢¥£¤,1.0,1.0,0.6,Satisfied
Case 2593,1,¡,­¥£¤,¢¥£¤,0.75,0.6,0.6,Satisfied
Case 2596,1,¡,¢¥£¤,¢¥£¤,1.0,1.0,0.6,Satisfied
Case 2598,1,¡,¢¥£¤,¢¥£¤,1.0,1.0,0.6,Satisfied
Case 2599,1,¡,¢¥£¤,¢¥£¤,1.0,1.0,0.6,Satisfied
Case 2603,1,¡,¢¥£¤,¢¥£¤,1.0,1.0,0.6,Satisfied
Case 2607,1,¡,¢¥£¤,¢¥£¤,1.0,1.0,0.6,Satisfied
Case 2609,1,¡,¢¥£¤,¢¥£¤,1.0,1.0,0.6,Satisfied
Case 261,1,¡,¢¥£¤,¢¥£¤,1.0,1.0,0.6,Satisfied
Case 2611,1,¡,¢¥£¤,¢¥£¤,1.0,1.0,0.6,Satisfied
Case 2613,1,¡,¢¥¥¥£¥£¤,¢¥£¤,0.5,1.0,0.6,Satisfied
Case 2614,1,¡,¢¥£¤,¢¥£¤,1.0,1.0,0.6,Satisfied
Case 2616,1,¡,¥£¤,¢¥£¤,0.75,0.75,0.6,Satisfied
Case 262,1,¡,¢¥£¥£¤,¢¥£¤,0.6666666666666667,1.0,0.6,Satisfied
Case 2620,1,¡,¢­¥£¤,¢¥£¤,0.8,0.8,0.6,Satisfied
Case 2622,1,¢,¥£¤,¥£¤,1.0,1.0,0.6,Satisfied
Case 2625,1,¡,¢¥£¤,¢¥£¤,1.0,1.0,0.6,Satisfied
Case 2631,1,¡,¢¥£¤,¢¥£¤,1.0,1.0,0.6,Satisfied
Case 2634,1,¡,¢¥£¤,¢¥£¤,1.0,1.0,0.6,Satisfied
Case 2643,1,¡,¥£¤,¢¥£¤,0.75,0.75,0.6,Satisfied
Case 265,1,¡,¢¥£¤,¢¥£¤,1.0,1.0,0.6,Satisfied
Case 2659,1,¡,¢¥¥¢£¤,¢¥£¤,0.6666666666666667,1.0,0.6,Satisfied
Case 2665,1,¡,¢¥£¤,¢¥£¤,1.0,1.0,0.6,Satisfied
Case 2666,1,¡,¡¢¥¥£¤,¢¥£¤,0.6666666666666667,0.8,0.6,Satisfied
Case 2667,1,¡,¢¥¥£¢¥£¤,¢¥£¤,0.5,1.0,0.6,Satisfied
Case 2668,1,¡,¡¢­¥£¤,¢¥£¤,0.6666666666666667,0.6666666666666666,0.6,Satisfied
Case 2674,1,¡,¢¥¢£¤,¢¥£¤,0.8,1.0,0.6,Satisfied
Case 2676,1,¡,¢¥£¤,¢¥£¤,1.0,1.0,0.6,Satisfied
Case 2681,1,¡,¢¥£¤,¢¥£¤,1.0,1.0,0.6,Satisfied
Case 2686,1,¢,¥£¤,¥£¤,1.0,1.0,0.6,Satisfied
Case 2700,1,¡,¢¥£¤,¢¥£¤,1.0,1.0,0.6,Satisfied
Case 2713,1,¡,¢¥£¤,¢¥£¤,1.0,1.0,0.6,Satisfied
Case 2714,1,¡,¢¥£¤,¢¥£¤,1.0,1.0,0.6,Satisfied
Case 2716,1,¡,¢¥£¤,¢¥£¤,1.0,1.0,0.6,Satisfied
Case 2720,1,¡,¢­¥£¤,¢¥£¤,0.8,0.8,0.6,Satisfied
Case 2721,1,¡,¢¥£¤,¢¥£¤,1.0,1.0,0.6,Satisfied
Case 2734,1,¡,¢¥£¤,¢¥£¤,1.0,1.0,0.6,Satisfied
Case 2741,1,¡,¢¥£¤,¢¥£¤,1.0,1.0,0.6,Satisfied
Case 2765,1,¡,¢¥¥£¤,¢¥£¤,0.8,1.0,0.6,Satisfied
Case 2770,1,¡,¢¥£¤,¢¥£¤,1.0,1.0,0.6,Satisfied
Case 2774,1,¡,¥£¥£¢¥£¤,¢¥£¤,0.5,1.0,0.6,Satisfied
Case 2776,1,¢,¥¢¥£¤,¥£¤,0.6,0.75,0.6,Satisfied
Case 2777,1,¡,¢¥£¤,¢¥£¤,1.0,1.0,0.6,Satisfied
Case 2788,1,¡,¢¥£¤,¢¥£¤,1.0,1.0,0.6,Satisfied
Case 2789,1,¡,¢¥£¤,¢¥£¤,1.0,1.0,0.6,Satisfied
Case 2791,1,¡,¢¥£¤,¢¥£¤,1.0,1.0,0.6,Satisfied
Case 2797,1,¢,¥£¤,¥£¤,1.0,1.0,0.6,Satisfied
Case 28,1,¡,¢¦­­¥£,¢¥£¤,0.33333333333333337,0.5,0.6,Satisfied
Case 2814,1,¡,¢¥£¤,¢¥£¤,1.0,1.0,0.6,Satisfied
Case 282,1,¡,¢¥£¤,¢¥£¤,1.0,1.0,0.6,Satisfied
Case 2826,1,¡,¢¥£¤,¢¥£¤,1.0,1.0,0.6,Satisfied
Case 2834,1,¡,¢¥£¤,¢¥£¤,1.0,1.0,0.6,Satisfied
Case 2839,1,¡,¢¥£¤,¢¥£¤,1.0,1.0,0.6,Satisfied
Case 2847,1,¡,¢¥£¤,¢¥£¤,1.0,1.0,0.6,Satisfied
Case 2848,1,¡,¢¥£¤,¢¥£¤,1.0,1.0,0.6,Satisfied
Case 2849,1,¡,¥£¥£¤,¢¥£¤,0.6,0.75,0.6,Satisfied
Case 2851,1,¡,¢¥£¤,¢¥£¤,1.0,1.0,0.6,Satisfied
Case 2854,1,¡,¢¥£¤,¢¥£¤,1.0,1.0,0.6,Satisfied
Case 286,1,¡,¢¥£¤,¢¥£¤,1.0,1.0,0.6,Satisfied
Case 2860,1,¡,¢¥£¤,¢¥£¤,1.0,1.0,0.6,Satisfied
Case 2866,1,¡,¢¥£¤,¢¥£¤,1.0,1.0,0.6,Satisfied
Case 2873,1,¡,¢¥£¤,¢¥£¤,1.0,1.0,0.6,Satisfied
Case 2875,1,¡,¢¥£¤,¢¥£¤,1.0,1.0,0.6,Satisfied
Case 2881,1,¡,­­¥£¤,¢¥£¤,0.6,0.6,0.6,Satisfied
Case 2891,1,¡,¢¥£¤,¢¥£¤,1.0,1.0,0.6,Satisfied
Case 2897,1,¡,¢­¢¥£¤,¢¥£¤,0.6666666666666667,0.8,0.6,Satisfied
Case 2905,1,¡,¢¥£¤,¢¥£¤,1.0,1.0,0.6,Satisfied
Case 2908,1,¡,¢¥£¤,¢¥£¤,1.0,1.0,0.6,Satisfied
Case 2910,1,¡,¢¥£¤,¢¥£¤,1.0,1.0,0.6,Satisfied
Case 2918,1,¡,¢­¢¥£¤,¢¥£¤,0.6666666666666667,0.8,0.6,Satisfied
Case 292,1,¡,¢¥£¤,¢¥£¤,1.0,1.0,0.6,Satisfied
Case 2931,1,¡,¢¥­£¥£¤,¢¥£¤,0.5714285714285714,0.8,0.6,Satisfied
Case 2932,1,¡,¢¥£¤,¢¥£¤,1.0,1.0,0.6,Satisfied
Case 2934,1,¡,¢¥£¤,¢¥£¤,1.0,1.0,0.6,Satisfied
Case 2949,1,¡,¢¥£¤,¢¥£¤,1.0,1.0,0.6,Satisfied
Case 2956,1,¡,¥£¤,¢¥£¤,0.75,0.75,0.6,Satisfied
Case 296,1,¡,¢¥£¤,¢¥£¤,1.0,1.0,0.6,Satisfied
Case 2962,1,¡,¢¥£¤,¢¥£¤,1.0,1.0,0.6,Satisfied
Case 2964,1,¡,¢¥£¤,¢¥£¤,1.0,1.0,0.6,Satisfied
Case 2966,1,¡,¢¥£¤,¢¥£¤,1.0,1.0,0.6,Satisfied
Case 2968,1,¡,¢¥£¤,¢¥£¤,1.0,1.0,0.6,Satisfied
Case 2970,1,¡,¢­¥£¤,¢¥£¤,0.8,0.8,0.6,Satisfied
Case 2971,1,¡,¢¥£¤,¢¥£¤,1.0,1.0,0.6,Satisfied
Case 2975,1,¡,¥¡¢¥¥¢£¤,¢¥£¤,0.5,0.8,0.6,Satisfied
Case 2981,1,¡,¡¢­­¥£¤,¢¥£¤,0.5714285714285714,0.6666666666666666,0.6,Satisfied
Case 2984,1,¡,¢¥£¥£¤,¢¥£¤,0.6666666666666667,1.0,0.6,Satisfied
Case 2988,1,¡,¥£¥£¤,¢¥£¤,0.6,0.75,0.6,Satisfied
Case 299,1,¡,¢¥£¤,¢¥£¤,1.0,1.0,0.6,Satisfied
Case 2992,1,¡,¢¥£¤,¢¥£¤,1.0,1.0,0.6,Satisfied
Case 3002,1,¡,¢¥£¤,¢¥£¤,1.0,1.0,0.6,Satisfied
Case 3008,1,¡,¢¥£¤,¢¥£¤,1.0,1.0,0.6,Satisfied
Case 3009,1,¡,¢¥¢£¤,¢¥£¤,0.8,1.0,0.6,Satisfied
Case 3010,1,¡,¢¥£¤,¢¥£¤,1.0,1.0,0.6,Satisfied
Case 3013,1,¡,¢¢¥£¤,¢¥£¤,0.8,1.0,0.6,Satisfied
Case 3015,1,¡,¢­¥£¤,¢¥£¤,0.8,0.8,0.6,Satisfied
Case 3016,1,¡,¡¢¥£¤,¢¥£¤,0.8,0.8,0.6,Satisfied
Case 3021,1,¡,¢¥£¤,¢¥£¤,1.0,1.0,0.6,Satisfied
Case 3027,1,¡,¢¥£¤,¢¥£¤,1.0,1.0,0.6,Satisfied
Case 3034,1,¡,¢¥£¤,¢¥£¤,1.0,1.0,0.6,Satisfied
Case 3035,1,¡,¢¥£¤,¢¥£¤,1.0,1.0,0.6,Satisfied
Case 3037,1,¡,¢¥£¤,¢¥£¤,1.0,1.0,0.6,Satisfied
Case 3038,1,¡,¢¥¢¥£¤,¢¥£¤,0.6666666666666667,1.0,0.6,Satisfied
Case 3043,1,¡,¢¥£¤,¢¥£¤,1.0,1.0,0.6,Satisfied
Case 3044,1,¡,¢¥£¤,¢¥£¤,1.0,1.0,0.6,Satisfied
Case 3046,1,¡,¥£¤,¢¥£¤,0.75,0.75,0.6,Satisfied
Case 3056,1,¡,¢¥£¤,¢¥£¤,1.0,1.0,0.6,Satisfied
Case 3058,1,¡,¢­¥£¥£¤,¢¥£¤,0.5714285714285714,0.8,0.6,Satisfied
Case 3059,1,¡,¢­¥£¤,¢¥£¤,0.8,0.8,0.6,Satisfied
Case 3061,1,¡,¢­¥£¤,¢¥£¤,0.8,0.8,0.6,Satisfied
Case 3071,1,¡,¢¦­¥£¤,¢¥£¤,0.6666666666666667,0.6666666666666666,0.6,Satisfied
Case 3073,1,¡,¢¥£¤,¢¥£¤,1.0,1.0,0.6,Satisfied
Case 3077,1,¡,­¥£¤,¢¥£¤,0.75,0.6,0.6,Satisfied
Case 3078,1,¡,¢¥£¤,¢¥£¤,1.0,1.0,0.6,Satisfied
Case 308,1,¡,¢¥£¤,¢¥£¤,1.0,1.0,0.6,Satisfied
Case 3082,1,¡,¡¢¥£¤,¢¥£¤,0.8,0.8,0.6,Satisfied
Case 3083,1,¡,¢¥£¤,¢¥£¤,1.0,1.0,0.6,Satisfied
Case 3086,1,¡,¢¥£¤,¢¥£¤,1.0,1.0,0.6,Satisfied
Case 3095,1,¡,¢¥£¤,¢¥£¤,1.0,1.0,0.6,Satisfied
Case 31,1,¡,¢¦­¥£¤,¢¥£¤,0.6666666666666667,0.6666666666666666,0.6,Satisfied
Case 3103,1,¡,¢­¥£¤,¢¥£¤,0.8,0.8,0.6,Satisfied
Case 3112,1,¡,¢¥£¤,¢¥£¤,1.0,1.0,0.6,Satisfied
Case 3113,1,¡,¢¥¥¢¥£¤,¢¥£¤,0.5714285714285714,1.0,0.6,Satisfied
Case 3118,1,¡,¢¥¥¦£¤,¢¥£¤,0.6666666666666667,0.8,0.6,Satisfied
Case 3121,1,¡,¢¥£¡¢¥£¤,¢¥£¤,0.5,0.8,0.6,Satisfied
Case 3126,1,¡,¢¥£¤,¢¥£¤,1.0,1.0,0.6,Satisfied
Case 3128,1,¡,¢¥£¤,¢¥£¤,1.0,1.0,0.6,Satisfied
Case 313,1,¡,¢¥­¥£¥£¤,¢¥£¤,0.5,0.8,0.6,Satisfied
Case 3139,1,¡,¢­¢¥£¤,¢¥£¤,0.6666666666666667,0.8,0.6,Satisfied
Case 3142,1,¡,¢¥£¤,¢¥£¤,1.0,1.0,0.6,Satisfied
Case 3145,1,¡,¢¥£¤,¢¥£¤,1.0,1.0,0.6,Satisfied
Case 3148,1,¢,¥£¤,¥£¤,1.0,1.0,0.6,Satisfied
Case 317,1,¡,¢­¥£¤,¢¥£¤,0.8,0.8,0.6,Satisfied
Case 3172,1,¡,¢¥£¤,¢¥£¤,1.0,1.0,0.6,Satisfied
Case 3176,1,¡,¢­¥£¤,¢¥£¤,0.8,0.8,0.6,Satisfied
Case 3180,1,¡,¢¥£¤,¢¥£¤,1.0,1.0,0.6,Satisfied
Case 3182,1,¡,¢¥£¤,¢¥£¤,1.0,1.0,0.6,Satisfied
Case 3184,1,¡,¢¥£¤,¢¥£¤,1.0,1.0,0.6,Satisfied
Case 3186,1,¡,¢¥£¤,¢¥£¤,1.0,1.0,0.6,Satisfied
Case 3188,1,¡,¢¥£¤,¢¥£¤,1.0,1.0,0.6,Satisfied
Case 3192,1,¡,¢¦¥£¤,¢¥£¤,0.8,0.8,0.6,Satisfied
Case 3212,1,¡,¢¥£¤,¢¥£¤,1.0,1.0,0.6,Satisfied
Case 3214,1,¡,¢¦¥£¤,¢¥£¤,0.8,0.8,0.6,Satisfied
Case 3222,1,¡,¢¥£¤,¢¥£¤,1.0,1.0,0.6,Satisfied
Case 3226,1,¡,¥£¤,¢¥£¤,0.75,0.75,0.6,Satisfied
Case 3229,1,¡,¢¥£¤,¢¥£¤,1.0,1.0,0.6,Satisfied
Case 323,1,¡,¢¥£¤,¢¥£¤,1.0,1.0,0.6,Satisfied
Case 3231,1,¡,¢¥£¤,¢¥£¤,1.0,1.0,0.6,Satisfied
Case 3233,1,¡,¢¥£¤,¢¥£¤,1.0,1.0,0.6,Satisfied
Case 3239,1,¡,¥£¤,¢¥£¤,0.75,0.75,0.6,Satisfied
Case 324,1,¢,¥£¤,¥£¤,1.0,1.0,0.6,Satisfied
Case 3240,1,¡,¢¥£¤,¢¥£¤,1.0,1.0,0.6,Satisfied
Case 3249,1,¡,¢­­¢¥£¥£¤,¢¥£¤,0.4444444444444444,0.8,0.6,Satisfied
Case 3251,1,¡,¢¥£¤,¢¥£¤,1.0,1.0,0.6,Satisfied
Case 3253,1,¡,¢¥£¤,¢¥£¤,1.0,1.0,0.6,Satisfied
Case 3254,1,¡,¢¥,¢¥£¤,0.5,0.5,0.6,Satisfied
Case 326,1,¡,¢­­¥£¤,¢¥£¤,0.6666666666666667,0.8,0.6,Satisfied
Case 3260,1,¡,¢¥£¤,¢¥£¤,1.0,1.0,0.6,Satisfied
Case 3262,1,¡,¢¥£¤,¢¥£¤,1.0,1.0,0.6,Satisfied
Case 3273,1,¡,¢¥£¤,¢¥£¤,1.0,1.0,0.6,Satisfied
Case 3276,1,¡,¢­¥£¤,¢¥£¤,0.8,0.8,0.6,Satisfied
Case 3288,1,¡,¢¥£¥£¤,¢¥£¤,0.6666666666666667,1.0,0.6,Satisfied
Case 3289,1,¡,¢¥£¤,¢¥£¤,1.0,1.0,0.6,Satisfied
Case 3294,1,¡,¢¥¢£¤,¢¥£¤,0.8,1.0,0.6,Satisfied
Case 33,1,¡,¢¥£¤,¢¥£¤,1.0,1.0,0.6,Satisfied
Case 331,1,¡,¢­¥£¤,¢¥£¤,0.8,0.8,0.6,Satisfied
Case 3314,1,¡,¢¥£¤,¢¥£¤,1.0,1.0,0.6,Satisfied
Case 3315,1,¡,¢¥£¤,¢¥£¤,1.0,1.0,0.6,Satisfied
Case 332,1,¡,¢¥£¤,¢¥£¤,1.0,1.0,0.6,Satisfied
Case 3323,1,¡,¢¦­­¥£,¢¥£¤,0.33333333333333337,0.5,0.6,Satisfied
Case 3324,1,¡,¢¥£¤,¢¥£¤,1.0,1.0,0.6,Satisfied
Case 333,1,¡,¢¥£¤,¢¥£¤,1.0,1.0,0.6,Satisfied
Case 3331,1,¡,¢¥£¤,¢¥£¤,1.0,1.0,0.6,Satisfied
Case 3334,1,¡,¢¥£¤,¢¥£¤,1.0,1.0,0.6,Satisfied
Case 3336,1,¡,¢¥£¤,¢¥£¤,1.0,1.0,0.6,Satisfied
Case 3338,1,¡,­¥£¤,¢¥£¤,0.75,0.6,0.6,Satisfied
Case 3341,1,¡,¢¥£¤,¢¥£¤,1.0,1.0,0.6,Satisfied
Case 3344,1,¡,¥£¥£¢¥£¥£¤,¢¥£¤,0.4,1.0,0.6,Satisfied
Case 3349,1,¡,¢¥£¤,¢¥£¤,1.0,1.0,0.6,Satisfied
Case 3351,1,¡,¢¥£¥£¤,¢¥£¤,0.6666666666666667,1.0,0.6,Satisfied
Case 3357,1,¡,¢¥£¤,¢¥£¤,1.0,1.0,0.6,Satisfied
Case 3358,1,¡,¢­¥£¤,¢¥£¤,0.8,0.8,0.6,Satisfied
Case 3360,1,¡,¢¥£¤,¢¥£¤,1.0,1.0,0.6,Satisfied
Case 3362,1,¡,¢¥£¤,¢¥£¤,1.0,1.0,0.6,Satisfied
Case 337,1,¡,¢¥£¤,¢¥£¤,1.0,1.0,0.6,Satisfied
Case 3372,1,¡,¢¥£¤,¢¥£¤,1.0,1.0,0.6,Satisfied
Case 3373,1,¡,¢¥£¤,¢¥£¤,1.0,1.0,0.6,Satisfied
Case 3376,1,¡,¢¥£¤,¢¥£¤,1.0,1.0,0.6,Satisfied
Case 3382,1,¡,¢¥£¤,¢¥£¤,1.0,1.0,0.6,Satisfied
Case 3398,1,¡,¢¥£¤,¢¥£¤,1.0,1.0,0.6,Satisfied
Case 34,1,¡,¢¥¥£¤,¢¥£¤,0.8,1.0,0.6,Satisfied
Case 3403,1,¡,¢¥£¤,¢¥£¤,1.0,1.0,0.6,Satisfied
Case 3409,1,¡,¢¦¬¬­,¢¥£¤,0.19999999999999996,0.1428571428571428,0.6,Satisfied
Case 3413,1,¡,¢¥£¤,¢¥£¤,1.0,1.0,0.6,Satisfied
Case 3416,1,¡,¥£¤,¢¥£¤,0.75,0.75,0.6,Satisfied
Case 3418,1,¡,¢­¥£¤,¢¥£¤,0.8,0.8,0.6,Satisfied
Case 3419,1,¡,¢¥£¤,¢¥£¤,1.0,1.0,0.6,Satisfied
Case 3426,1,¡,¢¥£¤,¢¥£¤,1.0,1.0,0.6,Satisfied
Case 3428,1,¡,¢¥£¤,¢¥£¤,1.0,1.0,0.6,Satisfied
Case 343,1,¡,¢¥£¤,¢¥£¤,1.0,1.0,0.6,Satisfied
Case 3436,1,¡,¢¥¥¥¥£¤,¢¥£¤,0.5714285714285714,1.0,0.6,Satisfied
Case 3439,1,¢,¥£¢¥¢¥£¤,¥£¤,0.375,0.75,0.6,Satisfied
Case 3440,1,¡,¢¥£¤,¢¥£¤,1.0,1.0,0.6,Satisfied
Case 3442,1,¡,¢¥£¤,¢¥£¤,1.0,1.0,0.6,Satisfied
Case 3443,1,¡,¢­¥£,¢¥£¤,0.5,0.6,0.6,Satisfied
Case 3444,1,¡,¦¦¬¬­¥£¤,¢¥£¤,0.375,0.4285714285714286,0.6,Satisfied
Case 3448,1,¡,¢¥£¤,¢¥£¤,1.0,1.0,0.6,Satisfied
Case 3449,1,¡,¡¢¥£¤,¢¥£¤,0.8,0.8,0.6,Satisfied
Case 345,1,¡,¢¥£¤,¢¥£¤,1.0,1.0,0.6,Satisfied
Case 3454,1,¡,¢¢¥£¤,¢¥£¤,0.8,1.0,0.6,Satisfied
Case 346,1,¡,¥¥£¤,¢¥£¤,0.75,0.75,0.6,Satisfied
Case 3462,1,¡,¢¥£¤,¢¥£¤,1.0,1.0,0.6,Satisfied
Case 3465,1,¡,¢¥£¤,¢¥£¤,1.0,1.0,0.6,Satisfied
Case 3475,1,¡,¢¥£¤,¢¥£¤,1.0,1.0,0.6,Satisfied
Case 348,1,¡,¢¥£¤,¢¥£¤,1.0,1.0,0.6,Satisfied
Case 349,1,¡,¢¥£¤,¢¥£¤,1.0,1.0,0.6,Satisfied
Case 3498,1,¡,¢¥£¤,¢¥£¤,1.0,1.0,0.6,Satisfied
Case 3511,1,¡,¢¥£¤,¢¥£¤,1.0,1.0,0.6,Satisfied
Case 3516,1,¡,¢­¥£¤,¢¥£¤,0.8,0.8,0.6,Satisfied
Case 3517,1,¡,¢¥£¤,¢¥£¤,1.0,1.0,0.6,Satisfied
Case 3529,1,¡,¢¥£¤,¢¥£¤,1.0,1.0,0.6,Satisfied
Case 3530,1,¡,¢¥£¤,¢¥£¤,1.0,1.0,0.6,Satisfied
Case 3532,1,¡,¢¥£¤,¢¥£¤,1.0,1.0,0.6,Satisfied
Case 3535,1,¡,¢¥£¤,¢¥£¤,1.0,1.0,0.6,Satisfied
Case 3537,1,¡,¢¥£¤,¢¥£¤,1.0,1.0,0.6,Satisfied
Case 3539,1,¡,¢¥£¤,¢¥£¤,1.0,1.0,0.6,Satisfied
Case 3542,1,¡,¢¥£¤,¢¥£¤,1.0,1.0,0.6,Satisfied
Case 3543,1,¡,¢¥£¤,¢¥£¤,1.0,1.0,0.6,Satisfied
Case 3546,1,¡,¢¥£¤,¢¥£¤,1.0,1.0,0.6,Satisfied
Case 3551,1,¡,¢¥£¤,¢¥£¤,1.0,1.0,0.6,Satisfied
Case 3552,1,¡,¢¥£¤,¢¥£¤,1.0,1.0,0.6,Satisfied
Case 3562,1,¡,¢¥£¢¥£¤,¢¥£¤,0.5714285714285714,1.0,0.6,Satisfied
Case 3563,1,¡,¢¥£¤,¢¥£¤,1.0,1.0,0.6,Satisfied
Case 3565,1,¡,¢¥£¤,¢¥£¤,1.0,1.0,0.6,Satisfied
Case 3567,1,¡,¢¥£¤,¢¥£¤,1.0,1.0,0.6,Satisfied
Case 3569,1,¢,¥£¤,¥£¤,1.0,1.0,0.6,Satisfied
Case 3582,1,¡,¢¥£¤,¢¥£¤,1.0,1.0,0.6,Satisfied
Case 3583,1,¡,¢¥£¤,¢¥£¤,1.0,1.0,0.6,Satisfied
Case 3592,1,¡,¢¥£¤,¢¥£¤,1.0,1.0,0.6,Satisfied
Case 3599,1,¡,¢¥£¤,¢¥£¤,1.0,1.0,0.6,Satisfied
Case 3600,1,¡,¢¥£¤,¢¥£¤,1.0,1.0,0.6,Satisfied
Case 3601,1,¡,¢¥£¤,¢¥£¤,1.0,1.0,0.6,Satisfied
Case 361,1,¡,¢¥£¢¥£¤,¢¥£¤,0.5714285714285714,1.0,0.6,Satisfied
Case 3613,1,¡,¢­¥£¤,¢¥£¤,0.8,0.8,0.6,Satisfied
Case 3614,1,¡,¢¥£¤,¢¥£¤,1.0,1.0,0.6,Satisfied
Case 3634,1,¢,¥£¤,¥£¤,1.0,1.0,0.6,Satisfied
Case 3638,1,¡,¢¥£¤,¢¥£¤,1.0,1.0,0.6,Satisfied
Case 364,1,¡,¢¥£¤,¢¥£¤,1.0,1.0,0.6,Satisfied
Case 3641,1,¡,¢¥£¤,¢¥£¤,1.0,1.0,0.6,Satisfied
Case 3643,1,¡,¢¥£¤,¢¥£¤,1.0,1.0,0.6,Satisfied
Case 3645,1,¡,¢­¥£¤,¢¥£¤,0.8,0.8,0.6,Satisfied
Case 3653,1,¡,¢¥£¤,¢¥£¤,1.0,1.0,0.6,Satisfied
Case 3654,1,¡,¢¥£¤,¢¥£¤,1.0,1.0,0.6,Satisfied
Case 3656,1,¡,¢¥¥£¤,¢¥£¤,0.8,1.0,0.6,Satisfied
Case 3657,1,¡,¢¥£¤,¢¥£¤,1.0,1.0,0.6,Satisfied
Case 3662,1,¡,¢¥¥£¤,¢¥£¤,0.8,1.0,0.6,Satisfied
Case 3663,1,¡,¢¥£¤,¢¥£¤,1.0,1.0,0.6,Satisfied
Case 3666,1,¡,¢¥£¤,¢¥£¤,1.0,1.0,0.6,Satisfied
Case 3669,1,¡,¡¢¥¢­­£¤,¢¥£¤,0.5,0.6666666666666666,0.6,Satisfied
Case 367,1,¡,¥¥£¤,¢¥£¤,0.75,0.75,0.6,Satisfied
Case 3670,1,¡,¢¥£¤,¢¥£¤,1.0,1.0,0.6,Satisfied
Case 3673,1,¡,¢¥¢¥£¤,¢¥£¤,0.6666666666666667,1.0,0.6,Satisfied
Case 3674,1,¡,¢¥£¤,¢¥£¤,1.0,1.0,0.6,Satisfied
Case 3676,1,¡,¢¥£¥£¤,¢¥£¤,0.6666666666666667,1.0,0.6,Satisfied
Case 3678,1,¡,¢¥£¤,¢¥£¤,1.0,1.0,0.6,Satisfied
Case 3688,1,¡,¡¢¥£¤,¢¥£¤,0.8,0.8,0.6,Satisfied
Case 3692,1,¡,¥£¢¥£¤,¢¥£¤,0.6666666666666667,1.0,0.6,Satisfied
Case 3696,1,¡,¢¥£¤,¢¥£¤,1.0,1.0,0.6,Satisfied
Case 370,1,¡,¢¥£¤,¢¥£¤,1.0,1.0,0.6,Satisfied
Case 3705,1,¡,¢¥£¢¥£¤,¢¥£¤,0.5714285714285714,1.0,0.6,Satisfied
Case 3708,1,¡,¢¥£¤,¢¥£¤,1.0,1.0,0.6,Satisfied
Case 3738,1,¡,¢¥£¤,¢¥£¤,1.0,1.0,0.6,Satisfied
Case 374,1,¡,¢¥£¤,¢¥£¤,1.0,1.0,0.6,Satisfied
Case 3742,1,¡,¢¥£¤,¢¥£¤,1.0,1.0,0.6,Satisfied
Case 3745,1,¡,¢¥£¤,¢¥£¤,1.0,1.0,0.6,Satisfied
Case 3766,1,¡,¢¥£¤,¢¥£¤,1.0,1.0,0.6,Satisfied
Case 3770,1,¡,¢¥£¤,¢¥£¤,1.0,1.0,0.6,Satisfied
Case 3775,1,¡,¢¥£¤,¢¥£¤,1.0,1.0,0.6,Satisfied
Case 3776,1,¡,¡¢¥£¤,¢¥£¤,0.8,0.8,0.6,Satisfied
Case 378,1,¡,¢¥£¤,¢¥£¤,1.0,1.0,0.6,Satisfied
Case 3787,1,¡,¢¥¢£¤,¢¥£¤,0.8,1.0,0.6,Satisfied
Case 3798,1,¡,¢¥£¤,¢¥£¤,1.0,1.0,0.6,Satisfied
Case 380,1,¡,¥£¤,¢¥£¤,0.75,0.75,0.6,Satisfied
Case 3802,1,§,¡¥£¤,¡¢¥£¤,0.8,0.8,0.6,Satisfied
Case 3818,1,¡,¢¥£¤,¢¥£¤,1.0,1.0,0.6,Satisfied
Case 3819,1,¡,¢¥£¤,¢¥£¤,1.0,1.0,0.6,Satisfied
Case 382,1,¡,¢¥¢­£,¢¥£¤,0.4,0.6,0.6,Satisfied
Case 3822,1,¡,¢¥£¤,¢¥£¤,1.0,1.0,0.6,Satisfied
Case 383,1,§,¥¥,¡¢¥£¤,0.19999999999999996,0.19999999999999996,0.6,Satisfied
Case 3832,1,¡,¢¥¥£¢¥£¤,¢¥£¤,0.5,1.0,0.6,Satisfied
Case 384,1,¡,¢¥£¤,¢¥£¤,1.0,1.0,0.6,Satisfied
Case 3844,1,¡,¢¥£¤,¢¥£¤,1.0,1.0,0.6,Satisfied
Case 3857,1,¡,¢¥£¤,¢¥£¤,1.0,1.0,0.6,Satisfied
Case 3864,1,¡,¢¥£¤,¢¥£¤,1.0,1.0,0.6,Satisfied
Case 3865,1,¡,¢­¥£¤,¢¥£¤,0.8,0.8,0.6,Satisfied
Case 3877,1,¡,¢¥£¤,¢¥£¤,1.0,1.0,0.6,Satisfied
Case 3880,1,¡,¥£¤,¢¥£¤,0.75,0.75,0.6,Satisfied
Case 3884,1,¡,¢¥¢£¤,¢¥£¤,0.8,1.0,0.6,Satisfied
Case 3885,1,¡,¢¥£¤,¢¥£¤,1.0,1.0,0.6,Satisfied
Case 3888,1,¡,¥£¤,¢¥£¤,0.75,0.75,0.6,Satisfied
Case 3890,1,¡,¢¥£¤,¢¥£¤,1.0,1.0,0.6,Satisfied
Case 3896,1,¡,¢¥£¤,¢¥£¤,1.0,1.0,0.6,Satisfied
Case 3898,1,¡,¢¥£¤,¢¥£¤,1.0,1.0,0.6,Satisfied
Case 3899,1,¡,¢¥£¤,¢¥£¤,1.0,1.0,0.6,Satisfied
Case 39,1,¡,¢¥£¤,¢¥£¤,1.0,1.0,0.6,Satisfied
Case 3905,1,¡,¢¥£¤,¢¥£¤,1.0,1.0,0.6,Satisfied
Case 3912,1,¡,¢¥£¤,¢¥£¤,1.0,1.0,0.6,Satisfied
Case 3913,1,¡,¥£¤,¢¥£¤,0.75,0.75,0.6,Satisfied
Case 3928,1,¡,¢¥£¤,¢¥£¤,1.0,1.0,0.6,Satisfied
Case 3930,1,¡,¢¥£¤,¢¥£¤,1.0,1.0,0.6,Satisfied
Case 3933,1,¡,¢¥£¤,¢¥£¤,1.0,1.0,0.6,Satisfied
Case 3943,1,¡,¢¥£¤,¢¥£¤,1.0,1.0,0.6,Satisfied
Case 3946,1,¡,¢¥£¤,¢¥£¤,1.0,1.0,0.6,Satisfied
Case 3957,1,¡,¢¢¥£¤,¢¥£¤,0.8,1.0,0.6,Satisfied
Case 3963,1,¡,¢­­¥£¥£¤,¢¥£¤,0.5,0.8,0.6,Satisfied
Case 397,1,¡,¢¥£¤,¢¥£¤,1.0,1.0,0.6,Satisfied
Case 3974,1,¡,¢¥£¤,¢¥£¤,1.0,1.0,0.6,Satisfied
Case 3976,1,¡,¢¥£¤,¢¥£¤,1.0,1.0,0.6,Satisfied
Case 3983,1,¡,¢¥£¤,¢¥£¤,1.0,1.0,0.6,Satisfied
Case 399,1,¡,¢¥£¤,¢¥£¤,1.0,1.0,0.6,Satisfied
Case 3992,1,¡,¢­£¤,¢¥£¤,0.75,0.6,0.6,Satisfied
Case 40,1,¡,¢£¤,¢¥£¤,0.75,0.75,0.6,Satisfied
Case 4004,1,¢,££¤,¥£¤,0.6666666666666667,0.6666666666666666,0.6,Satisfied
Case 4006,1,¡,¢¥¢¥£¤,¢¥£¤,0.6666666666666667,1.0,0.6,Satisfied
Case 4009,1,¡,¢¥£¤,¢¥£¤,1.0,1.0,0.6,Satisfied
Case 4017,1,¡,¢¥£¤,¢¥£¤,1.0,1.0,0.6,Satisfied
Case 402,1,¡,¢£¤,¢¥£¤,0.75,0.75,0.6,Satisfied
Case 4026,1,¡,¢¥¦­£¤,¢¥£¤,0.6666666666666667,0.6666666666666666,0.6,Satisfied
Case 4030,1,¡,¢£¤,¢¥£¤,0.75,0.75,0.6,Satisfied
Case 4031,1,¡,££¤,¢¥£¤,0.5,0.5,0.6,Satisfied
Case 4032,1,¡,¥£¤,¢¥£¤,0.75,0.75,0.6,Satisfied
Case 4037,1,¡,¢£¤,¢¥£¤,0.75,0.75,0.6,Satisfied
Case 4048,1,¡,¢£¤,¢¥£¤,0.75,0.75,0.6,Satisfied
Case 4054,1,¡,¢£¤,¢¥£¤,0.75,0.75,0.6,Satisfied
Case 4067,1,¡,¢£¤,¢¥£¤,0.75,0.75,0.6,Satisfied
Case 4068,1,¡,¢£¤,¢¥£¤,0.75,0.75,0.6,Satisfied
Case 4069,1,¡,¢£¤,¢¥£¤,0.75,0.75,0.6,Satisfied
Case 407,1,¡,¢¥£¤,¢¥£¤,1.0,1.0,0.6,Satisfied
Case 4073,1,¡,¢¥£¤,¢¥£¤,1.0,1.0,0.6,Satisfied
Case 4074,1,¡,¢¥£¤,¢¥£¤,1.0,1.0,0.6,Satisfied
Case 408,1,¡,¡¢¥£¤,¢¥£¤,0.8,0.8,0.6,Satisfied
Case 4082,1,¡,¢­£¤,¢¥£¤,0.75,0.6,0.6,Satisfied
Case 4084,1,¡,¢¥£¤,¢¥£¤,1.0,1.0,0.6,Satisfied
Case 4106,1,¡,¢£¤,¢¥£¤,0.75,0.75,0.6,Satisfied
Case 4107,1,¡,¢¥¥£¤,¢¥£¤,0.8,1.0,0.6,Satisfied
Case 412,1,¡,¢¥£¤,¢¥£¤,1.0,1.0,0.6,Satisfied
Case 4127,1,¡,¢£¤,¢¥£¤,0.75,0.75,0.6,Satisfied
Case 414,1,¡,¡¢£¤,¢¥£¤,0.5,0.6,0.6,Satisfied
Case 4145,1,¡,¢£¤,¢¥£¤,0.75,0.75,0.6,Satisfied
Case 4147,1,¡,¢¥£¤,¢¥£¤,1.0,1.0,0.6,Satisfied
Case 4149,1,¡,¢¥£¤,¢¥£¤,1.0,1.0,0.6,Satisfied
Case 4154,1,¡,¢£¤,¢¥£¤,0.75,0.75,0.6,Satisfied
Case 4156,1,¡,¢¥£¤,¢¥£¤,1.0,1.0,0.6,Satisfied
Case 4160,1,¡,¢£¤,¢¥£¤,0.75,0.75,0.6,Satisfied
Case 4161,1,¡,¢£¤,¢¥£¤,0.75,0.75,0.6,Satisfied
Case 4162,1,¡,¢£¤,¢¥£¤,0.75,0.75,0.6,Satisfied
Case 4165,1,¡,¡¢¥£¤,¢¥£¤,0.8,0.8,0.6,Satisfied
Case 4172,1,¡,¢¥£¤,¢¥£¤,1.0,1.0,0.6,Satisfied
Case 4183,1,¡,­£¤,¢¥£¤,0.5,0.4,0.6,Satisfied
Case 4185,1,¡,¢­£¤,¢¥£¤,0.75,0.6,0.6,Satisfied
Case 4187,1,¡,¢¥¢¥,¢¥£¤,0.5,0.5,0.6,Satisfied
Case 4194,1,¡,¢£¤,¢¥£¤,0.75,0.75,0.6,Satisfied
Case 4197,1,¡,¡¡¢£¤,¢¥£¤,0.4,0.6,0.6,Satisfied
Case 4206,1,¡,¢£¤,¢¥£¤,0.75,0.75,0.6,Satisfied
Case 421,1,¡,¢£¤,¢¥£¤,0.75,0.75,0.6,Satisfied
Case 4212,1,¡,¢£¤,¢¥£¤,0.75,0.75,0.6,Satisfied
Case 4241,1,¡,¢£¤,¢¥£¤,0.75,0.75,0.6,Satisfied
Case 4248,1,¡,£¤,¢¥£¤,0.5,0.5,0.6,Satisfied
Case 4255,1,¡,¢££¤,¢¥£¤,0.75,0.75,0.6,Satisfied
Case 4257,1,¡,¢¥£¤,¢¥£¤,1.0,1.0,0.6,Satisfied
Case 4259,1,¡,¢¢£¤,¢¥£¤,0.75,0.75,0.6,Satisfied
Case 4268,1,¢,¥£¤,¥£¤,1.0,1.0,0.6,Satisfied
Case 4269,1,¡,¢¥£¤,¢¥£¤,1.0,1.0,0.6,Satisfied
Case 427,1,¡,¢£¤,¢¥£¤,0.75,0.75,0.6,Satisfied
Case 4282,1,¡,¢£¤,¢¥£¤,0.75,0.75,0.6,Satisfied
Case 4300,1,¡,¢¥¥£¤,¢¥£¤,0.8,1.0,0.6,Satisfied
Case 4301,1,¡,¢¥£¤,¢¥£¤,1.0,1.0,0.6,Satisfied
Case 4324,1,¡,¢£¤,¢¥£¤,0.75,0.75,0.6,Satisfied
Case 4325,1,¡,¢£¤,¢¥£¤,0.75,0.75,0.6,Satisfied
Case 4326,1,¡,¢¥£¤,¢¥£¤,1.0,1.0,0.6,Satisfied
Case 433,1,¡,¢¥¥£¤,¢¥£¤,0.8,1.0,0.6,Satisfied
Case 4332,1,¡,¢£¤,¢¥£¤,0.75,0.75,0.6,Satisfied
Case 4337,1,¡,¢¥£¤,¢¥£¤,1.0,1.0,0.6,Satisfied
Case 4338,1,¡,¢¥¢¥£¤,¢¥£¤,0.6666666666666667,1.0,0.6,Satisfied
Case 4348,1,¡,¢­£¤,¢¥£¤,0.75,0.6,0.6,Satisfied
Case 435,1,¡,¢­£¤,¢¥£¤,0.75,0.6,0.6,Satisfied
Case 4351,1,¡,¢¥£¤,¢¥£¤,1.0,1.0,0.6,Satisfied
Case 4352,1,¡,¢¥£¤,¢¥£¤,1.0,1.0,0.6,Satisfied
Case 4353,1,¡,¢¢¥¥£¤,¢¥£¤,0.6666666666666667,1.0,0.6,Satisfied
Case 4354,1,¡,¢­£,¢¥£¤,0.5,0.4,0.6,Satisfied
Case 4355,1,¡,¢£¤,¢¥£¤,0.75,0.75,0.6,Satisfied
Case 4359,1,¡,¢¥£¤,¢¥£¤,1.0,1.0,0.6,Satisfied
Case 4361,1,¡,¢­£¤,¢¥£¤,0.75,0.6,0.6,Satisfied
Case 4365,1,¡,¢¥£¤,¢¥£¤,1.0,1.0,0.6,Satisfied
Case 4369,1,¡,¢¥£¤,¢¥£¤,1.0,1.0,0.6,Satisfied
Case 4370,1,§,¥¥,¡¢¥£¤,0.19999999999999996,0.19999999999999996,0.6,Satisfied
Case 4371,1,¡,££¤,¢¥£¤,0.5,0.5,0.6,Satisfied
Case 438,1,¡,¢­¥£¤,¢¥£¤,0.8,0.8,0.6,Satisfied
Case 4383,1,¡,¢£¤,¢¥£¤,0.75,0.75,0.6,Satisfied
Case 4385,1,¡,¡¢£¤,¢¥£¤,0.5,0.6,0.6,Satisfied
Case 4389,1,¡,¢­£¤,¢¥£¤,0.75,0.6,0.6,Satisfied
Case 4394,1,¡,¢£¤,¢¥£¤,0.75,0.75,0.6,Satisfied
Case 4396,1,¡,¢£¤,¢¥£¤,0.75,0.75,0.6,Satisfied
Case 4398,1,¡,¢¥¢¥£¤,¢¥£¤,0.6666666666666667,1.0,0.6,Satisfied
Case 4407,1,¡,¢¥£¤,¢¥£¤,1.0,1.0,0.6,Satisfied
Case 441,1,¢,££¤,¥£¤,0.6666666666666667,0.6666666666666666,0.6,Satisfied
Case 4410,1,¡,¢¥¢£¤,¢¥£¤,0.8,1.0,0.6,Satisfied
Case 4415,1,¡,¢£¤,¢¥£¤,0.75,0.75,0.6,Satisfied
Case 4417,1,¡,¥££¤,¢¥£¤,0.5,0.75,0.6,Satisfied
Case 4419,1,¡,¥£¤,¢¥£¤,0.75,0.75,0.6,Satisfied
Case 4421,1,¡,¢¥£¤,¢¥£¤,1.0,1.0,0.6,Satisfied
Case 4422,1,¡,¢£¤,¢¥£¤,0.75,0.75,0.6,Satisfied
Case 4423,1,¡,¡¢£¤,¢¥£¤,0.5,0.6,0.6,Satisfied
Case 4424,1,¡,¢¥£¤,¢¥£¤,1.0,1.0,0.6,Satisfied
Case 4426,1,¡,¢¥£¤,¢¥£¤,1.0,1.0,0.6,Satisfied
Case 4431,1,¡,¢¥£¤,¢¥£¤,1.0,1.0,0.6,Satisfied
Case 4456,1,¡,¢¥£¤,¢¥£¤,1.0,1.0,0.6,Satisfied
Case 446,1,¡,¢¥£¤,¢¥£¤,1.0,1.0,0.6,Satisfied
Case 4463,1,¡,¢¦¦¬¬­¦£,¢¥£¤,0.125,0.2857142857142857,0.6,Satisfied
Case 4465,1,¡,¢¥£¤,¢¥£¤,1.0,1.0,0.6,Satisfied
Case 4469,1,¡,¢£¤,¢¥£¤,0.75,0.75,0.6,Satisfied
Case 447,1,¡,£¤,¢¥£¤,0.5,0.5,0.6,Satisfied
Case 4478,1,¡,¢¥¢£¤,¢¥£¤,0.8,1.0,0.6,Satisfied
Case 4485,1,¡,¢¥£¤,¢¥£¤,1.0,1.0,0.6,Satisfied
Case 4487,1,¡,¢£¤,¢¥£¤,0.75,0.75,0.6,Satisfied
Case 4501,1,¢,¥¢¥£¤,¥£¤,0.6,0.75,0.6,Satisfied
Case 4506,1,¡,¢¥£¤,¢¥£¤,1.0,1.0,0.6,Satisfied
Case 4511,1,¡,¢­££¤,¢¥£¤,0.6,0.6,0.6,Satisfied
Case 4530,1,¡,¡£¤,¢¥£¤,0.5,0.4,0.6,Satisfied
Case 4532,1,¡,£¤,¢¥£¤,0.5,0.5,0.6,Satisfied
Case 4535,1,¡,¢£¤,¢¥£¤,0.75,0.75,0.6,Satisfied
Case 4537,1,¡,¢£¤,¢¥£¤,0.75,0.75,0.6,Satisfied
Case 4544,1,¡,¢£,¢¥£¤,0.5,0.5,0.6,Satisfied
Case 4558,1,¡,¢¥£¤,¢¥£¤,1.0,1.0,0.6,Satisfied
Case 456,1,¡,¢£¤,¢¥£¤,0.75,0.75,0.6,Satisfied
Case 4563,1,¡,¢¥£¤,¢¥£¤,1.0,1.0,0.6,Satisfied
Case 4575,1,¡,¢¥£¤,¢¥£¤,1.0,1.0,0.6,Satisfied
Case 46,1,¡,¢¢¥£¤,¢¥£¤,0.8,1.0,0.6,Satisfied
Case 467,1,¡,¢¥¢­£¤,¢¥£¤,0.6666666666666667,0.8,0.6,Satisfied
Case 470,1,¡,¢¥£¤,¢¥£¤,1.0,1.0,0.6,Satisfied
Case 474,1,¡,¡¡¢¥£¤,¢¥£¤,0.6666666666666667,0.8,0.6,Satisfied
Case 478,1,¡,¡¢¥£¤,¢¥£¤,0.8,0.8,0.6,Satisfied
Case 480,1,¡,¢£¤,¢¥£¤,0.75,0.75,0.6,Satisfied
Case 483,1,¡,¢£¤,¢¥£¤,0.75,0.75,0.6,Satisfied
Case 484,1,¡,¢¥£¤,¢¥£¤,1.0,1.0,0.6,Satisfied
Case 487,1,¡,¢£¤,¢¥£¤,0.75,0.75,0.6,Satisfied
Case 496,1,¡,¢¥£¤,¢¥£¤,1.0,1.0,0.6,Satisfied
Case 498,1,¡,¢££¤,¢¥£¤,0.75,0.75,0.6,Satisfied
Case 502,1,¡,¢£¤,¢¥£¤,0.75,0.75,0.6,Satisfied
Case 503,1,¡,¢¦­£¤,¢¥£¤,0.6,0.5,0.6,Satisfied
Case 504,1,¡,¢¥£¤,¢¥£¤,1.0,1.0,0.6,Satisfied
Case 506,1,¡,¢­£¤,¢¥£¤,0.75,0.6,0.6,Satisfied
Case 507,1,¡,¢£¤,¢¥£¤,0.75,0.75,0.6,Satisfied
Case 520,1,¡,¢££¤,¢¥£¤,0.75,0.75,0.6,Satisfied
Case 523,1,¢,¥£¤,¥£¤,1.0,1.0,0.6,Satisfied
Case 525,1,¡,¡¢¥¥,¢¥£¤,0.25,0.4,0.6,Satisfied
Case 527,1,¡,¥¡¡¢£¤,¢¥£¤,0.5,0.8,0.6,Satisfied
Case 529,1,¡,¥¥£¤,¢¥£¤,0.75,0.75,0.6,Satisfied
Case 530,1,¡,¢¥¥¥£¤,¢¥£¤,0.6666666666666667,1.0,0.6,Satisfied
Case 532,1,¡,¢£¢¥£¤,¢¥£¤,0.6666666666666667,1.0,0.6,Satisfied
Case 533,1,¡,¢£¤,¢¥£¤,0.75,0.75,0.6,Satisfied
Case 54,1,¡,¢£¤,¢¥£¤,0.75,0.75,0.6,Satisfied
Case 553,1,¡,¢¥£¤,¢¥£¤,1.0,1.0,0.6,Satisfied
Case 554,1,¡,£¤,¢¥£¤,0.5,0.5,0.6,Satisfied
Case 557,1,¢,£¤,¥£¤,0.6666666666666667,0.6666666666666666,0.6,Satisfied
Case 558,1,¡,¢¢£¤,¢¥£¤,0.75,0.75,0.6,Satisfied
Case 559,1,¡,¢¥£¤,¢¥£¤,1.0,1.0,0.6,Satisfied
Case 566,1,¡,¢¥¢¥£¤,¢¥£¤,0.6666666666666667,1.0,0.6,Satisfied
Case 575,1,¡,¢¥£¤,¢¥£¤,1.0,1.0,0.6,Satisfied
Case 58,1,¡,¦­£¤,¢¥£¤,0.5,0.33333333333333326,0.6,Satisfied
Case 593,1,¡,¢£¤,¢¥£¤,0.75,0.75,0.6,Satisfied
Case 594,1,¡,¢£¤,¢¥£¤,0.75,0.75,0.6,Satisfied
Case 595,1,¡,¢¥£¤,¢¥£¤,1.0,1.0,0.6,Satisfied
Case 603,1,¡,¢££¤,¢¥£¤,0.75,0.75,0.6,Satisfied
Case 606,1,¡,¢£¤,¢¥£¤,0.75,0.75,0.6,Satisfied
Case 622,1,¡,¢¦£¤,¢¥£¤,0.75,0.6,0.6,Satisfied
Case 624,1,¡,¢¥£¤,¢¥£¤,1.0,1.0,0.6,Satisfied
Case 626,1,¡,¢¥£¤,¢¥£¤,1.0,1.0,0.6,Satisfied
Case 63,1,¡,¢£¤,¢¥£¤,0.75,0.75,0.6,Satisfied
Case 630,1,¡,¢£¤,¢¥£¤,0.75,0.75,0.6,Satisfied
Case 631,1,¢,¥¢¥£¤,¥£¤,0.6,0.75,0.6,Satisfied
Case 638,1,¡,¢¥¢¥£¤,¢¥£¤,0.6666666666666667,1.0,0.6,Satisfied
Case 639,1,¡,¢¥£¤,¢¥£¤,1.0,1.0,0.6,Satisfied
Case 645,1,¡,¢£¤,¢¥£¤,0.75,0.75,0.6,Satisfied
Case 65,1,¡,¢¥£¤,¢¥£¤,1.0,1.0,0.6,Satisfied
Case 656,1,¡,¢¥££¤,¢¥£¤,0.8,1.0,0.6,Satisfied
Case 664,1,¡,¢¥£¤,¢¥£¤,1.0,1.0,0.6,Satisfied
Case 676,1,¢,¥£¤,¥£¤,1.0,1.0,0.6,Satisfied
Case 679,1,¡,¢£¤,¢¥£¤,0.75,0.75,0.6,Satisfied
Case 685,1,¢,¥£¤,¥£¤,1.0,1.0,0.6,Satisfied
Case 69,1,¡,¢£¤,¢¥£¤,0.75,0.75,0.6,Satisfied
Case 691,1,¡,¢£¤,¢¥£¤,0.75,0.75,0.6,Satisfied
Case 696,1,¡,¢£¤,¢¥£¤,0.75,0.75,0.6,Satisfied
Case 7,1,¡,¡¡¢£¤,¢¥£¤,0.4,0.6,0.6,Satisfied
Case 701,1,¡,¢£¤,¢¥£¤,0.75,0.75,0.6,Satisfied
Case 708,1,¡,¢¥£¤,¢¥£¤,1.0,1.0,0.6,Satisfied
Case 728,1,¡,¢£¤,¢¥£¤,0.75,0.75,0.6,Satisfied
Case 73,1,¡,£¤,¢¥£¤,0.5,0.5,0.6,Satisfied
Case 732,1,¡,¦¢¦­®«£¤,¢¥£¤,0.375,0.375,0.6,Satisfied
Case 747,1,¡,¢¥£¤,¢¥£¤,1.0,1.0,0.6,Satisfied
Case 755,1,¡,¢£¤,¢¥£¤,0.75,0.75,0.6,Satisfied
Case 757,1,¡,¢­¥£¤,¢¥£¤,0.8,0.8,0.6,Satisfied
Case 769,1,¡,¢£¤,¢¥£¤,0.75,0.75,0.6,Satisfied
Case 77,1,¡,¢¥£¤,¢¥£¤,1.0,1.0,0.6,Satisfied
Case 775,1,¡,¢¥£¤,¢¥£¤,1.0,1.0,0.6,Satisfied
Case 780,1,¡,¢¥£¤,¢¥£¤,1.0,1.0,0.6,Satisfied
Case 782,1,¡,¢¥£¤,¢¥£¤,1.0,1.0,0.6,Satisfied
Case 79,1,¡,¢¥¥£¤,¢¥£¤,0.8,1.0,0.6,Satisfied
Case 80,1,¡,¢£¤,¢¥£¤,0.75,0.75,0.6,Satisfied
Case 805,1,¡,¢¥£¤,¢¥£¤,1.0,1.0,0.6,Satisfied
Case 807,1,¡,­£¤,¢¥£¤,0.5,0.4,0.6,Satisfied
Case 809,1,¡,¢¥£¤,¢¥£¤,1.0,1.0,0.6,Satisfied
Case 82,1,¡,¢¥£¤,¢¥£¤,1.0,1.0,0.6,Satisfied
Case 821,1,¡,¢£¤,¢¥£¤,0.75,0.75,0.6,Satisfied
Case 824,1,¡,¢£¤,¢¥£¤,0.75,0.75,0.6,Satisfied
Case 825,1,¡,¢£¤,¢¥£¤,0.75,0.75,0.6,Satisfied
Case 826,1,¡,¢¥£¤,¢¥£¤,1.0,1.0,0.6,Satisfied
Case 829,1,¡,¢£¤,¢¥£¤,0.75,0.75,0.6,Satisfied
Case 83,1,¡,¢¥£¤,¢¥£¤,1.0,1.0,0.6,Satisfied
Case 831,1,¡,¢¥£¤,¢¥£¤,1.0,1.0,0.6,Satisfied
Case 839,1,¢,¥£¤,¥£¤,1.0,1.0,0.6,Satisfied
Case 841,1,¡,¢£¤,¢¥£¤,0.75,0.75,0.6,Satisfied
Case 845,1,¡,¢¥£¤,¢¥£¤,1.0,1.0,0.6,Satisfied
Case 849,1,¡,¢£¤,¢¥£¤,0.75,0.75,0.6,Satisfied
Case 856,1,¡,¢¥£¤,¢¥£¤,1.0,1.0,0.6,Satisfied
Case 868,1,¡,¢¦£¤,¢¥£¤,0.75,0.6,0.6,Satisfied
Case 875,1,¡,¢£¤,¢¥£¤,0.75,0.75,0.6,Satisfied
Case 876,1,¡,¢¥£¤,¢¥£¤,1.0,1.0,0.6,Satisfied
Case 881,1,¡,¢¥£¤,¢¥£¤,1.0,1.0,0.6,Satisfied
Case 89,1,¡,¢£¤,¢¥£¤,0.75,0.75,0.6,Satisfied
Case 894,1,¡,¢¥¥£¤,¢¥£¤,0.8,1.0,0.6,Satisfied
Case 901,1,¡,££¤,¢¥£¤,0.5,0.5,0.6,Satisfied
Case 906,1,¡,¢£¤,¢¥£¤,0.75,0.75,0.6,Satisfied
Case 910,1,¡,¢£¤,¢¥£¤,0.75,0.75,0.6,Satisfied
Case 911,1,¡,¢¢£¤,¢¥£¤,0.75,0.75,0.6,Satisfied
Case 930,1,¡,¢£¤,¢¥£¤,0.75,0.75,0.6,Satisfied
Case 939,1,¡,¢¥¥£¤,¢¥£¤,0.8,1.0,0.6,Satisfied
Case 949,1,¡,¢£¤,¢¥£¤,0.75,0.75,0.6,Satisfied
Case 951,1,¡,¢¥£¤,¢¥£¤,1.0,1.0,0.6,Satisfied
Case 954,1,¡,¢£¤,¢¥£¤,0.75,0.75,0.6,Satisfied
Case 959,1,¡,¢£¤,¢¥£¤,0.75,0.75,0.6,Satisfied
Case 961,1,¡,¢¥£¤,¢¥£¤,1.0,1.0,0.6,Satisfied
Case 962,1,¡,¢£¤,¢¥£¤,0.75,0.75,0.6,Satisfied
Case 963,1,¡,¢£¤,¢¥£¤,0.75,0.75,0.6,Satisfied
Case 964,1,¡,¢£¤,¢¥£¤,0.75,0.75,0.6,Satisfied
Case 97,1,¡,¢£¤,¢¥£¤,0.75,0.75,0.6,Satisfied
Case 979,1,¡,¢£¤,¢¥£¤,0.75,0.75,0.6,Satisfied
Case 980,1,¡,¡£¤,¢¥£¤,0.5,0.4,0.6,Satisfied
Case 984,1,¢,£¤,¥£¤,0.6666666666666667,0.6666666666666666,0.6,Satisfied
Case 986,1,¡,¢¥£¤,¢¥£¤,1.0,1.0,0.6,Satisfied
Case 988,1,¡,¢¥£¤,¢¥£¤,1.0,1.0,0.6,Satisfied
Case 989,1,¡,¢¥£¤,¢¥£¤,1.0,1.0,0.6,Satisfied
Case 998,1,¡,¢¥£¤,¢¥£¤,1.0,1.0,0.6,Satisfied
Case 999,1,¡,¢£¤,¢¥£¤,0.75,0.75,0.6,Satisfied
Case 1,1,¡,¢¢¥£¤,¢¥£¤,0.8,1.0,0.7,Satisfied
Case 100,1,¡,¢­¥£¤,¢¥£¤,0.8,0.8,0.7,Satisfied
Case 1001,1,¡,¢¥£¤,¢¥£¤,1.0,1.0,0.7,Satisfied
Case 1007,1,¡,¢¥£¤,¢¥£¤,1.0,1.0,0.7,Satisfied
Case 1010,1,¡,¢­¥£¤,¢¥£¤,0.8,0.8,0.7,Satisfied
Case 1017,1,¡,¢¥£¥£¤,¢¥£¤,0.6666666666666667,1.0,0.7,Satisfied
Case 1019,1,¡,¢¥£¤,¢¥£¤,1.0,1.0,0.7,Satisfied
Case 1023,1,¡,¥£¥£¤,¢¥£¤,0.6,0.75,0.7,Satisfied
Case 1026,1,¡,¢­¥£¤,¢¥£¤,0.8,0.8,0.7,Satisfied
Case 1027,1,¡,¢¥£¤,¢¥£¤,1.0,1.0,0.7,Satisfied
Case 1043,1,¡,¢¥£¤,¢¥£¤,1.0,1.0,0.7,Satisfied
Case 105,1,¡,¢¥£¤,¢¥£¤,1.0,1.0,0.7,Satisfied
Case 1054,1,¡,¢¥£¤,¢¥£¤,1.0,1.0,0.7,Satisfied
Case 1057,1,¡,¢­¥£¤,¢¥£¤,0.8,0.8,0.7,Satisfied
Case 106,1,¡,¥£¤,¢¥£¤,0.75,0.75,0.7,Satisfied
Case 107,1,¡,¢¥£¤,¢¥£¤,1.0,1.0,0.7,Satisfied
Case 1070,1,¡,¢¥£¢¥£¤,¢¥£¤,0.5714285714285714,1.0,0.7,Satisfied
Case 1075,1,¡,¢¥£¤,¢¥£¤,1.0,1.0,0.7,Satisfied
Case 1079,1,¡,¢¥¥£¤,¢¥£¤,0.8,1.0,0.7,Satisfied
Case 1087,1,¡,¢¥£¢¥£¤,¢¥£¤,0.5714285714285714,1.0,0.7,Satisfied
Case 1088,1,¡,¥£¥£¤,¢¥£¤,0.6,0.75,0.7,Satisfied
Case 1096,1,¡,¢¥£¤,¢¥£¤,1.0,1.0,0.7,Satisfied
Case 1101,1,¡,¢¥£¤,¢¥£¤,1.0,1.0,0.7,Satisfied
Case 1102,1,¡,¢¥£¥£¤,¢¥£¤,0.6666666666666667,1.0,0.7,Satisfied
Case 1104,1,¡,¢¥£¤,¢¥£¤,1.0,1.0,0.7,Satisfied
Case 1109,1,¡,¢¥£¤,¢¥£¤,1.0,1.0,0.7,Satisfied
Case 1110,1,¡,¢¥£¤,¢¥£¤,1.0,1.0,0.7,Satisfied
Case 1111,1,¡,¢¥¢£¤,¢¥£¤,0.8,1.0,0.7,Satisfied
Case 1112,1,¡,¢¥¥£¤,¢¥£¤,0.8,1.0,0.7,Satisfied
Case 1113,1,¡,¢¥£¤,¢¥£¤,1.0,1.0,0.7,Satisfied
Case 1116,1,¡,¢¥£¤,¢¥£¤,1.0,1.0,0.7,Satisfied
Case 1122,1,¡,¢¥£¤,¢¥£¤,1.0,1.0,0.7,Satisfied
Case 1124,1,¡,¢¥£¤,¢¥£¤,1.0,1.0,0.7,Satisfied
Case 1129,1,¡,¢¥¢£¤,¢¥£¤,0.8,1.0,0.7,Satisfied
Case 114,1,¡,¢¥¢¥£¤,¢¥£¤,0.6666666666666667,1.0,0.7,Satisfied
Case 1142,1,¡,¢¥­¥£¤,¢¥£¤,0.6666666666666667,0.8,0.7,Satisfied
Case 1144,1,¡,¥£¢­¥£¤,¢¥£¤,0.5714285714285714,0.8,0.7,Satisfied
Case 1145,1,¡,¢¥£¤,¢¥£¤,1.0,1.0,0.7,Satisfied
Case 115,1,¡,¢¥¥£¤,¢¥£¤,0.8,1.0,0.7,Satisfied
Case 1156,1,¡,¢¥£¤,¢¥£¤,1.0,1.0,0.7,Satisfied
Case 1159,1,¡,¢¥£¤,¢¥£¤,1.0,1.0,0.7,Satisfied
Case 1164,1,¡,¢¥£¤,¢¥£¤,1.0,1.0,0.7,Satisfied
Case 1169,1,¡,¥£¤,¢¥£¤,0.75,0.75,0.7,Satisfied
Case 1176,1,¡,¢¥£¤,¢¥£¤,1.0,1.0,0.7,Satisfied
Case 1179,1,¡,¢¥£¤,¢¥£¤,1.0,1.0,0.7,Satisfied
Case 1185,1,¡,¢¥£¤,¢¥£¤,1.0,1.0,0.7,Satisfied
Case 1193,1,¡,¢¥£¤,¢¥£¤,1.0,1.0,0.7,Satisfied
Case 12,1,¡,¢¥£¤,¢¥£¤,1.0,1.0,0.7,Satisfied
Case 1210,1,¡,¥£¤,¢¥£¤,0.75,0.75,0.7,Satisfied
Case 1221,1,¡,¢¥£¤,¢¥£¤,1.0,1.0,0.7,Satisfied
Case 1235,1,¡,¢¥¥£¤,¢¥£¤,0.8,1.0,0.7,Satisfied
Case 1238,1,¡,¢¥­£¤,¢¥£¤,0.8,0.8,0.7,Satisfied
Case 1239,1,¡,¢¥£¤,¢¥£¤,1.0,1.0,0.7,Satisfied
Case 1246,1,¡,¢¥£¤,¢¥£¤,1.0,1.0,0.7,Satisfied
Case 1249,1,§,¥¥¥¥,¡¢¥£¤,0.19999999999999996,0.19999999999999996,0.7,Satisfied
Case 1250,1,¢,¥£¢¥£¤,¥£¤,0.5,0.75,0.7,Satisfied
Case 1254,1,¡,¡¥¥£¤,¢¥£¤,0.6,0.6,0.7,Satisfied
Case 1261,1,¢,¢¥£¤,¥£¤,0.75,0.75,0.7,Satisfied
Case 1269,1,¡,¢¢¥£¤,¢¥£¤,0.8,1.0,0.7,Satisfied
Case 1272,1,¡,¢¥£¤,¢¥£¤,1.0,1.0,0.7,Satisfied
Case 1275,1,¡,¢¥£¤,¢¥£¤,1.0,1.0,0.7,Satisfied
Case 129,1,¡,¥£¤,¢¥£¤,0.75,0.75,0.7,Satisfied
Case 1290,1,¡,¢¥£¤,¢¥£¤,1.0,1.0,0.7,Satisfied
Case 1292,1,¡,¢¥£¤,¢¥£¤,1.0,1.0,0.7,Satisfied
Case 1299,1,¡,¢¥£¤,¢¥£¤,1.0,1.0,0.7,Satisfied
Case 13,1,¡,¢¥£¤,¢¥£¤,1.0,1.0,0.7,Satisfied
Case 1301,1,¡,¢¥£¤,¢¥£¤,1.0,1.0,0.7,Satisfied
Case 1303,1,¡,¢­¥£¤,¢¥£¤,0.8,0.8,0.7,Satisfied
Case 1304,1,¡,¢¥£¤,¢¥£¤,1.0,1.0,0.7,Satisfied
Case 1305,1,¡,¢¥£¤,¢¥£¤,1.0,1.0,0.7,Satisfied
Case 1309,1,¡,¥£¤,¢¥£¤,0.75,0.75,0.7,Satisfied
Case 131,1,¡,¢¥£¤,¢¥£¤,1.0,1.0,0.7,Satisfied
Case 1313,1,¡,¢¥£¤,¢¥£¤,1.0,1.0,0.7,Satisfied
Case 1314,1,¡,¢¦¥£¤,¢¥£¤,0.8,0.8,0.7,Satisfied
Case 1315,1,¡,¢¥£¤,¢¥£¤,1.0,1.0,0.7,Satisfied
Case 1318,1,¡,¢­¥£¤,¢¥£¤,0.8,0.8,0.7,Satisfied
Case 1319,1,¡,¢¥£¤,¢¥£¤,1.0,1.0,0.7,Satisfied
Case 1323,1,¡,¢¥£¤,¢¥£¤,1.0,1.0,0.7,Satisfied
Case 1327,1,¡,¥£¤,¢¥£¤,0.75,0.75,0.7,Satisfied
Case 1330,1,¡,¥£¥£¤,¢¥£¤,0.6,0.75,0.7,Satisfied
Case 1332,1,¡,¢¥£¤,¢¥£¤,1.0,1.0,0.7,Satisfied
Case 1338,1,¡,¥£¤,¢¥£¤,0.75,0.75,0.7,Satisfied
Case 1356,1,¡,¢¥£¤,¢¥£¤,1.0,1.0,0.7,Satisfied
Case 1358,1,¡,¢¥£¤,¢¥£¤,1.0,1.0,0.7,Satisfied
Case 1359,1,§,¥¥,¡¢¥£¤,0.19999999999999996,0.19999999999999996,0.7,Satisfied
Case 1364,1,¡,¢¥­­£¤,¢¥£¤,0.6666666666666667,0.8,0.7,Satisfied
Case 1366,1,¡,¢¥£¤,¢¥£¤,1.0,1.0,0.7,Satisfied
Case 1371,1,¡,¥£¥£¤,¢¥£¤,0.6,0.75,0.7,Satisfied
Case 1375,1,¡,¢¥£¤,¢¥£¤,1.0,1.0,0.7,Satisfied
Case 1384,1,¡,¥£¥£¤,¢¥£¤,0.6,0.75,0.7,Satisfied
Case 1386,1,¡,¢¥£¥£¤,¢¥£¤,0.6666666666666667,1.0,0.7,Satisfied
Case 1387,1,¡,¢¥£¤,¢¥£¤,1.0,1.0,0.7,Satisfied
Case 1388,1,¡,¢­­¥£¤,¢¥£¤,0.6666666666666667,0.8,0.7,Satisfied
Case 1393,1,¡,¡¢¥£¤,¢¥£¤,0.8,0.8,0.7,Satisfied
Case 1396,1,¡,¢¥£¤,¢¥£¤,1.0,1.0,0.7,Satisfied
Case 1397,1,¡,¢¥£¤,¢¥£¤,1.0,1.0,0.7,Satisfied
Case 1398,1,¡,¢¥£¤,¢¥£¤,1.0,1.0,0.7,Satisfied
Case 140,1,¡,¢¥£¤,¢¥£¤,1.0,1.0,0.7,Satisfied
Case 1407,1,¡,¢¥¢¥£¤,¢¥£¤,0.6666666666666667,1.0,0.7,Satisfied
Case 1409,1,¡,¢¥£¤,¢¥£¤,1.0,1.0,0.7,Satisfied
Case 1420,1,¡,¢¨¥£¤,¢¥£¤,0.8,0.8,0.7,Satisfied
Case 143,1,¡,¢¥£¤,¢¥£¤,1.0,1.0,0.7,Satisfied
Case 1432,1,¡,¢¥£¤,¢¥£¤,1.0,1.0,0.7,Satisfied
Case 1433,1,¡,¢¥£¤,¢¥£¤,1.0,1.0,0.7,Satisfied
Case 144,1,¡,¢¥£¤,¢¥£¤,1.0,1.0,0.7,Satisfied
Case 1441,1,¡,¢¥£¤,¢¥£¤,1.0,1.0,0.7,Satisfied
Case 1445,1,¡,¢¥£¤,¢¥£¤,1.0,1.0,0.7,Satisfied
Case 1449,1,¡,¥¢¥£¤,¢¥£¤,0.8,1.0,0.7,Satisfied
Case 145,1,¡,¢­¥£¤,¢¥£¤,0.8,0.8,0.7,Satisfied
Case 1450,1,¡,¢¥£¤,¢¥£¤,1.0,1.0,0.7,Satisfied
Case 1451,1,¡,¢­¥£¥£¤,¢¥£¤,0.5714285714285714,0.8,0.7,Satisfied
Case 1457,1,¡,¢¥£¤,¢¥£¤,1.0,1.0,0.7,Satisfied
Case 1460,1,¡,¢¥¢¥£¤,¢¥£¤,0.6666666666666667,1.0,0.7,Satisfied
Case 1464,1,¡,¢¥£¤,¢¥£¤,1.0,1.0,0.7,Satisfied
Case 1465,1,¡,¢¥£¤,¢¥£¤,1.0,1.0,0.7,Satisfied
Case 1466,1,¡,¢¥£¤,¢¥£¤,1.0,1.0,0.7,Satisfied
Case 147,1,¡,¢¥£¤,¢¥£¤,1.0,1.0,0.7,Satisfied
Case 1471,1,¡,¢­¥£¤,¢¥£¤,0.8,0.8,0.7,Satisfied
Case 1478,1,¡,¡¢¥¢¥£¤,¢¥£¤,0.5714285714285714,0.8,0.7,Satisfied
Case 1484,1,¡,¢¥£¤,¢¥£¤,1.0,1.0,0.7,Satisfied
Case 1487,1,¡,¢¥£¤,¢¥£¤,1.0,1.0,0.7,Satisfied
Case 1495,1,¡,¢­­¥£¤,¢¥£¤,0.6666666666666667,0.8,0.7,Satisfied
Case 15,1,¡,¡¢¥£¤,¢¥£¤,0.8,0.8,0.7,Satisfied
Case 1500,1,¡,¥£¥£¤,¢¥£¤,0.6,0.75,0.7,Satisfied
Case 1501,1,¢,¥£¥£¤,¥£¤,0.6,1.0,0.7,Satisfied
Case 1506,1,¡,¥¥¢£¥£¤,¢¥£¤,0.5714285714285714,1.0,0.7,Satisfied
Case 1507,1,¡,¢¥£¤,¢¥£¤,1.0,1.0,0.7,Satisfied
Case 1509,1,¡,¢¥£¤,¢¥£¤,1.0,1.0,0.7,Satisfied
Case 1510,1,¡,¢¥£¤,¢¥£¤,1.0,1.0,0.7,Satisfied
Case 1519,1,¡,¥£¥£¤,¢¥£¤,0.6,0.75,0.7,Satisfied
Case 1535,1,¡,¡¡¥£¤,¢¥£¤,0.6,0.6,0.7,Satisfied
Case 154,1,¡,¢¥£¤,¢¥£¤,1.0,1.0,0.7,Satisfied
Case 1543,1,¡,¢¥£¤,¢¥£¤,1.0,1.0,0.7,Satisfied
Case 1553,1,¡,¢¥£¤,¢¥£¤,1.0,1.0,0.7,Satisfied
Case 156,1,¡,¢¥£¤,¢¥£¤,1.0,1.0,0.7,Satisfied
Case 1562,1,¡,¢¥£¤,¢¥£¤,1.0,1.0,0.7,Satisfied
Case 1570,1,¡,¢¥£¤,¢¥£¤,1.0,1.0,0.7,Satisfied
Case 1571,1,¡,¢¥¥¥¥¥,¢¥£¤,0.33333333333333337,0.5,0.7,Satisfied
Case 1574,1,¡,¢¥£¤,¢¥£¤,1.0,1.0,0.7,Satisfied
Case 1577,1,§,¡¡¢¥£¤,¡¢¥£¤,0.8333333333333334,1.0,0.7,Satisfied
Case 1580,1,¡,¢¥£¤,¢¥£¤,1.0,1.0,0.7,Satisfied
Case 1587,1,¡,¢¥£¤,¢¥£¤,1.0,1.0,0.7,Satisfied
Case 1603,1,¡,¥£¥£¤,¢¥£¤,0.6,0.75,0.7,Satisfied
Case 1604,1,¡,¢¥£¤,¢¥£¤,1.0,1.0,0.7,Satisfied
Case 1605,1,¡,¢¢¥£¤,¢¥£¤,0.8,1.0,0.7,Satisfied
Case 1609,1,¡,¢¥£¤,¢¥£¤,1.0,1.0,0.7,Satisfied
Case 1610,1,¡,¢¥£¤,¢¥£¤,1.0,1.0,0.7,Satisfied
Case 1615,1,¡,¢¥£¤,¢¥£¤,1.0,1.0,0.7,Satisfied
Case 1650,1,¡,¦¦¬¬­¥£¤,¢¥£¤,0.375,0.4285714285714286,0.7,Satisfied
Case 1655,1,¡,¢¥£¤,¢¥£¤,1.0,1.0,0.7,Satisfied
Case 1658,1,¡,¢­¥£¤,¢¥£¤,0.8,0.8,0.7,Satisfied
Case 1663,1,¡,¥£¤,¢¥£¤,0.75,0.75,0.7,Satisfied
Case 1664,1,¢,¥£¤,¥£¤,1.0,1.0,0.7,Satisfied
Case 1671,1,¡,¢¥£¤,¢¥£¤,1.0,1.0,0.7,Satisfied
Case 1674,1,¡,¢¥£¤,¢¥£¤,1.0,1.0,0.7,Satisfied
Case 1675,1,¡,¢¥£¤,¢¥£¤,1.0,1.0,0.7,Satisfied
Case 1679,1,¡,¢¥£¤,¢¥£¤,1.0,1.0,0.7,Satisfied
Case 1681,1,¡,¢¥£¤,¢¥£¤,1.0,1.0,0.7,Satisfied
Case 1682,1,¡,¢¥£¤,¢¥£¤,1.0,1.0,0.7,Satisfied
Case 169,1,¡,¥£¤,¢¥£¤,0.75,0.75,0.7,Satisfied
Case 1691,1,§,¡¢¥£¤,¡¢¥£¤,1.0,1.0,0.7,Satisfied
Case 1697,1,¡,¢¥£¤,¢¥£¤,1.0,1.0,0.7,Satisfied
Case 1704,1,¡,¢¥£¤,¢¥£¤,1.0,1.0,0.7,Satisfied
Case 1709,1,¡,¢¥£¤,¢¥£¤,1.0,1.0,0.7,Satisfied
Case 1711,1,¡,¢¥£¤,¢¥£¤,1.0,1.0,0.7,Satisfied
Case 1718,1,¡,¢¥£¤,¢¥£¤,1.0,1.0,0.7,Satisfied
Case 1723,1,¡,¢¥£¤,¢¥£¤,1.0,1.0,0.7,Satisfied
Case 1730,1,¡,¢¥£¤,¢¥£¤,1.0,1.0,0.7,Satisfied
Case 1735,1,¡,­¥£¥£¤,¢¥£¤,0.5,0.6,0.7,Satisfied
Case 1746,1,¡,¢¥£¤,¢¥£¤,1.0,1.0,0.7,Satisfied
Case 1754,1,¡,¢¥£¤,¢¥£¤,1.0,1.0,0.7,Satisfied
Case 1760,1,¡,¢¥£¢¥¢£¤,¢¥£¤,0.5,1.0,0.7,Satisfied
Case 1761,1,¡,¢¥£¤,¢¥£¤,1.0,1.0,0.7,Satisfied
Case 1764,1,¡,­¥£¥£¤,¢¥£¤,0.5,0.6,0.7,Satisfied
Case 1771,1,¡,¢¥£¤,¢¥£¤,1.0,1.0,0.7,Satisfied
Case 1772,1,¡,¢¥£¤,¢¥£¤,1.0,1.0,0.7,Satisfied
Case 1776,1,¡,¢¥£¤,¢¥£¤,1.0,1.0,0.7,Satisfied
Case 1777,1,¡,¢¥£¤,¢¥£¤,1.0,1.0,0.7,Satisfied
Case 1787,1,¡,¢¥¥£¥£¤,¢¥£¤,0.5714285714285714,1.0,0.7,Satisfied
Case 1788,1,¡,¢¥£¤,¢¥£¤,1.0,1.0,0.7,Satisfied
Case 1791,1,¡,¢¥£¤,¢¥£¤,1.0,1.0,0.7,Satisfied
Case 1792,1,¡,¢¥£¤,¢¥£¤,1.0,1.0,0.7,Satisfied
Case 1795,1,¡,¢¥£¤,¢¥£¤,1.0,1.0,0.7,Satisfied
Case 1799,1,¡,¢­¥£¤,¢¥£¤,0.8,0.8,0.7,Satisfied
Case 18,1,¡,¢¥£¥£¤,¢¥£¤,0.6666666666666667,1.0,0.7,Satisfied
Case 1812,1,¡,¢¥£¤,¢¥£¤,1.0,1.0,0.7,Satisfied
Case 1813,1,¡,¢¥£¤,¢¥£¤,1.0,1.0,0.7,Satisfied
Case 1814,1,¡,¢¥£¤,¢¥£¤,1.0,1.0,0.7,Satisfied
Case 1815,1,¡,¢¥£¤,¢¥£¤,1.0,1.0,0.7,Satisfied
Case 1817,1,¡,¢¥£¤,¢¥£¤,1.0,1.0,0.7,Satisfied
Case 1823,1,¡,¢¥£¤,¢¥£¤,1.0,1.0,0.7,Satisfied
Case 1826,1,¡,¢¥£¤,¢¥£¤,1.0,1.0,0.7,Satisfied
Case 1828,1,¡,¢¥£¤,¢¥£¤,1.0,1.0,0.7,Satisfied
Case 1831,1,¡,¢¥£¤,¢¥£¤,1.0,1.0,0.7,Satisfied
Case 184,1,¡,¢¢¥£¤,¢¥£¤,0.8,1.0,0.7,Satisfied
Case 1843,1,¡,¡¥£¤,¢¥£¤,0.75,0.6,0.7,Satisfied
Case 1848,1,¡,¢¥£¤,¢¥£¤,1.0,1.0,0.7,Satisfied
Case 1858,1,¡,¥£¤,¢¥£¤,0.75,0.75,0.7,Satisfied
Case 1860,1,¡,¢¥£¤,¢¥£¤,1.0,1.0,0.7,Satisfied
Case 1868,1,¡,¢¥£¤,¢¥£¤,1.0,1.0,0.7,Satisfied
Case 1869,1,¡,¢¥£¤,¢¥£¤,1.0,1.0,0.7,Satisfied
Case 1874,1,§,¡¢¥£¤,¡¢¥£¤,1.0,1.0,0.7,Satisfied
Case 1882,1,¡,¢¥£¤,¢¥£¤,1.0,1.0,0.7,Satisfied
Case 1884,1,¡,¢¥£¤,¢¥£¤,1.0,1.0,0.7,Satisfied
Case 1887,1,¡,¢¥£¤,¢¥£¤,1.0,1.0,0.7,Satisfied
Case 1892,1,¡,¢¥£¤,¢¥£¤,1.0,1.0,0.7,Satisfied
Case 1894,1,¡,¢¥£¤,¢¥£¤,1.0,1.0,0.7,Satisfied
Case 1900,1,¡,¢¥£¤,¢¥£¤,1.0,1.0,0.7,Satisfied
Case 1901,1,¡,¢¥£¤,¢¥£¤,1.0,1.0,0.7,Satisfied
Case 1903,1,¡,¢¥£¤,¢¥£¤,1.0,1.0,0.7,Satisfied
Case 191,1,¡,¡¢¥£¤,¢¥£¤,0.8,0.8,0.7,Satisfied
Case 1915,1,¡,¢¥£¤,¢¥£¤,1.0,1.0,0.7,Satisfied
Case 1916,1,¡,¢¥£¤,¢¥£¤,1.0,1.0,0.7,Satisfied
Case 1918,1,¡,¥£¤,¢¥£¤,0.75,0.75,0.7,Satisfied
Case 192,1,¡,¡¢¥£¤¢¥£¤,¢¥£¤,0.4444444444444444,0.8,0.7,Satisfied
Case 1924,1,¡,¢¥£¤,¢¥£¤,1.0,1.0,0.7,Satisfied
Case 193,1,¡,¢¥£¤,¢¥£¤,1.0,1.0,0.7,Satisfied
Case 1946,1,¡,¢¥£¤,¢¥£¤,1.0,1.0,0.7,Satisfied
Case 1961,1,¡,¢¥£¤,¢¥£¤,1.0,1.0,0.7,Satisfied
Case 1968,1,¡,¢¥£¤,¢¥£¤,1.0,1.0,0.7,Satisfied
Case 1975,1,¡,¢¥£¤,¢¥£¤,1.0,1.0,0.7,Satisfied
Case 1978,1,¡,¥¢¥£¤,¢¥£¤,0.8,1.0,0.7,Satisfied
Case 1980,1,¡,¢¥£¤,¢¥£¤,1.0,1.0,0.7,Satisfied
Case 1987,1,¡,¥£¤,¢¥£¤,0.75,0.75,0.7,Satisfied
Case 20,1,¡,¢¥£¤,¢¥£¤,1.0,1.0,0.7,Satisfied
Case 2007,1,¡,¢­¥£¥£¤,¢¥£¤,0.5714285714285714,0.8,0.7,Satisfied
Case 2013,1,¡,¢¥£¤,¢¥£¤,1.0,1.0,0.7,Satisfied
Case 202,1,¡,¢¥£¤,¢¥£¤,1.0,1.0,0.7,Satisfied
Case 2021,1,¡,¢¥£¤,¢¥£¤,1.0,1.0,0.7,Satisfied
Case 2022,1,¡,¡¡¥£¤,¢¥£¤,0.6,0.6,0.7,Satisfied
Case 2035,1,¡,¢¦­¥£¤,¢¥£¤,0.6666666666666667,0.6666666666666666,0.7,Satisfied
Case 2037,1,¡,¥£¤,¢¥£¤,0.75,0.75,0.7,Satisfied
Case 2050,1,¡,¢¥£¤,¢¥£¤,1.0,1.0,0.7,Satisfied
Case 2059,1,¡,¢¥£¤,¢¥£¤,1.0,1.0,0.7,Satisfied
Case 2062,1,¡,¢¥£¤,¢¥£¤,1.0,1.0,0.7,Satisfied
Case 2068,1,¡,¢¥£¤,¢¥£¤,1.0,1.0,0.7,Satisfied
Case 2074,1,¡,¢¥£¤,¢¥£¤,1.0,1.0,0.7,Satisfied
Case 2081,1,¡,¢­¥£¤,¢¥£¤,0.8,0.8,0.7,Satisfied
Case 2083,1,¡,¢¥£¤,¢¥£¤,1.0,1.0,0.7,Satisfied
Case 2092,1,¡,¢¥£¤,¢¥£¤,1.0,1.0,0.7,Satisfied
Case 2093,1,¡,¢¥£¤,¢¥£¤,1.0,1.0,0.7,Satisfied
Case 2097,1,¡,¢¥£¤,¢¥£¤,1.0,1.0,0.7,Satisfied
Case 210,1,¡,¢¥£¤,¢¥£¤,1.0,1.0,0.7,Satisfied
Case 2103,1,¡,¢¥£¤,¢¥£¤,1.0,1.0,0.7,Satisfied
Case 2104,1,¡,¢­¥£¤,¢¥£¤,0.8,0.8,0.7,Satisfied
Case 2105,1,¡,¢¥£¤,¢¥£¤,1.0,1.0,0.7,Satisfied
Case 2108,1,¡,¢¥£¤,¢¥£¤,1.0,1.0,0.7,Satisfied
Case 211,1,¡,¥£¤,¢¥£¤,0.75,0.75,0.7,Satisfied
Case 2112,1,¡,¢¥£¤,¢¥£¤,1.0,1.0,0.7,Satisfied
Case 2117,1,¡,¥¥£¢¥£¥£¤,¢¥£¤,0.4444444444444444,1.0,0.7,Satisfied
Case 2121,1,¡,¢¥£¤,¢¥£¤,1.0,1.0,0.7,Satisfied
Case 2123,1,¡,¡¢¥£¥£¤,¢¥£¤,0.5714285714285714,0.8,0.7,Satisfied
Case 2125,1,¡,¢¥­,¢¥£¤,0.5,0.4,0.7,Satisfied
Case 2126,1,¡,¢¥£¤,¢¥£¤,1.0,1.0,0.7,Satisfied
Case 2134,1,¡,¥¢£¤,¢¥£¤,0.75,1.0,0.7,Satisfied
Case 2141,1,¡,¢¥£¤,¢¥£¤,1.0,1.0,0.7,Satisfied
Case 2142,1,¡,¢¥£¤,¢¥£¤,1.0,1.0,0.7,Satisfied
Case 2143,1,¡,¢­¥£¤,¢¥£¤,0.8,0.8,0.7,Satisfied
Case 2152,1,¡,¢¥£¤,¢¥£¤,1.0,1.0,0.7,Satisfied
Case 2156,1,¡,¢¥£¤,¢¥£¤,1.0,1.0,0.7,Satisfied
Case 2157,1,¡,¥£¥£¤,¢¥£¤,0.6,0.75,0.7,Satisfied
Case 2163,1,¡,¢¥£¤,¢¥£¤,1.0,1.0,0.7,Satisfied
Case 2167,1,¡,¢¥£¤,¢¥£¤,1.0,1.0,0.7,Satisfied
Case 2168,1,¡,¢¥¥£¤,¢¥£¤,0.8,1.0,0.7,Satisfied
Case 2172,1,¡,¢¥£¤,¢¥£¤,1.0,1.0,0.7,Satisfied
Case 2176,1,¡,¢¥£¤,¢¥£¤,1.0,1.0,0.7,Satisfied
Case 2177,1,¡,¥¥£¤,¢¥£¤,0.75,0.75,0.7,Satisfied
Case 2183,1,¡,¢¥£¤,¢¥£¤,1.0,1.0,0.7,Satisfied
Case 2187,1,¡,¢¥£¤,¢¥£¤,1.0,1.0,0.7,Satisfied
Case 2191,1,¡,¢¥£¤,¢¥£¤,1.0,1.0,0.7,Satisfied
Case 2197,1,¡,¢¥£¤,¢¥£¤,1.0,1.0,0.7,Satisfied
Case 2201,1,¡,¢¥£¤,¢¥£¤,1.0,1.0,0.7,Satisfied
Case 2203,1,¡,¢¥£¤,¢¥£¤,1.0,1.0,0.7,Satisfied
Case 2210,1,¡,¢¥£¤,¢¥£¤,1.0,1.0,0.7,Satisfied
Case 2211,1,¡,¢¥£¤,¢¥£¤,1.0,1.0,0.7,Satisfied
Case 2215,1,¡,¢¥£¤,¢¥£¤,1.0,1.0,0.7,Satisfied
Case 2219,1,¡,¢¥¢£¤,¢¥£¤,0.8,1.0,0.7,Satisfied
Case 2220,1,¡,¢¥£¤,¢¥£¤,1.0,1.0,0.7,Satisfied
Case 2227,1,¡,¥£¥£¤,¢¥£¤,0.6,0.75,0.7,Satisfied
Case 2228,1,¡,¢¥£¤,¢¥£¤,1.0,1.0,0.7,Satisfied
Case 2229,1,¡,¥£¤,¢¥£¤,0.75,0.75,0.7,Satisfied
Case 2232,1,¡,¥£¤,¢¥£¤,0.75,0.75,0.7,Satisfied
Case 2236,1,¡,¢¥£¤,¢¥£¤,1.0,1.0,0.7,Satisfied
Case 2239,1,¡,¢¥£¥£¢¥£¤,¢¥£¤,0.4444444444444444,1.0,0.7,Satisfied
Case 2245,1,¡,¢¥£¤,¢¥£¤,1.0,1.0,0.7,Satisfied
Case 2253,1,¢,¥£¤,¥£¤,1.0,1.0,0.7,Satisfied
Case 2256,1,¡,¥£¤,¢¥£¤,0.75,0.75,0.7,Satisfied
Case 2267,1,¡,¢¥£¤,¢¥£¤,1.0,1.0,0.7,Satisfied
Case 2268,1,¡,¢¥£¤,¢¥£¤,1.0,1.0,0.7,Satisfied
Case 2279,1,¡,¢¥£¤,¢¥£¤,1.0,1.0,0.7,Satisfied
Case 2285,1,¡,¥¢¥£¤,¢¥£¤,0.8,1.0,0.7,Satisfied
Case 2290,1,¡,¢¥£¤,¢¥£¤,1.0,1.0,0.7,Satisfied
Case 2296,1,¡,¢¥£¤,¢¥£¤,1.0,1.0,0.7,Satisfied
Case 23,1,¡,¢¥£¤,¢¥£¤,1.0,1.0,0.7,Satisfied
Case 230,1,¡,¡¢¥£¤,¢¥£¤,0.8,0.8,0.7,Satisfied
Case 2300,1,¡,¢­­¦­,¢¥£¤,0.19999999999999996,0.16666666666666663,0.7,Satisfied
Case 2302,1,¡,¢¥£¤,¢¥£¤,1.0,1.0,0.7,Satisfied
Case 2308,1,¡,¢¥£¤,¢¥£¤,1.0,1.0,0.7,Satisfied
Case 2315,1,¡,¢¥£¤,¢¥£¤,1.0,1.0,0.7,Satisfied
Case 232,1,¡,¢¥¥£¥£¤,¢¥£¤,0.5714285714285714,1.0,0.7,Satisfied
Case 2322,1,¡,¢¥£¤,¢¥£¤,1.0,1.0,0.7,Satisfied
Case 2328,1,¡,¢¥£¤,¢¥£¤,1.0,1.0,0.7,Satisfied
Case 233,1,¡,¢¥£¤,¢¥£¤,1.0,1.0,0.7,Satisfied
Case 2330,1,¡,¢¥£¤,¢¥£¤,1.0,1.0,0.7,Satisfied
Case 2335,1,¡,¢¥£¤,¢¥£¤,1.0,1.0,0.7,Satisfied
Case 2342,1,¡,¢¥¥£¤,¢¥£¤,0.8,1.0,0.7,Satisfied
Case 2346,1,§,¡¢¥£¤,¡¢¥£¤,1.0,1.0,0.7,Satisfied
Case 2348,1,¡,¢¥£¤,¢¥£¤,1.0,1.0,0.7,Satisfied
Case 235,1,§,¡¢¥£¤,¡¢¥£¤,1.0,1.0,0.7,Satisfied
Case 2356,1,¡,¢¥¥£¤,¢¥£¤,0.8,1.0,0.7,Satisfied
Case 2362,1,¢,¥£¤,¥£¤,1.0,1.0,0.7,Satisfied
Case 2367,1,¡,¢¥£¤,¢¥£¤,1.0,1.0,0.7,Satisfied
Case 2368,1,¡,¢¥£¥£¥£­¢¥£¤,¢¥£¤,0.33333333333333337,0.8,0.7,Satisfied
Case 237,1,¡,¢­¥£¤,¢¥£¤,0.8,0.8,0.7,Satisfied
Case 2374,1,¡,¢¥£¤,¢¥£¤,1.0,1.0,0.7,Satisfied
Case 2375,1,¡,¡¡¢¥£¤,¢¥£¤,0.6666666666666667,0.8,0.7,Satisfied
Case 2380,1,¡,¢¥¢£¤,¢¥£¤,0.8,1.0,0.7,Satisfied
Case 2381,1,¡,¡¡¥£¥£¤,¢¥£¤,0.4285714285714286,0.6,0.7,Satisfied
Case 2390,1,¡,¢¥£¤,¢¥£¤,1.0,1.0,0.7,Satisfied
Case 2391,1,¡,¢¥£¤,¢¥£¤,1.0,1.0,0.7,Satisfied
Case 2398,1,¡,¢¥£¤,¢¥£¤,1.0,1.0,0.7,Satisfied
Case 2399,1,¡,¢¢¥£¤,¢¥£¤,0.8,1.0,0.7,Satisfied
Case 2403,1,¡,¢¥£¤,¢¥£¤,1.0,1.0,0.7,Satisfied
Case 2415,1,¡,¢¥£¤,¢¥£¤,1.0,1.0,0.7,Satisfied
Case 2417,1,¡,¢¥­£¤,¢¥£¤,0.8,0.8,0.7,Satisfied
Case 242,1,¡,¢¥£¤,¢¥£¤,1.0,1.0,0.7,Satisfied
Case 2431,1,¡,¢¥£¤,¢¥£¤,1.0,1.0,0.7,Satisfied
Case 2432,1,¡,¢¥£¤,¢¥£¤,1.0,1.0,0.7,Satisfied
Case 2436,1,¡,¥£¤¢,¢¥£¤,0.5,1.0,0.7,Satisfied
Case 2447,1,¡,¢¢¥£¤,¢¥£¤,0.8,1.0,0.7,Satisfied
Case 2448,1,¡,¢¥£¤,¢¥£¤,1.0,1.0,0.7,Satisfied
Case 2451,1,¡,¢¦­­¥£,¢¥£¤,0.33333333333333337,0.5,0.7,Satisfied
Case 2452,1,¡,¢¥£¤,¢¥£¤,1.0,1.0,0.7,Satisfied
Case 2455,1,¡,¢¥£¤,¢¥£¤,1.0,1.0,0.7,Satisfied
Case 2458,1,¡,¢¥£¤,¢¥£¤,1.0,1.0,0.7,Satisfied
Case 2465,1,¡,¢¥£¤,¢¥£¤,1.0,1.0,0.7,Satisfied
Case 2466,1,¡,¢­­¥£¤,¢¥£¤,0.6666666666666667,0.8,0.7,Satisfied
Case 247,1,§,¢¥£¤,¡¢¥£¤,0.8,0.8,0.7,Satisfied
Case 2473,1,¡,¢¥¢¥£¤,¢¥£¤,0.6666666666666667,1.0,0.7,Satisfied
Case 2474,1,¡,¢¥£¤,¢¥£¤,1.0,1.0,0.7,Satisfied
Case 2476,1,¡,¢­¥£¤,¢¥£¤,0.8,0.8,0.7,Satisfied
Case 2481,1,¡,¢­¥£¤,¢¥£¤,0.8,0.8,0.7,Satisfied
Case 2490,1,¡,¡¢¥£¤,¢¥£¤,0.8,0.8,0.7,Satisfied
Case 2492,1,¡,¢¥£¤,¢¥£¤,1.0,1.0,0.7,Satisfied
Case 2498,1,¡,¢¥£¤,¢¥£¤,1.0,1.0,0.7,Satisfied
Case 2499,1,¡,¢¥£¤,¢¥£¤,1.0,1.0,0.7,Satisfied
Case 2504,1,¡,¢¥£¤,¢¥£¤,1.0,1.0,0.7,Satisfied
Case 2508,1,¡,¢¥£¤,¢¥£¤,1.0,1.0,0.7,Satisfied
Case 2512,1,¡,¢¥£¥£¤,¢¥£¤,0.6666666666666667,1.0,0.7,Satisfied
Case 2514,1,¡,¢¥¥£¤,¢¥£¤,0.8,1.0,0.7,Satisfied
Case 2522,1,¡,¢¥£¥£¤,¢¥£¤,0.6666666666666667,1.0,0.7,Satisfied
Case 253,1,¡,¢¥£¤,¢¥£¤,1.0,1.0,0.7,Satisfied
Case 2530,1,¡,¢¥£¤,¢¥£¤,1.0,1.0,0.7,Satisfied
Case 2534,1,¡,¢¥£¤,¢¥£¤,1.0,1.0,0.7,Satisfied
Case 2541,1,¢,¥£¤,¥£¤,1.0,1.0,0.7,Satisfied
Case 2550,1,¡,¢¥¥£¥£¤,¢¥£¤,0.5714285714285714,1.0,0.7,Satisfied
Case 2555,1,¡,¢¥£¤,¢¥£¤,1.0,1.0,0.7,Satisfied
Case 2558,1,¡,¢¥£¤,¢¥£¤,1.0,1.0,0.7,Satisfied
Case 2569,1,¡,¢¥£¤,¢¥£¤,1.0,1.0,0.7,Satisfied
Case 2571,1,¡,¢¥£¤,¢¥£¤,1.0,1.0,0.7,Satisfied
Case 2577,1,¡,¢¥£¤,¢¥£¤,1.0,1.0,0.7,Satisfied
Case 2581,1,¡,¡¢¥£¤,¢¥£¤,0.8,0.8,0.7,Satisfied
Case 2585,1,¡,¢¥£¤,¢¥£¤,1.0,1.0,0.7,Satisfied
Case 2591,1,¡,¢¥£¤,¢¥£¤,1.0,1.0,0.7,Satisfied
Case 2593,1,¡,­¥£¤,¢¥£¤,0.75,0.6,0.7,Satisfied
Case 2596,1,¡,¢¥£¤,¢¥£¤,1.0,1.0,0.7,Satisfied
Case 2598,1,¡,¢¥£¤,¢¥£¤,1.0,1.0,0.7,Satisfied
Case 2599,1,¡,¢¥£¤,¢¥£¤,1.0,1.0,0.7,Satisfied
Case 2603,1,¡,¢¥£¤,¢¥£¤,1.0,1.0,0.7,Satisfied
Case 2607,1,¡,¢¥£¤,¢¥£¤,1.0,1.0,0.7,Satisfied
Case 2609,1,¡,¢¥£¤,¢¥£¤,1.0,1.0,0.7,Satisfied
Case 261,1,¡,¢¥£¤,¢¥£¤,1.0,1.0,0.7,Satisfied
Case 2611,1,¡,¢¥£¤,¢¥£¤,1.0,1.0,0.7,Satisfied
Case 2613,1,¡,¢¥¥¥£¥£¤,¢¥£¤,0.5,1.0,0.7,Satisfied
Case 2614,1,¡,¢¥£¤,¢¥£¤,1.0,1.0,0.7,Satisfied
Case 2616,1,¡,¥£¤,¢¥£¤,0.75,0.75,0.7,Satisfied
Case 262,1,¡,¢¥£¥£¤,¢¥£¤,0.6666666666666667,1.0,0.7,Satisfied
Case 2620,1,¡,¢­¥£¤,¢¥£¤,0.8,0.8,0.7,Satisfied
Case 2622,1,¢,¥£¤,¥£¤,1.0,1.0,0.7,Satisfied
Case 2625,1,¡,¢¥£¤,¢¥£¤,1.0,1.0,0.7,Satisfied
Case 2631,1,¡,¢¥£¤,¢¥£¤,1.0,1.0,0.7,Satisfied
Case 2634,1,¡,¢¥£¤,¢¥£¤,1.0,1.0,0.7,Satisfied
Case 2643,1,¡,¥£¤,¢¥£¤,0.75,0.75,0.7,Satisfied
Case 265,1,¡,¢¥£¤,¢¥£¤,1.0,1.0,0.7,Satisfied
Case 2659,1,¡,¢¥¥¢£¤,¢¥£¤,0.6666666666666667,1.0,0.7,Satisfied
Case 2665,1,¡,¢¥£¤,¢¥£¤,1.0,1.0,0.7,Satisfied
Case 2666,1,¡,¡¢¥¥£¤,¢¥£¤,0.6666666666666667,0.8,0.7,Satisfied
Case 2667,1,¡,¢¥¥£¢¥£¤,¢¥£¤,0.5,1.0,0.7,Satisfied
Case 2668,1,¡,¡¢­¥£¤,¢¥£¤,0.6666666666666667,0.6666666666666666,0.7,Satisfied
Case 2674,1,¡,¢¥¢£¤,¢¥£¤,0.8,1.0,0.7,Satisfied
Case 2676,1,¡,¢¥£¤,¢¥£¤,1.0,1.0,0.7,Satisfied
Case 2681,1,¡,¢¥£¤,¢¥£¤,1.0,1.0,0.7,Satisfied
Case 2686,1,¢,¥£¤,¥£¤,1.0,1.0,0.7,Satisfied
Case 2700,1,¡,¢¥£¤,¢¥£¤,1.0,1.0,0.7,Satisfied
Case 2713,1,¡,¢¥£¤,¢¥£¤,1.0,1.0,0.7,Satisfied
Case 2714,1,¡,¢¥£¤,¢¥£¤,1.0,1.0,0.7,Satisfied
Case 2716,1,¡,¢¥£¤,¢¥£¤,1.0,1.0,0.7,Satisfied
Case 2720,1,¡,¢­¥£¤,¢¥£¤,0.8,0.8,0.7,Satisfied
Case 2721,1,¡,¢¥£¤,¢¥£¤,1.0,1.0,0.7,Satisfied
Case 2734,1,¡,¢¥£¤,¢¥£¤,1.0,1.0,0.7,Satisfied
Case 2741,1,¡,¢¥£¤,¢¥£¤,1.0,1.0,0.7,Satisfied
Case 2765,1,¡,¢¥¥£¤,¢¥£¤,0.8,1.0,0.7,Satisfied
Case 2770,1,¡,¢¥£¤,¢¥£¤,1.0,1.0,0.7,Satisfied
Case 2774,1,¡,¥£¥£¢¥£¤,¢¥£¤,0.5,1.0,0.7,Satisfied
Case 2776,1,¢,¥¢¥£¤,¥£¤,0.6,0.75,0.7,Satisfied
Case 2777,1,¡,¢¥£¤,¢¥£¤,1.0,1.0,0.7,Satisfied
Case 2788,1,¡,¢¥£¤,¢¥£¤,1.0,1.0,0.7,Satisfied
Case 2789,1,¡,¢¥£¤,¢¥£¤,1.0,1.0,0.7,Satisfied
Case 2791,1,¡,¢¥£¤,¢¥£¤,1.0,1.0,0.7,Satisfied
Case 2797,1,¢,¥£¤,¥£¤,1.0,1.0,0.7,Satisfied
Case 28,1,¡,¢¦­­¥£,¢¥£¤,0.33333333333333337,0.5,0.7,Satisfied
Case 2814,1,¡,¢¥£¤,¢¥£¤,1.0,1.0,0.7,Satisfied
Case 282,1,¡,¢¥£¤,¢¥£¤,1.0,1.0,0.7,Satisfied
Case 2826,1,¡,¢¥£¤,¢¥£¤,1.0,1.0,0.7,Satisfied
Case 2834,1,¡,¢¥£¤,¢¥£¤,1.0,1.0,0.7,Satisfied
Case 2839,1,¡,¢¥£¤,¢¥£¤,1.0,1.0,0.7,Satisfied
Case 2847,1,¡,¢¥£¤,¢¥£¤,1.0,1.0,0.7,Satisfied
Case 2848,1,¡,¢¥£¤,¢¥£¤,1.0,1.0,0.7,Satisfied
Case 2849,1,¡,¥£¥£¤,¢¥£¤,0.6,0.75,0.7,Satisfied
Case 2851,1,¡,¢¥£¤,¢¥£¤,1.0,1.0,0.7,Satisfied
Case 2854,1,¡,¢¥£¤,¢¥£¤,1.0,1.0,0.7,Satisfied
Case 286,1,¡,¢¥£¤,¢¥£¤,1.0,1.0,0.7,Satisfied
Case 2860,1,¡,¢¥£¤,¢¥£¤,1.0,1.0,0.7,Satisfied
Case 2866,1,¡,¢¥£¤,¢¥£¤,1.0,1.0,0.7,Satisfied
Case 2873,1,¡,¢¥£¤,¢¥£¤,1.0,1.0,0.7,Satisfied
Case 2875,1,¡,¢¥£¤,¢¥£¤,1.0,1.0,0.7,Satisfied
Case 2881,1,¡,­­¥£¤,¢¥£¤,0.6,0.6,0.7,Satisfied
Case 2891,1,¡,¢¥£¤,¢¥£¤,1.0,1.0,0.7,Satisfied
Case 2897,1,¡,¢­¢¥£¤,¢¥£¤,0.6666666666666667,0.8,0.7,Satisfied
Case 2905,1,¡,¢¥£¤,¢¥£¤,1.0,1.0,0.7,Satisfied
Case 2908,1,¡,¢¥£¤,¢¥£¤,1.0,1.0,0.7,Satisfied
Case 2910,1,¡,¢¥£¤,¢¥£¤,1.0,1.0,0.7,Satisfied
Case 2918,1,¡,¢­¢¥£¤,¢¥£¤,0.6666666666666667,0.8,0.7,Satisfied
Case 292,1,¡,¢¥£¤,¢¥£¤,1.0,1.0,0.7,Satisfied
Case 2931,1,¡,¢¥­£¥£¤,¢¥£¤,0.5714285714285714,0.8,0.7,Satisfied
Case 2932,1,¡,¢¥£¤,¢¥£¤,1.0,1.0,0.7,Satisfied
Case 2934,1,¡,¢¥£¤,¢¥£¤,1.0,1.0,0.7,Satisfied
Case 2949,1,¡,¢¥£¤,¢¥£¤,1.0,1.0,0.7,Satisfied
Case 2956,1,¡,¥£¤,¢¥£¤,0.75,0.75,0.7,Satisfied
Case 296,1,¡,¢¥£¤,¢¥£¤,1.0,1.0,0.7,Satisfied
Case 2962,1,¡,¢¥£¤,¢¥£¤,1.0,1.0,0.7,Satisfied
Case 2964,1,¡,¢¥£¤,¢¥£¤,1.0,1.0,0.7,Satisfied
Case 2966,1,¡,¢¥£¤,¢¥£¤,1.0,1.0,0.7,Satisfied
Case 2968,1,¡,¢¥£¤,¢¥£¤,1.0,1.0,0.7,Satisfied
Case 2970,1,¡,¢­¥£¤,¢¥£¤,0.8,0.8,0.7,Satisfied
Case 2971,1,¡,¢¥£¤,¢¥£¤,1.0,1.0,0.7,Satisfied
Case 2975,1,¡,¥¡¢¥¥¢£¤,¢¥£¤,0.5,0.8,0.7,Satisfied
Case 2981,1,¡,¡¢­­¥£¤,¢¥£¤,0.5714285714285714,0.6666666666666666,0.7,Satisfied
Case 2984,1,¡,¢¥£¥£¤,¢¥£¤,0.6666666666666667,1.0,0.7,Satisfied
Case 2988,1,¡,¥£¥£¤,¢¥£¤,0.6,0.75,0.7,Satisfied
Case 299,1,¡,¢¥£¤,¢¥£¤,1.0,1.0,0.7,Satisfied
Case 2992,1,¡,¢¥£¤,¢¥£¤,1.0,1.0,0.7,Satisfied
Case 3002,1,¡,¢¥£¤,¢¥£¤,1.0,1.0,0.7,Satisfied
Case 3008,1,¡,¢¥£¤,¢¥£¤,1.0,1.0,0.7,Satisfied
Case 3009,1,¡,¢¥¢£¤,¢¥£¤,0.8,1.0,0.7,Satisfied
Case 3010,1,¡,¢¥£¤,¢¥£¤,1.0,1.0,0.7,Satisfied
Case 3013,1,¡,¢¢¥£¤,¢¥£¤,0.8,1.0,0.7,Satisfied
Case 3015,1,¡,¢­¥£¤,¢¥£¤,0.8,0.8,0.7,Satisfied
Case 3016,1,¡,¡¢¥£¤,¢¥£¤,0.8,0.8,0.7,Satisfied
Case 3021,1,¡,¢¥£¤,¢¥£¤,1.0,1.0,0.7,Satisfied
Case 3027,1,¡,¢¥£¤,¢¥£¤,1.0,1.0,0.7,Satisfied
Case 3034,1,¡,¢¥£¤,¢¥£¤,1.0,1.0,0.7,Satisfied
Case 3035,1,¡,¢¥£¤,¢¥£¤,1.0,1.0,0.7,Satisfied
Case 3037,1,¡,¢¥£¤,¢¥£¤,1.0,1.0,0.7,Satisfied
Case 3038,1,¡,¢¥¢¥£¤,¢¥£¤,0.6666666666666667,1.0,0.7,Satisfied
Case 3043,1,¡,¢¥£¤,¢¥£¤,1.0,1.0,0.7,Satisfied
Case 3044,1,¡,¢¥£¤,¢¥£¤,1.0,1.0,0.7,Satisfied
Case 3046,1,¡,¥£¤,¢¥£¤,0.75,0.75,0.7,Satisfied
Case 3056,1,¡,¢¥£¤,¢¥£¤,1.0,1.0,0.7,Satisfied
Case 3058,1,¡,¢­¥£¥£¤,¢¥£¤,0.5714285714285714,0.8,0.7,Satisfied
Case 3059,1,¡,¢­¥£¤,¢¥£¤,0.8,0.8,0.7,Satisfied
Case 3061,1,¡,¢­¥£¤,¢¥£¤,0.8,0.8,0.7,Satisfied
Case 3071,1,¡,¢¦­¥£¤,¢¥£¤,0.6666666666666667,0.6666666666666666,0.7,Satisfied
Case 3073,1,¡,¢¥£¤,¢¥£¤,1.0,1.0,0.7,Satisfied
Case 3077,1,¡,­¥£¤,¢¥£¤,0.75,0.6,0.7,Satisfied
Case 3078,1,¡,¢¥£¤,¢¥£¤,1.0,1.0,0.7,Satisfied
Case 308,1,¡,¢¥£¤,¢¥£¤,1.0,1.0,0.7,Satisfied
Case 3082,1,¡,¡¢¥£¤,¢¥£¤,0.8,0.8,0.7,Satisfied
Case 3083,1,¡,¢¥£¤,¢¥£¤,1.0,1.0,0.7,Satisfied
Case 3086,1,¡,¢¥£¤,¢¥£¤,1.0,1.0,0.7,Satisfied
Case 3095,1,¡,¢¥£¤,¢¥£¤,1.0,1.0,0.7,Satisfied
Case 31,1,¡,¢¦­¥£¤,¢¥£¤,0.6666666666666667,0.6666666666666666,0.7,Satisfied
Case 3103,1,¡,¢­¥£¤,¢¥£¤,0.8,0.8,0.7,Satisfied
Case 3112,1,¡,¢¥£¤,¢¥£¤,1.0,1.0,0.7,Satisfied
Case 3113,1,¡,¢¥¥¢¥£¤,¢¥£¤,0.5714285714285714,1.0,0.7,Satisfied
Case 3118,1,¡,¢¥¥¦£¤,¢¥£¤,0.6666666666666667,0.8,0.7,Satisfied
Case 3121,1,¡,¢¥£¡¢¥£¤,¢¥£¤,0.5,0.8,0.7,Satisfied
Case 3126,1,¡,¢¥£¤,¢¥£¤,1.0,1.0,0.7,Satisfied
Case 3128,1,¡,¢¥£¤,¢¥£¤,1.0,1.0,0.7,Satisfied
Case 313,1,¡,¢¥­¥£¥£¤,¢¥£¤,0.5,0.8,0.7,Satisfied
Case 3139,1,¡,¢­¢¥£¤,¢¥£¤,0.6666666666666667,0.8,0.7,Satisfied
Case 3142,1,¡,¢¥£¤,¢¥£¤,1.0,1.0,0.7,Satisfied
Case 3145,1,¡,¢¥£¤,¢¥£¤,1.0,1.0,0.7,Satisfied
Case 3148,1,¢,¥£¤,¥£¤,1.0,1.0,0.7,Satisfied
Case 317,1,¡,¢­¥£¤,¢¥£¤,0.8,0.8,0.7,Satisfied
Case 3172,1,¡,¢¥£¤,¢¥£¤,1.0,1.0,0.7,Satisfied
Case 3176,1,¡,¢­¥£¤,¢¥£¤,0.8,0.8,0.7,Satisfied
Case 3180,1,¡,¢¥£¤,¢¥£¤,1.0,1.0,0.7,Satisfied
Case 3182,1,¡,¢¥£¤,¢¥£¤,1.0,1.0,0.7,Satisfied
Case 3184,1,¡,¢¥£¤,¢¥£¤,1.0,1.0,0.7,Satisfied
Case 3186,1,¡,¢¥£¤,¢¥£¤,1.0,1.0,0.7,Satisfied
Case 3188,1,¡,¢¥£¤,¢¥£¤,1.0,1.0,0.7,Satisfied
Case 3192,1,¡,¢¦¥£¤,¢¥£¤,0.8,0.8,0.7,Satisfied
Case 3212,1,¡,¢¥£¤,¢¥£¤,1.0,1.0,0.7,Satisfied
Case 3214,1,¡,¢¦¥£¤,¢¥£¤,0.8,0.8,0.7,Satisfied
Case 3222,1,¡,¢¥£¤,¢¥£¤,1.0,1.0,0.7,Satisfied
Case 3226,1,¡,¥£¤,¢¥£¤,0.75,0.75,0.7,Satisfied
Case 3229,1,¡,¢¥£¤,¢¥£¤,1.0,1.0,0.7,Satisfied
Case 323,1,¡,¢¥£¤,¢¥£¤,1.0,1.0,0.7,Satisfied
Case 3231,1,¡,¢¥£¤,¢¥£¤,1.0,1.0,0.7,Satisfied
Case 3233,1,¡,¢¥£¤,¢¥£¤,1.0,1.0,0.7,Satisfied
Case 3239,1,¡,¥£¤,¢¥£¤,0.75,0.75,0.7,Satisfied
Case 324,1,¢,¥£¤,¥£¤,1.0,1.0,0.7,Satisfied
Case 3240,1,¡,¢¥£¤,¢¥£¤,1.0,1.0,0.7,Satisfied
Case 3249,1,¡,¢­­¢¥£¥£¤,¢¥£¤,0.4444444444444444,0.8,0.7,Satisfied
Case 3251,1,¡,¢¥£¤,¢¥£¤,1.0,1.0,0.7,Satisfied
Case 3253,1,¡,¢¥£¤,¢¥£¤,1.0,1.0,0.7,Satisfied
Case 3254,1,¡,¢¥,¢¥£¤,0.5,0.5,0.7,Satisfied
Case 326,1,¡,¢­­¥£¤,¢¥£¤,0.6666666666666667,0.8,0.7,Satisfied
Case 3260,1,¡,¢¥£¤,¢¥£¤,1.0,1.0,0.7,Satisfied
Case 3262,1,¡,¢¥£¤,¢¥£¤,1.0,1.0,0.7,Satisfied
Case 3273,1,¡,¢¥£¤,¢¥£¤,1.0,1.0,0.7,Satisfied
Case 3276,1,¡,¢­¥£¤,¢¥£¤,0.8,0.8,0.7,Satisfied
Case 3288,1,¡,¢¥£¥£¤,¢¥£¤,0.6666666666666667,1.0,0.7,Satisfied
Case 3289,1,¡,¢¥£¤,¢¥£¤,1.0,1.0,0.7,Satisfied
Case 3294,1,¡,¢¥¢£¤,¢¥£¤,0.8,1.0,0.7,Satisfied
Case 33,1,¡,¢¥£¤,¢¥£¤,1.0,1.0,0.7,Satisfied
Case 331,1,¡,¢­¥£¤,¢¥£¤,0.8,0.8,0.7,Satisfied
Case 3314,1,¡,¢¥£¤,¢¥£¤,1.0,1.0,0.7,Satisfied
Case 3315,1,¡,¢¥£¤,¢¥£¤,1.0,1.0,0.7,Satisfied
Case 332,1,¡,¢¥£¤,¢¥£¤,1.0,1.0,0.7,Satisfied
Case 3323,1,¡,¢¦­­¥£,¢¥£¤,0.33333333333333337,0.5,0.7,Satisfied
Case 3324,1,¡,¢¥£¤,¢¥£¤,1.0,1.0,0.7,Satisfied
Case 333,1,¡,¢¥£¤,¢¥£¤,1.0,1.0,0.7,Satisfied
Case 3331,1,¡,¢¥£¤,¢¥£¤,1.0,1.0,0.7,Satisfied
Case 3334,1,¡,¢¥£¤,¢¥£¤,1.0,1.0,0.7,Satisfied
Case 3336,1,¡,¢¥£¤,¢¥£¤,1.0,1.0,0.7,Satisfied
Case 3338,1,¡,­¥£¤,¢¥£¤,0.75,0.6,0.7,Satisfied
Case 3341,1,¡,¢¥£¤,¢¥£¤,1.0,1.0,0.7,Satisfied
Case 3344,1,¡,¥£¥£¢¥£¥£¤,¢¥£¤,0.4,1.0,0.7,Satisfied
Case 3349,1,¡,¢¥£¤,¢¥£¤,1.0,1.0,0.7,Satisfied
Case 3351,1,¡,¢¥£¥£¤,¢¥£¤,0.6666666666666667,1.0,0.7,Satisfied
Case 3357,1,¡,¢¥£¤,¢¥£¤,1.0,1.0,0.7,Satisfied
Case 3358,1,¡,¢­¥£¤,¢¥£¤,0.8,0.8,0.7,Satisfied
Case 3360,1,¡,¢¥£¤,¢¥£¤,1.0,1.0,0.7,Satisfied
Case 3362,1,¡,¢¥£¤,¢¥£¤,1.0,1.0,0.7,Satisfied
Case 337,1,¡,¢¥£¤,¢¥£¤,1.0,1.0,0.7,Satisfied
Case 3372,1,¡,¢¥£¤,¢¥£¤,1.0,1.0,0.7,Satisfied
Case 3373,1,¡,¢¥£¤,¢¥£¤,1.0,1.0,0.7,Satisfied
Case 3376,1,¡,¢¥£¤,¢¥£¤,1.0,1.0,0.7,Satisfied
Case 3382,1,¡,¢¥£¤,¢¥£¤,1.0,1.0,0.7,Satisfied
Case 3398,1,¡,¢¥£¤,¢¥£¤,1.0,1.0,0.7,Satisfied
Case 34,1,¡,¢¥¥£¤,¢¥£¤,0.8,1.0,0.7,Satisfied
Case 3403,1,¡,¢¥£¤,¢¥£¤,1.0,1.0,0.7,Satisfied
Case 3409,1,¡,¢¦¬¬­,¢¥£¤,0.19999999999999996,0.1428571428571428,0.7,Satisfied
Case 3413,1,¡,¢¥£¤,¢¥£¤,1.0,1.0,0.7,Satisfied
Case 3416,1,¡,¥£¤,¢¥£¤,0.75,0.75,0.7,Satisfied
Case 3418,1,¡,¢­¥£¤,¢¥£¤,0.8,0.8,0.7,Satisfied
Case 3419,1,¡,¢¥£¤,¢¥£¤,1.0,1.0,0.7,Satisfied
Case 3426,1,¡,¢¥£¤,¢¥£¤,1.0,1.0,0.7,Satisfied
Case 3428,1,¡,¢¥£¤,¢¥£¤,1.0,1.0,0.7,Satisfied
Case 343,1,¡,¢¥£¤,¢¥£¤,1.0,1.0,0.7,Satisfied
Case 3436,1,¡,¢¥¥¥¥£¤,¢¥£¤,0.5714285714285714,1.0,0.7,Satisfied
Case 3439,1,¢,¥£¢¥¢¥£¤,¥£¤,0.375,0.75,0.7,Satisfied
Case 3440,1,¡,¢¥£¤,¢¥£¤,1.0,1.0,0.7,Satisfied
Case 3442,1,¡,¢¥£¤,¢¥£¤,1.0,1.0,0.7,Satisfied
Case 3443,1,¡,¢­¥£,¢¥£¤,0.5,0.6,0.7,Satisfied
Case 3444,1,¡,¦¦¬¬­¥£¤,¢¥£¤,0.375,0.4285714285714286,0.7,Satisfied
Case 3448,1,¡,¢¥£¤,¢¥£¤,1.0,1.0,0.7,Satisfied
Case 3449,1,¡,¡¢¥£¤,¢¥£¤,0.8,0.8,0.7,Satisfied
Case 345,1,¡,¢¥£¤,¢¥£¤,1.0,1.0,0.7,Satisfied
Case 3454,1,¡,¢¢¥£¤,¢¥£¤,0.8,1.0,0.7,Satisfied
Case 346,1,¡,¥¥£¤,¢¥£¤,0.75,0.75,0.7,Satisfied
Case 3462,1,¡,¢¥£¤,¢¥£¤,1.0,1.0,0.7,Satisfied
Case 3465,1,¡,¢¥£¤,¢¥£¤,1.0,1.0,0.7,Satisfied
Case 3475,1,¡,¢¥£¤,¢¥£¤,1.0,1.0,0.7,Satisfied
Case 348,1,¡,¢¥£¤,¢¥£¤,1.0,1.0,0.7,Satisfied
Case 349,1,¡,¢¥£¤,¢¥£¤,1.0,1.0,0.7,Satisfied
Case 3498,1,¡,¢¥£¤,¢¥£¤,1.0,1.0,0.7,Satisfied
Case 3511,1,¡,¢¥£¤,¢¥£¤,1.0,1.0,0.7,Satisfied
Case 3516,1,¡,¢­¥£¤,¢¥£¤,0.8,0.8,0.7,Satisfied
Case 3517,1,¡,¢¥£¤,¢¥£¤,1.0,1.0,0.7,Satisfied
Case 3529,1,¡,¢¥£¤,¢¥£¤,1.0,1.0,0.7,Satisfied
Case 3530,1,¡,¢¥£¤,¢¥£¤,1.0,1.0,0.7,Satisfied
Case 3532,1,¡,¢¥£¤,¢¥£¤,1.0,1.0,0.7,Satisfied
Case 3535,1,¡,¢¥£¤,¢¥£¤,1.0,1.0,0.7,Satisfied
Case 3537,1,¡,¢¥£¤,¢¥£¤,1.0,1.0,0.7,Satisfied
Case 3539,1,¡,¢¥£¤,¢¥£¤,1.0,1.0,0.7,Satisfied
Case 3542,1,¡,¢¥£¤,¢¥£¤,1.0,1.0,0.7,Satisfied
Case 3543,1,¡,¢¥£¤,¢¥£¤,1.0,1.0,0.7,Satisfied
Case 3546,1,¡,¢¥£¤,¢¥£¤,1.0,1.0,0.7,Satisfied
Case 3551,1,¡,¢¥£¤,¢¥£¤,1.0,1.0,0.7,Satisfied
Case 3552,1,¡,¢¥£¤,¢¥£¤,1.0,1.0,0.7,Satisfied
Case 3562,1,¡,¢¥£¢¥£¤,¢¥£¤,0.5714285714285714,1.0,0.7,Satisfied
Case 3563,1,¡,¢¥£¤,¢¥£¤,1.0,1.0,0.7,Satisfied
Case 3565,1,¡,¢¥£¤,¢¥£¤,1.0,1.0,0.7,Satisfied
Case 3567,1,¡,¢¥£¤,¢¥£¤,1.0,1.0,0.7,Satisfied
Case 3569,1,¢,¥£¤,¥£¤,1.0,1.0,0.7,Satisfied
Case 3582,1,¡,¢¥£¤,¢¥£¤,1.0,1.0,0.7,Satisfied
Case 3583,1,¡,¢¥£¤,¢¥£¤,1.0,1.0,0.7,Satisfied
Case 3592,1,¡,¢¥£¤,¢¥£¤,1.0,1.0,0.7,Satisfied
Case 3599,1,¡,¢¥£¤,¢¥£¤,1.0,1.0,0.7,Satisfied
Case 3600,1,¡,¢¥£¤,¢¥£¤,1.0,1.0,0.7,Satisfied
Case 3601,1,¡,¢¥£¤,¢¥£¤,1.0,1.0,0.7,Satisfied
Case 361,1,¡,¢¥£¢¥£¤,¢¥£¤,0.5714285714285714,1.0,0.7,Satisfied
Case 3613,1,¡,¢­¥£¤,¢¥£¤,0.8,0.8,0.7,Satisfied
Case 3614,1,¡,¢¥£¤,¢¥£¤,1.0,1.0,0.7,Satisfied
Case 3634,1,¢,¥£¤,¥£¤,1.0,1.0,0.7,Satisfied
Case 3638,1,¡,¢¥£¤,¢¥£¤,1.0,1.0,0.7,Satisfied
Case 364,1,¡,¢¥£¤,¢¥£¤,1.0,1.0,0.7,Satisfied
Case 3641,1,¡,¢¥£¤,¢¥£¤,1.0,1.0,0.7,Satisfied
Case 3643,1,¡,¢¥£¤,¢¥£¤,1.0,1.0,0.7,Satisfied
Case 3645,1,¡,¢­¥£¤,¢¥£¤,0.8,0.8,0.7,Satisfied
Case 3653,1,¡,¢¥£¤,¢¥£¤,1.0,1.0,0.7,Satisfied
Case 3654,1,¡,¢¥£¤,¢¥£¤,1.0,1.0,0.7,Satisfied
Case 3656,1,¡,¢¥¥£¤,¢¥£¤,0.8,1.0,0.7,Satisfied
Case 3657,1,¡,¢¥£¤,¢¥£¤,1.0,1.0,0.7,Satisfied
Case 3662,1,¡,¢¥¥£¤,¢¥£¤,0.8,1.0,0.7,Satisfied
Case 3663,1,¡,¢¥£¤,¢¥£¤,1.0,1.0,0.7,Satisfied
Case 3666,1,¡,¢¥£¤,¢¥£¤,1.0,1.0,0.7,Satisfied
Case 3669,1,¡,¡¢¥¢­­£¤,¢¥£¤,0.5,0.6666666666666666,0.7,Satisfied
Case 367,1,¡,¥¥£¤,¢¥£¤,0.75,0.75,0.7,Satisfied
Case 3670,1,¡,¢¥£¤,¢¥£¤,1.0,1.0,0.7,Satisfied
Case 3673,1,¡,¢¥¢¥£¤,¢¥£¤,0.6666666666666667,1.0,0.7,Satisfied
Case 3674,1,¡,¢¥£¤,¢¥£¤,1.0,1.0,0.7,Satisfied
Case 3676,1,¡,¢¥£¥£¤,¢¥£¤,0.6666666666666667,1.0,0.7,Satisfied
Case 3678,1,¡,¢¥£¤,¢¥£¤,1.0,1.0,0.7,Satisfied
Case 3688,1,¡,¡¢¥£¤,¢¥£¤,0.8,0.8,0.7,Satisfied
Case 3692,1,¡,¥£¢¥£¤,¢¥£¤,0.6666666666666667,1.0,0.7,Satisfied
Case 3696,1,¡,¢¥£¤,¢¥£¤,1.0,1.0,0.7,Satisfied
Case 370,1,¡,¢¥£¤,¢¥£¤,1.0,1.0,0.7,Satisfied
Case 3705,1,¡,¢¥£¢¥£¤,¢¥£¤,0.5714285714285714,1.0,0.7,Satisfied
Case 3708,1,¡,¢¥£¤,¢¥£¤,1.0,1.0,0.7,Satisfied
Case 3738,1,¡,¢¥£¤,¢¥£¤,1.0,1.0,0.7,Satisfied
Case 374,1,¡,¢¥£¤,¢¥£¤,1.0,1.0,0.7,Satisfied
Case 3742,1,¡,¢¥£¤,¢¥£¤,1.0,1.0,0.7,Satisfied
Case 3745,1,¡,¢¥£¤,¢¥£¤,1.0,1.0,0.7,Satisfied
Case 3766,1,¡,¢¥£¤,¢¥£¤,1.0,1.0,0.7,Satisfied
Case 3770,1,¡,¢¥£¤,¢¥£¤,1.0,1.0,0.7,Satisfied
Case 3775,1,¡,¢¥£¤,¢¥£¤,1.0,1.0,0.7,Satisfied
Case 3776,1,¡,¡¢¥£¤,¢¥£¤,0.8,0.8,0.7,Satisfied
Case 378,1,¡,¢¥£¤,¢¥£¤,1.0,1.0,0.7,Satisfied
Case 3787,1,¡,¢¥¢£¤,¢¥£¤,0.8,1.0,0.7,Satisfied
Case 3798,1,¡,¢¥£¤,¢¥£¤,1.0,1.0,0.7,Satisfied
Case 380,1,¡,¥£¤,¢¥£¤,0.75,0.75,0.7,Satisfied
Case 3802,1,§,¡¥£¤,¡¢¥£¤,0.8,0.8,0.7,Satisfied
Case 3818,1,¡,¢¥£¤,¢¥£¤,1.0,1.0,0.7,Satisfied
Case 3819,1,¡,¢¥£¤,¢¥£¤,1.0,1.0,0.7,Satisfied
Case 382,1,¡,¢¥¢­£,¢¥£¤,0.4,0.6,0.7,Satisfied
Case 3822,1,¡,¢¥£¤,¢¥£¤,1.0,1.0,0.7,Satisfied
Case 383,1,§,¥¥,¡¢¥£¤,0.19999999999999996,0.19999999999999996,0.7,Satisfied
Case 3832,1,¡,¢¥¥£¢¥£¤,¢¥£¤,0.5,1.0,0.7,Satisfied
Case 384,1,¡,¢¥£¤,¢¥£¤,1.0,1.0,0.7,Satisfied
Case 3844,1,¡,¢¥£¤,¢¥£¤,1.0,1.0,0.7,Satisfied
Case 3857,1,¡,¢¥£¤,¢¥£¤,1.0,1.0,0.7,Satisfied
Case 3864,1,¡,¢¥£¤,¢¥£¤,1.0,1.0,0.7,Satisfied
Case 3865,1,¡,¢­¥£¤,¢¥£¤,0.8,0.8,0.7,Satisfied
Case 3877,1,¡,¢¥£¤,¢¥£¤,1.0,1.0,0.7,Satisfied
Case 3880,1,¡,¥£¤,¢¥£¤,0.75,0.75,0.7,Satisfied
Case 3884,1,¡,¢¥¢£¤,¢¥£¤,0.8,1.0,0.7,Satisfied
Case 3885,1,¡,¢¥£¤,¢¥£¤,1.0,1.0,0.7,Satisfied
Case 3888,1,¡,¥£¤,¢¥£¤,0.75,0.75,0.7,Satisfied
Case 3890,1,¡,¢¥£¤,¢¥£¤,1.0,1.0,0.7,Satisfied
Case 3896,1,¡,¢¥£¤,¢¥£¤,1.0,1.0,0.7,Satisfied
Case 3898,1,¡,¢¥£¤,¢¥£¤,1.0,1.0,0.7,Satisfied
Case 3899,1,¡,¢¥£¤,¢¥£¤,1.0,1.0,0.7,Satisfied
Case 39,1,¡,¢¥£¤,¢¥£¤,1.0,1.0,0.7,Satisfied
Case 3905,1,¡,¢¥£¤,¢¥£¤,1.0,1.0,0.7,Satisfied
Case 3912,1,¡,¢¥£¤,¢¥£¤,1.0,1.0,0.7,Satisfied
Case 3913,1,¡,¥£¤,¢¥£¤,0.75,0.75,0.7,Satisfied
Case 3928,1,¡,¢¥£¤,¢¥£¤,1.0,1.0,0.7,Satisfied
Case 3930,1,¡,¢¥£¤,¢¥£¤,1.0,1.0,0.7,Satisfied
Case 3933,1,¡,¢¥£¤,¢¥£¤,1.0,1.0,0.7,Satisfied
Case 3943,1,¡,¢¥£¤,¢¥£¤,1.0,1.0,0.7,Satisfied
Case 3946,1,¡,¢¥£¤,¢¥£¤,1.0,1.0,0.7,Satisfied
Case 3957,1,¡,¢¢¥£¤,¢¥£¤,0.8,1.0,0.7,Satisfied
Case 3963,1,¡,¢­­¥£¥£¤,¢¥£¤,0.5,0.8,0.7,Satisfied
Case 397,1,¡,¢¥£¤,¢¥£¤,1.0,1.0,0.7,Satisfied
Case 3974,1,¡,¢¥£¤,¢¥£¤,1.0,1.0,0.7,Satisfied
Case 3976,1,¡,¢¥£¤,¢¥£¤,1.0,1.0,0.7,Satisfied
Case 3983,1,¡,¢¥£¤,¢¥£¤,1.0,1.0,0.7,Satisfied
Case 399,1,¡,¢¥£¤,¢¥£¤,1.0,1.0,0.7,Satisfied
Case 3992,1,¡,¢­£¤,¢¥£¤,0.75,0.6,0.7,Satisfied
Case 40,1,¡,¢£¤,¢¥£¤,0.75,0.75,0.7,Satisfied
Case 4004,1,¢,££¤,¥£¤,0.6666666666666667,0.6666666666666666,0.7,Satisfied
Case 4006,1,¡,¢¥¢¥£¤,¢¥£¤,0.6666666666666667,1.0,0.7,Satisfied
Case 4009,1,¡,¢¥£¤,¢¥£¤,1.0,1.0,0.7,Satisfied
Case 4017,1,¡,¢¥£¤,¢¥£¤,1.0,1.0,0.7,Satisfied
Case 402,1,¡,¢£¤,¢¥£¤,0.75,0.75,0.7,Satisfied
Case 4026,1,¡,¢¥¦­£¤,¢¥£¤,0.6666666666666667,0.6666666666666666,0.7,Satisfied
Case 4030,1,¡,¢£¤,¢¥£¤,0.75,0.75,0.7,Satisfied
Case 4031,1,¡,££¤,¢¥£¤,0.5,0.5,0.7,Satisfied
Case 4032,1,¡,¥£¤,¢¥£¤,0.75,0.75,0.7,Satisfied
Case 4037,1,¡,¢£¤,¢¥£¤,0.75,0.75,0.7,Satisfied
Case 4048,1,¡,¢£¤,¢¥£¤,0.75,0.75,0.7,Satisfied
Case 4054,1,¡,¢£¤,¢¥£¤,0.75,0.75,0.7,Satisfied
Case 4067,1,¡,¢£¤,¢¥£¤,0.75,0.75,0.7,Satisfied
Case 4068,1,¡,¢£¤,¢¥£¤,0.75,0.75,0.7,Satisfied
Case 4069,1,¡,¢£¤,¢¥£¤,0.75,0.75,0.7,Satisfied
Case 407,1,¡,¢¥£¤,¢¥£¤,1.0,1.0,0.7,Satisfied
Case 4073,1,¡,¢¥£¤,¢¥£¤,1.0,1.0,0.7,Satisfied
Case 4074,1,¡,¢¥£¤,¢¥£¤,1.0,1.0,0.7,Satisfied
Case 408,1,¡,¡¢¥£¤,¢¥£¤,0.8,0.8,0.7,Satisfied
Case 4082,1,¡,¢­£¤,¢¥£¤,0.75,0.6,0.7,Satisfied
Case 4084,1,¡,¢¥£¤,¢¥£¤,1.0,1.0,0.7,Satisfied
Case 4106,1,¡,¢£¤,¢¥£¤,0.75,0.75,0.7,Satisfied
Case 4107,1,¡,¢¥¥£¤,¢¥£¤,0.8,1.0,0.7,Satisfied
Case 412,1,¡,¢¥£¤,¢¥£¤,1.0,1.0,0.7,Satisfied
Case 4127,1,¡,¢£¤,¢¥£¤,0.75,0.75,0.7,Satisfied
Case 414,1,¡,¡¢£¤,¢¥£¤,0.5,0.6,0.7,Satisfied
Case 4145,1,¡,¢£¤,¢¥£¤,0.75,0.75,0.7,Satisfied
Case 4147,1,¡,¢¥£¤,¢¥£¤,1.0,1.0,0.7,Satisfied
Case 4149,1,¡,¢¥£¤,¢¥£¤,1.0,1.0,0.7,Satisfied
Case 4154,1,¡,¢£¤,¢¥£¤,0.75,0.75,0.7,Satisfied
Case 4156,1,¡,¢¥£¤,¢¥£¤,1.0,1.0,0.7,Satisfied
Case 4160,1,¡,¢£¤,¢¥£¤,0.75,0.75,0.7,Satisfied
Case 4161,1,¡,¢£¤,¢¥£¤,0.75,0.75,0.7,Satisfied
Case 4162,1,¡,¢£¤,¢¥£¤,0.75,0.75,0.7,Satisfied
Case 4165,1,¡,¡¢¥£¤,¢¥£¤,0.8,0.8,0.7,Satisfied
Case 4172,1,¡,¢¥£¤,¢¥£¤,1.0,1.0,0.7,Satisfied
Case 4183,1,¡,­£¤,¢¥£¤,0.5,0.4,0.7,Satisfied
Case 4185,1,¡,¢­£¤,¢¥£¤,0.75,0.6,0.7,Satisfied
Case 4187,1,¡,¢¥¢¥,¢¥£¤,0.5,0.5,0.7,Satisfied
Case 4194,1,¡,¢£¤,¢¥£¤,0.75,0.75,0.7,Satisfied
Case 4197,1,¡,¡¡¢£¤,¢¥£¤,0.4,0.6,0.7,Satisfied
Case 4206,1,¡,¢£¤,¢¥£¤,0.75,0.75,0.7,Satisfied
Case 421,1,¡,¢£¤,¢¥£¤,0.75,0.75,0.7,Satisfied
Case 4212,1,¡,¢£¤,¢¥£¤,0.75,0.75,0.7,Satisfied
Case 4241,1,¡,¢£¤,¢¥£¤,0.75,0.75,0.7,Satisfied
Case 4248,1,¡,£¤,¢¥£¤,0.5,0.5,0.7,Satisfied
Case 4255,1,¡,¢££¤,¢¥£¤,0.75,0.75,0.7,Satisfied
Case 4257,1,¡,¢¥£¤,¢¥£¤,1.0,1.0,0.7,Satisfied
Case 4259,1,¡,¢¢£¤,¢¥£¤,0.75,0.75,0.7,Satisfied
Case 4268,1,¢,¥£¤,¥£¤,1.0,1.0,0.7,Satisfied
Case 4269,1,¡,¢¥£¤,¢¥£¤,1.0,1.0,0.7,Satisfied
Case 427,1,¡,¢£¤,¢¥£¤,0.75,0.75,0.7,Satisfied
Case 4282,1,¡,¢£¤,¢¥£¤,0.75,0.75,0.7,Satisfied
Case 4300,1,¡,¢¥¥£¤,¢¥£¤,0.8,1.0,0.7,Satisfied
Case 4301,1,¡,¢¥£¤,¢¥£¤,1.0,1.0,0.7,Satisfied
Case 4324,1,¡,¢£¤,¢¥£¤,0.75,0.75,0.7,Satisfied
Case 4325,1,¡,¢£¤,¢¥£¤,0.75,0.75,0.7,Satisfied
Case 4326,1,¡,¢¥£¤,¢¥£¤,1.0,1.0,0.7,Satisfied
Case 433,1,¡,¢¥¥£¤,¢¥£¤,0.8,1.0,0.7,Satisfied
Case 4332,1,¡,¢£¤,¢¥£¤,0.75,0.75,0.7,Satisfied
Case 4337,1,¡,¢¥£¤,¢¥£¤,1.0,1.0,0.7,Satisfied
Case 4338,1,¡,¢¥¢¥£¤,¢¥£¤,0.6666666666666667,1.0,0.7,Satisfied
Case 4348,1,¡,¢­£¤,¢¥£¤,0.75,0.6,0.7,Satisfied
Case 435,1,¡,¢­£¤,¢¥£¤,0.75,0.6,0.7,Satisfied
Case 4351,1,¡,¢¥£¤,¢¥£¤,1.0,1.0,0.7,Satisfied
Case 4352,1,¡,¢¥£¤,¢¥£¤,1.0,1.0,0.7,Satisfied
Case 4353,1,¡,¢¢¥¥£¤,¢¥£¤,0.6666666666666667,1.0,0.7,Satisfied
Case 4354,1,¡,¢­£,¢¥£¤,0.5,0.4,0.7,Satisfied
Case 4355,1,¡,¢£¤,¢¥£¤,0.75,0.75,0.7,Satisfied
Case 4359,1,¡,¢¥£¤,¢¥£¤,1.0,1.0,0.7,Satisfied
Case 4361,1,¡,¢­£¤,¢¥£¤,0.75,0.6,0.7,Satisfied
Case 4365,1,¡,¢¥£¤,¢¥£¤,1.0,1.0,0.7,Satisfied
Case 4369,1,¡,¢¥£¤,¢¥£¤,1.0,1.0,0.7,Satisfied
Case 4370,1,§,¥¥,¡¢¥£¤,0.19999999999999996,0.19999999999999996,0.7,Satisfied
Case 4371,1,¡,££¤,¢¥£¤,0.5,0.5,0.7,Satisfied
Case 438,1,¡,¢­¥£¤,¢¥£¤,0.8,0.8,0.7,Satisfied
Case 4383,1,¡,¢£¤,¢¥£¤,0.75,0.75,0.7,Satisfied
Case 4385,1,¡,¡¢£¤,¢¥£¤,0.5,0.6,0.7,Satisfied
Case 4389,1,¡,¢­£¤,¢¥£¤,0.75,0.6,0.7,Satisfied
Case 4394,1,¡,¢£¤,¢¥£¤,0.75,0.75,0.7,Satisfied
Case 4396,1,¡,¢£¤,¢¥£¤,0.75,0.75,0.7,Satisfied
Case 4398,1,¡,¢¥¢¥£¤,¢¥£¤,0.6666666666666667,1.0,0.7,Satisfied
Case 4407,1,¡,¢¥£¤,¢¥£¤,1.0,1.0,0.7,Satisfied
Case 441,1,¢,££¤,¥£¤,0.6666666666666667,0.6666666666666666,0.7,Satisfied
Case 4410,1,¡,¢¥¢£¤,¢¥£¤,0.8,1.0,0.7,Satisfied
Case 4415,1,¡,¢£¤,¢¥£¤,0.75,0.75,0.7,Satisfied
Case 4417,1,¡,¥££¤,¢¥£¤,0.5,0.75,0.7,Satisfied
Case 4419,1,¡,¥£¤,¢¥£¤,0.75,0.75,0.7,Satisfied
Case 4421,1,¡,¢¥£¤,¢¥£¤,1.0,1.0,0.7,Satisfied
Case 4422,1,¡,¢£¤,¢¥£¤,0.75,0.75,0.7,Satisfied
Case 4423,1,¡,¡¢£¤,¢¥£¤,0.5,0.6,0.7,Satisfied
Case 4424,1,¡,¢¥£¤,¢¥£¤,1.0,1.0,0.7,Satisfied
Case 4426,1,¡,¢¥£¤,¢¥£¤,1.0,1.0,0.7,Satisfied
Case 4431,1,¡,¢¥£¤,¢¥£¤,1.0,1.0,0.7,Satisfied
Case 4456,1,¡,¢¥£¤,¢¥£¤,1.0,1.0,0.7,Satisfied
Case 446,1,¡,¢¥£¤,¢¥£¤,1.0,1.0,0.7,Satisfied
Case 4463,1,¡,¢¦¦¬¬­¦£,¢¥£¤,0.125,0.2857142857142857,0.7,Satisfied
Case 4465,1,¡,¢¥£¤,¢¥£¤,1.0,1.0,0.7,Satisfied
Case 4469,1,¡,¢£¤,¢¥£¤,0.75,0.75,0.7,Satisfied
Case 447,1,¡,£¤,¢¥£¤,0.5,0.5,0.7,Satisfied
Case 4478,1,¡,¢¥¢£¤,¢¥£¤,0.8,1.0,0.7,Satisfied
Case 4485,1,¡,¢¥£¤,¢¥£¤,1.0,1.0,0.7,Satisfied
Case 4487,1,¡,¢£¤,¢¥£¤,0.75,0.75,0.7,Satisfied
Case 4501,1,¢,¥¢¥£¤,¥£¤,0.6,0.75,0.7,Satisfied
Case 4506,1,¡,¢¥£¤,¢¥£¤,1.0,1.0,0.7,Satisfied
Case 4511,1,¡,¢­££¤,¢¥£¤,0.6,0.6,0.7,Satisfied
Case 4530,1,¡,¡£¤,¢¥£¤,0.5,0.4,0.7,Satisfied
Case 4532,1,¡,£¤,¢¥£¤,0.5,0.5,0.7,Satisfied
Case 4535,1,¡,¢£¤,¢¥£¤,0.75,0.75,0.7,Satisfied
Case 4537,1,¡,¢£¤,¢¥£¤,0.75,0.75,0.7,Satisfied
Case 4544,1,¡,¢£,¢¥£¤,0.5,0.5,0.7,Satisfied
Case 4558,1,¡,¢¥£¤,¢¥£¤,1.0,1.0,0.7,Satisfied
Case 456,1,¡,¢£¤,¢¥£¤,0.75,0.75,0.7,Satisfied
Case 4563,1,¡,¢¥£¤,¢¥£¤,1.0,1.0,0.7,Satisfied
Case 4575,1,¡,¢¥£¤,¢¥£¤,1.0,1.0,0.7,Satisfied
Case 46,1,¡,¢¢¥£¤,¢¥£¤,0.8,1.0,0.7,Satisfied
Case 467,1,¡,¢¥¢­£¤,¢¥£¤,0.6666666666666667,0.8,0.7,Satisfied
Case 470,1,¡,¢¥£¤,¢¥£¤,1.0,1.0,0.7,Satisfied
Case 474,1,¡,¡¡¢¥£¤,¢¥£¤,0.6666666666666667,0.8,0.7,Satisfied
Case 478,1,¡,¡¢¥£¤,¢¥£¤,0.8,0.8,0.7,Satisfied
Case 480,1,¡,¢£¤,¢¥£¤,0.75,0.75,0.7,Satisfied
Case 483,1,¡,¢£¤,¢¥£¤,0.75,0.75,0.7,Satisfied
Case 484,1,¡,¢¥£¤,¢¥£¤,1.0,1.0,0.7,Satisfied
Case 487,1,¡,¢£¤,¢¥£¤,0.75,0.75,0.7,Satisfied
Case 496,1,¡,¢¥£¤,¢¥£¤,1.0,1.0,0.7,Satisfied
Case 498,1,¡,¢££¤,¢¥£¤,0.75,0.75,0.7,Satisfied
Case 502,1,¡,¢£¤,¢¥£¤,0.75,0.75,0.7,Satisfied
Case 503,1,¡,¢¦­£¤,¢¥£¤,0.6,0.5,0.7,Satisfied
Case 504,1,¡,¢¥£¤,¢¥£¤,1.0,1.0,0.7,Satisfied
Case 506,1,¡,¢­£¤,¢¥£¤,0.75,0.6,0.7,Satisfied
Case 507,1,¡,¢£¤,¢¥£¤,0.75,0.75,0.7,Satisfied
Case 520,1,¡,¢££¤,¢¥£¤,0.75,0.75,0.7,Satisfied
Case 523,1,¢,¥£¤,¥£¤,1.0,1.0,0.7,Satisfied
Case 525,1,¡,¡¢¥¥,¢¥£¤,0.25,0.4,0.7,Satisfied
Case 527,1,¡,¥¡¡¢£¤,¢¥£¤,0.5,0.8,0.7,Satisfied
Case 529,1,¡,¥¥£¤,¢¥£¤,0.75,0.75,0.7,Satisfied
Case 530,1,¡,¢¥¥¥£¤,¢¥£¤,0.6666666666666667,1.0,0.7,Satisfied
Case 532,1,¡,¢£¢¥£¤,¢¥£¤,0.6666666666666667,1.0,0.7,Satisfied
Case 533,1,¡,¢£¤,¢¥£¤,0.75,0.75,0.7,Satisfied
Case 54,1,¡,¢£¤,¢¥£¤,0.75,0.75,0.7,Satisfied
Case 553,1,¡,¢¥£¤,¢¥£¤,1.0,1.0,0.7,Satisfied
Case 554,1,¡,£¤,¢¥£¤,0.5,0.5,0.7,Satisfied
Case 557,1,¢,£¤,¥£¤,0.6666666666666667,0.6666666666666666,0.7,Satisfied
Case 558,1,¡,¢¢£¤,¢¥£¤,0.75,0.75,0.7,Satisfied
Case 559,1,¡,¢¥£¤,¢¥£¤,1.0,1.0,0.7,Satisfied
Case 566,1,¡,¢¥¢¥£¤,¢¥£¤,0.6666666666666667,1.0,0.7,Satisfied
Case 575,1,¡,¢¥£¤,¢¥£¤,1.0,1.0,0.7,Satisfied
Case 58,1,¡,¦­£¤,¢¥£¤,0.5,0.33333333333333326,0.7,Satisfied
Case 593,1,¡,¢£¤,¢¥£¤,0.75,0.75,0.7,Satisfied
Case 594,1,¡,¢£¤,¢¥£¤,0.75,0.75,0.7,Satisfied
Case 595,1,¡,¢¥£¤,¢¥£¤,1.0,1.0,0.7,Satisfied
Case 603,1,¡,¢££¤,¢¥£¤,0.75,0.75,0.7,Satisfied
Case 606,1,¡,¢£¤,¢¥£¤,0.75,0.75,0.7,Satisfied
Case 622,1,¡,¢¦£¤,¢¥£¤,0.75,0.6,0.7,Satisfied
Case 624,1,¡,¢¥£¤,¢¥£¤,1.0,1.0,0.7,Satisfied
Case 626,1,¡,¢¥£¤,¢¥£¤,1.0,1.0,0.7,Satisfied
Case 63,1,¡,¢£¤,¢¥£¤,0.75,0.75,0.7,Satisfied
Case 630,1,¡,¢£¤,¢¥£¤,0.75,0.75,0.7,Satisfied
Case 631,1,¢,¥¢¥£¤,¥£¤,0.6,0.75,0.7,Satisfied
Case 638,1,¡,¢¥¢¥£¤,¢¥£¤,0.6666666666666667,1.0,0.7,Satisfied
Case 639,1,¡,¢¥£¤,¢¥£¤,1.0,1.0,0.7,Satisfied
Case 645,1,¡,¢£¤,¢¥£¤,0.75,0.75,0.7,Satisfied
Case 65,1,¡,¢¥£¤,¢¥£¤,1.0,1.0,0.7,Satisfied
Case 656,1,¡,¢¥££¤,¢¥£¤,0.8,1.0,0.7,Satisfied
Case 664,1,¡,¢¥£¤,¢¥£¤,1.0,1.0,0.7,Satisfied
Case 676,1,¢,¥£¤,¥£¤,1.0,1.0,0.7,Satisfied
Case 679,1,¡,¢£¤,¢¥£¤,0.75,0.75,0.7,Satisfied
Case 685,1,¢,¥£¤,¥£¤,1.0,1.0,0.7,Satisfied
Case 69,1,¡,¢£¤,¢¥£¤,0.75,0.75,0.7,Satisfied
Case 691,1,¡,¢£¤,¢¥£¤,0.75,0.75,0.7,Satisfied
Case 696,1,¡,¢£¤,¢¥£¤,0.75,0.75,0.7,Satisfied
Case 7,1,¡,¡¡¢£¤,¢¥£¤,0.4,0.6,0.7,Satisfied
Case 701,1,¡,¢£¤,¢¥£¤,0.75,0.75,0.7,Satisfied
Case 708,1,¡,¢¥£¤,¢¥£¤,1.0,1.0,0.7,Satisfied
Case 728,1,¡,¢£¤,¢¥£¤,0.75,0.75,0.7,Satisfied
Case 73,1,¡,£¤,¢¥£¤,0.5,0.5,0.7,Satisfied
Case 732,1,¡,¦¢¦­®«£¤,¢¥£¤,0.375,0.375,0.7,Satisfied
Case 747,1,¡,¢¥£¤,¢¥£¤,1.0,1.0,0.7,Satisfied
Case 755,1,¡,¢£¤,¢¥£¤,0.75,0.75,0.7,Satisfied
Case 757,1,¡,¢­¥£¤,¢¥£¤,0.8,0.8,0.7,Satisfied
Case 769,1,¡,¢£¤,¢¥£¤,0.75,0.75,0.7,Satisfied
Case 77,1,¡,¢¥£¤,¢¥£¤,1.0,1.0,0.7,Satisfied
Case 775,1,¡,¢¥£¤,¢¥£¤,1.0,1.0,0.7,Satisfied
Case 780,1,¡,¢¥£¤,¢¥£¤,1.0,1.0,0.7,Satisfied
Case 782,1,¡,¢¥£¤,¢¥£¤,1.0,1.0,0.7,Satisfied
Case 79,1,¡,¢¥¥£¤,¢¥£¤,0.8,1.0,0.7,Satisfied
Case 80,1,¡,¢£¤,¢¥£¤,0.75,0.75,0.7,Satisfied
Case 805,1,¡,¢¥£¤,¢¥£¤,1.0,1.0,0.7,Satisfied
Case 807,1,¡,­£¤,¢¥£¤,0.5,0.4,0.7,Satisfied
Case 809,1,¡,¢¥£¤,¢¥£¤,1.0,1.0,0.7,Satisfied
Case 82,1,¡,¢¥£¤,¢¥£¤,1.0,1.0,0.7,Satisfied
Case 821,1,¡,¢£¤,¢¥£¤,0.75,0.75,0.7,Satisfied
Case 824,1,¡,¢£¤,¢¥£¤,0.75,0.75,0.7,Satisfied
Case 825,1,¡,¢£¤,¢¥£¤,0.75,0.75,0.7,Satisfied
Case 826,1,¡,¢¥£¤,¢¥£¤,1.0,1.0,0.7,Satisfied
Case 829,1,¡,¢£¤,¢¥£¤,0.75,0.75,0.7,Satisfied
Case 83,1,¡,¢¥£¤,¢¥£¤,1.0,1.0,0.7,Satisfied
Case 831,1,¡,¢¥£¤,¢¥£¤,1.0,1.0,0.7,Satisfied
Case 839,1,¢,¥£¤,¥£¤,1.0,1.0,0.7,Satisfied
Case 841,1,¡,¢£¤,¢¥£¤,0.75,0.75,0.7,Satisfied
Case 845,1,¡,¢¥£¤,¢¥£¤,1.0,1.0,0.7,Satisfied
Case 849,1,¡,¢£¤,¢¥£¤,0.75,0.75,0.7,Satisfied
Case 856,1,¡,¢¥£¤,¢¥£¤,1.0,1.0,0.7,Satisfied
Case 868,1,¡,¢¦£¤,¢¥£¤,0.75,0.6,0.7,Satisfied
Case 875,1,¡,¢£¤,¢¥£¤,0.75,0.75,0.7,Satisfied
Case 876,1,¡,¢¥£¤,¢¥£¤,1.0,1.0,0.7,Satisfied
Case 881,1,¡,¢¥£¤,¢¥£¤,1.0,1.0,0.7,Satisfied
Case 89,1,¡,¢£¤,¢¥£¤,0.75,0.75,0.7,Satisfied
Case 894,1,¡,¢¥¥£¤,¢¥£¤,0.8,1.0,0.7,Satisfied
Case 901,1,¡,££¤,¢¥£¤,0.5,0.5,0.7,Satisfied
Case 906,1,¡,¢£¤,¢¥£¤,0.75,0.75,0.7,Satisfied
Case 910,1,¡,¢£¤,¢¥£¤,0.75,0.75,0.7,Satisfied
Case 911,1,¡,¢¢£¤,¢¥£¤,0.75,0.75,0.7,Satisfied
Case 930,1,¡,¢£¤,¢¥£¤,0.75,0.75,0.7,Satisfied
Case 939,1,¡,¢¥¥£¤,¢¥£¤,0.8,1.0,0.7,Satisfied
Case 949,1,¡,¢£¤,¢¥£¤,0.75,0.75,0.7,Satisfied
Case 951,1,¡,¢¥£¤,¢¥£¤,1.0,1.0,0.7,Satisfied
Case 954,1,¡,¢£¤,¢¥£¤,0.75,0.75,0.7,Satisfied
Case 959,1,¡,¢£¤,¢¥£¤,0.75,0.75,0.7,Satisfied
Case 961,1,¡,¢¥£¤,¢¥£¤,1.0,1.0,0.7,Satisfied
Case 962,1,¡,¢£¤,¢¥£¤,0.75,0.75,0.7,Satisfied
Case 963,1,¡,¢£¤,¢¥£¤,0.75,0.75,0.7,Satisfied
Case 964,1,¡,¢£¤,¢¥£¤,0.75,0.75,0.7,Satisfied
Case 97,1,¡,¢£¤,¢¥£¤,0.75,0.75,0.7,Satisfied
Case 979,1,¡,¢£¤,¢¥£¤,0.75,0.75,0.7,Satisfied
Case 980,1,¡,¡£¤,¢¥£¤,0.5,0.4,0.7,Satisfied
Case 984,1,¢,£¤,¥£¤,0.6666666666666667,0.6666666666666666,0.7,Satisfied
Case 986,1,¡,¢¥£¤,¢¥£¤,1.0,1.0,0.7,Satisfied
Case 988,1,¡,¢¥£¤,¢¥£¤,1.0,1.0,0.7,Satisfied
Case 989,1,¡,¢¥£¤,¢¥£¤,1.0,1.0,0.7,Satisfied
Case 998,1,¡,¢¥£¤,¢¥£¤,1.0,1.0,0.7,Satisfied
Case 999,1,¡,¢£¤,¢¥£¤,0.75,0.75,0.7,Satisfied
Case 1,1,¡,¢¢¥£¤,¢¥£¤,0.8,1.0,0.8,Satisfied
Case 100,1,¡,¢­¥£¤,¢¥£¤,0.8,0.8,0.8,Satisfied
Case 1001,1,¡,¢¥£¤,¢¥£¤,1.0,1.0,0.8,Satisfied
Case 1007,1,¡,¢¥£¤,¢¥£¤,1.0,1.0,0.8,Satisfied
Case 1010,1,¡,¢­¥£¤,¢¥£¤,0.8,0.8,0.8,Satisfied
Case 1017,1,¡,¢¥£¥£¤,¢¥£¤,0.6666666666666667,1.0,0.8,Satisfied
Case 1019,1,¡,¢¥£¤,¢¥£¤,1.0,1.0,0.8,Satisfied
Case 1023,1,¡,¥£¥£¤,¢¥£¤,0.6,0.75,0.8,Satisfied
Case 1026,1,¡,¢­¥£¤,¢¥£¤,0.8,0.8,0.8,Satisfied
Case 1027,1,¡,¢¥£¤,¢¥£¤,1.0,1.0,0.8,Satisfied
Case 1043,1,¡,¢¥£¤,¢¥£¤,1.0,1.0,0.8,Satisfied
Case 105,1,¡,¢¥£¤,¢¥£¤,1.0,1.0,0.8,Satisfied
Case 1054,1,¡,¢¥£¤,¢¥£¤,1.0,1.0,0.8,Satisfied
Case 1057,1,¡,¢­¥£¤,¢¥£¤,0.8,0.8,0.8,Satisfied
Case 106,1,¡,¥£¤,¢¥£¤,0.75,0.75,0.8,Satisfied
Case 107,1,¡,¢¥£¤,¢¥£¤,1.0,1.0,0.8,Satisfied
Case 1070,1,¡,¢¥£¢¥£¤,¢¥£¤,0.5714285714285714,1.0,0.8,Satisfied
Case 1075,1,¡,¢¥£¤,¢¥£¤,1.0,1.0,0.8,Satisfied
Case 1079,1,¡,¢¥¥£¤,¢¥£¤,0.8,1.0,0.8,Satisfied
Case 1087,1,¡,¢¥£¢¥£¤,¢¥£¤,0.5714285714285714,1.0,0.8,Satisfied
Case 1088,1,¡,¥£¥£¤,¢¥£¤,0.6,0.75,0.8,Satisfied
Case 1096,1,¡,¢¥£¤,¢¥£¤,1.0,1.0,0.8,Satisfied
Case 1101,1,¡,¢¥£¤,¢¥£¤,1.0,1.0,0.8,Satisfied
Case 1102,1,¡,¢¥£¥£¤,¢¥£¤,0.6666666666666667,1.0,0.8,Satisfied
Case 1104,1,¡,¢¥£¤,¢¥£¤,1.0,1.0,0.8,Satisfied
Case 1109,1,¡,¢¥£¤,¢¥£¤,1.0,1.0,0.8,Satisfied
Case 1110,1,¡,¢¥£¤,¢¥£¤,1.0,1.0,0.8,Satisfied
Case 1111,1,¡,¢¥¢£¤,¢¥£¤,0.8,1.0,0.8,Satisfied
Case 1112,1,¡,¢¥¥£¤,¢¥£¤,0.8,1.0,0.8,Satisfied
Case 1113,1,¡,¢¥£¤,¢¥£¤,1.0,1.0,0.8,Satisfied
Case 1116,1,¡,¢¥£¤,¢¥£¤,1.0,1.0,0.8,Satisfied
Case 1122,1,¡,¢¥£¤,¢¥£¤,1.0,1.0,0.8,Satisfied
Case 1124,1,¡,¢¥£¤,¢¥£¤,1.0,1.0,0.8,Satisfied
Case 1129,1,¡,¢¥¢£¤,¢¥£¤,0.8,1.0,0.8,Satisfied
Case 114,1,¡,¢¥¢¥£¤,¢¥£¤,0.6666666666666667,1.0,0.8,Satisfied
Case 1142,1,¡,¢¥­¥£¤,¢¥£¤,0.6666666666666667,0.8,0.8,Satisfied
Case 1144,1,¡,¥£¢­¥£¤,¢¥£¤,0.5714285714285714,0.8,0.8,Satisfied
Case 1145,1,¡,¢¥£¤,¢¥£¤,1.0,1.0,0.8,Satisfied
Case 115,1,¡,¢¥¥£¤,¢¥£¤,0.8,1.0,0.8,Satisfied
Case 1156,1,¡,¢¥£¤,¢¥£¤,1.0,1.0,0.8,Satisfied
Case 1159,1,¡,¢¥£¤,¢¥£¤,1.0,1.0,0.8,Satisfied
Case 1164,1,¡,¢¥£¤,¢¥£¤,1.0,1.0,0.8,Satisfied
Case 1169,1,¡,¥£¤,¢¥£¤,0.75,0.75,0.8,Satisfied
Case 1176,1,¡,¢¥£¤,¢¥£¤,1.0,1.0,0.8,Satisfied
Case 1179,1,¡,¢¥£¤,¢¥£¤,1.0,1.0,0.8,Satisfied
Case 1185,1,¡,¢¥£¤,¢¥£¤,1.0,1.0,0.8,Satisfied
Case 1193,1,¡,¢¥£¤,¢¥£¤,1.0,1.0,0.8,Satisfied
Case 12,1,¡,¢¥£¤,¢¥£¤,1.0,1.0,0.8,Satisfied
Case 1210,1,¡,¥£¤,¢¥£¤,0.75,0.75,0.8,Satisfied
Case 1221,1,¡,¢¥£¤,¢¥£¤,1.0,1.0,0.8,Satisfied
Case 1235,1,¡,¢¥¥£¤,¢¥£¤,0.8,1.0,0.8,Satisfied
Case 1238,1,¡,¢¥­£¤,¢¥£¤,0.8,0.8,0.8,Satisfied
Case 1239,1,¡,¢¥£¤,¢¥£¤,1.0,1.0,0.8,Satisfied
Case 1246,1,¡,¢¥£¤,¢¥£¤,1.0,1.0,0.8,Satisfied
Case 1249,1,§,¥¥¥¥,¡¢¥£¤,0.19999999999999996,0.19999999999999996,0.8,Satisfied
Case 1250,1,¢,¥£¢¥£¤,¥£¤,0.5,0.75,0.8,Satisfied
Case 1254,1,¡,¡¥¥£¤,¢¥£¤,0.6,0.6,0.8,Satisfied
Case 1261,1,¢,¢¥£¤,¥£¤,0.75,0.75,0.8,Satisfied
Case 1269,1,¡,¢¢¥£¤,¢¥£¤,0.8,1.0,0.8,Satisfied
Case 1272,1,¡,¢¥£¤,¢¥£¤,1.0,1.0,0.8,Satisfied
Case 1275,1,¡,¢¥£¤,¢¥£¤,1.0,1.0,0.8,Satisfied
Case 129,1,¡,¥£¤,¢¥£¤,0.75,0.75,0.8,Satisfied
Case 1290,1,¡,¢¥£¤,¢¥£¤,1.0,1.0,0.8,Satisfied
Case 1292,1,¡,¢¥£¤,¢¥£¤,1.0,1.0,0.8,Satisfied
Case 1299,1,¡,¢¥£¤,¢¥£¤,1.0,1.0,0.8,Satisfied
Case 13,1,¡,¢¥£¤,¢¥£¤,1.0,1.0,0.8,Satisfied
Case 1301,1,¡,¢¥£¤,¢¥£¤,1.0,1.0,0.8,Satisfied
Case 1303,1,¡,¢­¥£¤,¢¥£¤,0.8,0.8,0.8,Satisfied
Case 1304,1,¡,¢¥£¤,¢¥£¤,1.0,1.0,0.8,Satisfied
Case 1305,1,¡,¢¥£¤,¢¥£¤,1.0,1.0,0.8,Satisfied
Case 1309,1,¡,¥£¤,¢¥£¤,0.75,0.75,0.8,Satisfied
Case 131,1,¡,¢¥£¤,¢¥£¤,1.0,1.0,0.8,Satisfied
Case 1313,1,¡,¢¥£¤,¢¥£¤,1.0,1.0,0.8,Satisfied
Case 1314,1,¡,¢¦¥£¤,¢¥£¤,0.8,0.8,0.8,Satisfied
Case 1315,1,¡,¢¥£¤,¢¥£¤,1.0,1.0,0.8,Satisfied
Case 1318,1,¡,¢­¥£¤,¢¥£¤,0.8,0.8,0.8,Satisfied
Case 1319,1,¡,¢¥£¤,¢¥£¤,1.0,1.0,0.8,Satisfied
Case 1323,1,¡,¢¥£¤,¢¥£¤,1.0,1.0,0.8,Satisfied
Case 1327,1,¡,¥£¤,¢¥£¤,0.75,0.75,0.8,Satisfied
Case 1330,1,¡,¥£¥£¤,¢¥£¤,0.6,0.75,0.8,Satisfied
Case 1332,1,¡,¢¥£¤,¢¥£¤,1.0,1.0,0.8,Satisfied
Case 1338,1,¡,¥£¤,¢¥£¤,0.75,0.75,0.8,Satisfied
Case 1356,1,¡,¢¥£¤,¢¥£¤,1.0,1.0,0.8,Satisfied
Case 1358,1,¡,¢¥£¤,¢¥£¤,1.0,1.0,0.8,Satisfied
Case 1359,1,§,¥¥,¡¢¥£¤,0.19999999999999996,0.19999999999999996,0.8,Satisfied
Case 1364,1,¡,¢¥­­£¤,¢¥£¤,0.6666666666666667,0.8,0.8,Satisfied
Case 1366,1,¡,¢¥£¤,¢¥£¤,1.0,1.0,0.8,Satisfied
Case 1371,1,¡,¥£¥£¤,¢¥£¤,0.6,0.75,0.8,Satisfied
Case 1375,1,¡,¢¥£¤,¢¥£¤,1.0,1.0,0.8,Satisfied
Case 1384,1,¡,¥£¥£¤,¢¥£¤,0.6,0.75,0.8,Satisfied
Case 1386,1,¡,¢¥£¥£¤,¢¥£¤,0.6666666666666667,1.0,0.8,Satisfied
Case 1387,1,¡,¢¥£¤,¢¥£¤,1.0,1.0,0.8,Satisfied
Case 1388,1,¡,¢­­¥£¤,¢¥£¤,0.6666666666666667,0.8,0.8,Satisfied
Case 1393,1,¡,¡¢¥£¤,¢¥£¤,0.8,0.8,0.8,Satisfied
Case 1396,1,¡,¢¥£¤,¢¥£¤,1.0,1.0,0.8,Satisfied
Case 1397,1,¡,¢¥£¤,¢¥£¤,1.0,1.0,0.8,Satisfied
Case 1398,1,¡,¢¥£¤,¢¥£¤,1.0,1.0,0.8,Satisfied
Case 140,1,¡,¢¥£¤,¢¥£¤,1.0,1.0,0.8,Satisfied
Case 1407,1,¡,¢¥¢¥£¤,¢¥£¤,0.6666666666666667,1.0,0.8,Satisfied
Case 1409,1,¡,¢¥£¤,¢¥£¤,1.0,1.0,0.8,Satisfied
Case 1420,1,¡,¢¨¥£¤,¢¥£¤,0.8,0.8,0.8,Satisfied
Case 143,1,¡,¢¥£¤,¢¥£¤,1.0,1.0,0.8,Satisfied
Case 1432,1,¡,¢¥£¤,¢¥£¤,1.0,1.0,0.8,Satisfied
Case 1433,1,¡,¢¥£¤,¢¥£¤,1.0,1.0,0.8,Satisfied
Case 144,1,¡,¢¥£¤,¢¥£¤,1.0,1.0,0.8,Satisfied
Case 1441,1,¡,¢¥£¤,¢¥£¤,1.0,1.0,0.8,Satisfied
Case 1445,1,¡,¢¥£¤,¢¥£¤,1.0,1.0,0.8,Satisfied
Case 1449,1,¡,¥¢¥£¤,¢¥£¤,0.8,1.0,0.8,Satisfied
Case 145,1,¡,¢­¥£¤,¢¥£¤,0.8,0.8,0.8,Satisfied
Case 1450,1,¡,¢¥£¤,¢¥£¤,1.0,1.0,0.8,Satisfied
Case 1451,1,¡,¢­¥£¥£¤,¢¥£¤,0.5714285714285714,0.8,0.8,Satisfied
Case 1457,1,¡,¢¥£¤,¢¥£¤,1.0,1.0,0.8,Satisfied
Case 1460,1,¡,¢¥¢¥£¤,¢¥£¤,0.6666666666666667,1.0,0.8,Satisfied
Case 1464,1,¡,¢¥£¤,¢¥£¤,1.0,1.0,0.8,Satisfied
Case 1465,1,¡,¢¥£¤,¢¥£¤,1.0,1.0,0.8,Satisfied
Case 1466,1,¡,¢¥£¤,¢¥£¤,1.0,1.0,0.8,Satisfied
Case 147,1,¡,¢¥£¤,¢¥£¤,1.0,1.0,0.8,Satisfied
Case 1471,1,¡,¢­¥£¤,¢¥£¤,0.8,0.8,0.8,Satisfied
Case 1478,1,¡,¡¢¥¢¥£¤,¢¥£¤,0.5714285714285714,0.8,0.8,Satisfied
Case 1484,1,¡,¢¥£¤,¢¥£¤,1.0,1.0,0.8,Satisfied
Case 1487,1,¡,¢¥£¤,¢¥£¤,1.0,1.0,0.8,Satisfied
Case 1495,1,¡,¢­­¥£¤,¢¥£¤,0.6666666666666667,0.8,0.8,Satisfied
Case 15,1,¡,¡¢¥£¤,¢¥£¤,0.8,0.8,0.8,Satisfied
Case 1500,1,¡,¥£¥£¤,¢¥£¤,0.6,0.75,0.8,Satisfied
Case 1501,1,¢,¥£¥£¤,¥£¤,0.6,1.0,0.8,Satisfied
Case 1506,1,¡,¥¥¢£¥£¤,¢¥£¤,0.5714285714285714,1.0,0.8,Satisfied
Case 1507,1,¡,¢¥£¤,¢¥£¤,1.0,1.0,0.8,Satisfied
Case 1509,1,¡,¢¥£¤,¢¥£¤,1.0,1.0,0.8,Satisfied
Case 1510,1,¡,¢¥£¤,¢¥£¤,1.0,1.0,0.8,Satisfied
Case 1519,1,¡,¥£¥£¤,¢¥£¤,0.6,0.75,0.8,Satisfied
Case 1535,1,¡,¡¡¥£¤,¢¥£¤,0.6,0.6,0.8,Satisfied
Case 154,1,¡,¢¥£¤,¢¥£¤,1.0,1.0,0.8,Satisfied
Case 1543,1,¡,¢¥£¤,¢¥£¤,1.0,1.0,0.8,Satisfied
Case 1553,1,¡,¢¥£¤,¢¥£¤,1.0,1.0,0.8,Satisfied
Case 156,1,¡,¢¥£¤,¢¥£¤,1.0,1.0,0.8,Satisfied
Case 1562,1,¡,¢¥£¤,¢¥£¤,1.0,1.0,0.8,Satisfied
Case 1570,1,¡,¢¥£¤,¢¥£¤,1.0,1.0,0.8,Satisfied
Case 1571,1,¡,¢¥¥¥¥¥,¢¥£¤,0.33333333333333337,0.5,0.8,Satisfied
Case 1574,1,¡,¢¥£¤,¢¥£¤,1.0,1.0,0.8,Satisfied
Case 1577,1,§,¡¡¢¥£¤,¡¢¥£¤,0.8333333333333334,1.0,0.8,Satisfied
Case 1580,1,¡,¢¥£¤,¢¥£¤,1.0,1.0,0.8,Satisfied
Case 1587,1,¡,¢¥£¤,¢¥£¤,1.0,1.0,0.8,Satisfied
Case 1603,1,¡,¥£¥£¤,¢¥£¤,0.6,0.75,0.8,Satisfied
Case 1604,1,¡,¢¥£¤,¢¥£¤,1.0,1.0,0.8,Satisfied
Case 1605,1,¡,¢¢¥£¤,¢¥£¤,0.8,1.0,0.8,Satisfied
Case 1609,1,¡,¢¥£¤,¢¥£¤,1.0,1.0,0.8,Satisfied
Case 1610,1,¡,¢¥£¤,¢¥£¤,1.0,1.0,0.8,Satisfied
Case 1615,1,¡,¢¥£¤,¢¥£¤,1.0,1.0,0.8,Satisfied
Case 1650,1,¡,¦¦¬¬­¥£¤,¢¥£¤,0.375,0.4285714285714286,0.8,Satisfied
Case 1655,1,¡,¢¥£¤,¢¥£¤,1.0,1.0,0.8,Satisfied
Case 1658,1,¡,¢­¥£¤,¢¥£¤,0.8,0.8,0.8,Satisfied
Case 1663,1,¡,¥£¤,¢¥£¤,0.75,0.75,0.8,Satisfied
Case 1664,1,¢,¥£¤,¥£¤,1.0,1.0,0.8,Satisfied
Case 1671,1,¡,¢¥£¤,¢¥£¤,1.0,1.0,0.8,Satisfied
Case 1674,1,¡,¢¥£¤,¢¥£¤,1.0,1.0,0.8,Satisfied
Case 1675,1,¡,¢¥£¤,¢¥£¤,1.0,1.0,0.8,Satisfied
Case 1679,1,¡,¢¥£¤,¢¥£¤,1.0,1.0,0.8,Satisfied
Case 1681,1,¡,¢¥£¤,¢¥£¤,1.0,1.0,0.8,Satisfied
Case 1682,1,¡,¢¥£¤,¢¥£¤,1.0,1.0,0.8,Satisfied
Case 169,1,¡,¥£¤,¢¥£¤,0.75,0.75,0.8,Satisfied
Case 1691,1,§,¡¢¥£¤,¡¢¥£¤,1.0,1.0,0.8,Satisfied
Case 1697,1,¡,¢¥£¤,¢¥£¤,1.0,1.0,0.8,Satisfied
Case 1704,1,¡,¢¥£¤,¢¥£¤,1.0,1.0,0.8,Satisfied
Case 1709,1,¡,¢¥£¤,¢¥£¤,1.0,1.0,0.8,Satisfied
Case 1711,1,¡,¢¥£¤,¢¥£¤,1.0,1.0,0.8,Satisfied
Case 1718,1,¡,¢¥£¤,¢¥£¤,1.0,1.0,0.8,Satisfied
Case 1723,1,¡,¢¥£¤,¢¥£¤,1.0,1.0,0.8,Satisfied
Case 1730,1,¡,¢¥£¤,¢¥£¤,1.0,1.0,0.8,Satisfied
Case 1735,1,¡,­¥£¥£¤,¢¥£¤,0.5,0.6,0.8,Satisfied
Case 1746,1,¡,¢¥£¤,¢¥£¤,1.0,1.0,0.8,Satisfied
Case 1754,1,¡,¢¥£¤,¢¥£¤,1.0,1.0,0.8,Satisfied
Case 1760,1,¡,¢¥£¢¥¢£¤,¢¥£¤,0.5,1.0,0.8,Satisfied
Case 1761,1,¡,¢¥£¤,¢¥£¤,1.0,1.0,0.8,Satisfied
Case 1764,1,¡,­¥£¥£¤,¢¥£¤,0.5,0.6,0.8,Satisfied
Case 1771,1,¡,¢¥£¤,¢¥£¤,1.0,1.0,0.8,Satisfied
Case 1772,1,¡,¢¥£¤,¢¥£¤,1.0,1.0,0.8,Satisfied
Case 1776,1,¡,¢¥£¤,¢¥£¤,1.0,1.0,0.8,Satisfied
Case 1777,1,¡,¢¥£¤,¢¥£¤,1.0,1.0,0.8,Satisfied
Case 1787,1,¡,¢¥¥£¥£¤,¢¥£¤,0.5714285714285714,1.0,0.8,Satisfied
Case 1788,1,¡,¢¥£¤,¢¥£¤,1.0,1.0,0.8,Satisfied
Case 1791,1,¡,¢¥£¤,¢¥£¤,1.0,1.0,0.8,Satisfied
Case 1792,1,¡,¢¥£¤,¢¥£¤,1.0,1.0,0.8,Satisfied
Case 1795,1,¡,¢¥£¤,¢¥£¤,1.0,1.0,0.8,Satisfied
Case 1799,1,¡,¢­¥£¤,¢¥£¤,0.8,0.8,0.8,Satisfied
Case 18,1,¡,¢¥£¥£¤,¢¥£¤,0.6666666666666667,1.0,0.8,Satisfied
Case 1812,1,¡,¢¥£¤,¢¥£¤,1.0,1.0,0.8,Satisfied
Case 1813,1,¡,¢¥£¤,¢¥£¤,1.0,1.0,0.8,Satisfied
Case 1814,1,¡,¢¥£¤,¢¥£¤,1.0,1.0,0.8,Satisfied
Case 1815,1,¡,¢¥£¤,¢¥£¤,1.0,1.0,0.8,Satisfied
Case 1817,1,¡,¢¥£¤,¢¥£¤,1.0,1.0,0.8,Satisfied
Case 1823,1,¡,¢¥£¤,¢¥£¤,1.0,1.0,0.8,Satisfied
Case 1826,1,¡,¢¥£¤,¢¥£¤,1.0,1.0,0.8,Satisfied
Case 1828,1,¡,¢¥£¤,¢¥£¤,1.0,1.0,0.8,Satisfied
Case 1831,1,¡,¢¥£¤,¢¥£¤,1.0,1.0,0.8,Satisfied
Case 184,1,¡,¢¢¥£¤,¢¥£¤,0.8,1.0,0.8,Satisfied
Case 1843,1,¡,¡¥£¤,¢¥£¤,0.75,0.6,0.8,Satisfied
Case 1848,1,¡,¢¥£¤,¢¥£¤,1.0,1.0,0.8,Satisfied
Case 1858,1,¡,¥£¤,¢¥£¤,0.75,0.75,0.8,Satisfied
Case 1860,1,¡,¢¥£¤,¢¥£¤,1.0,1.0,0.8,Satisfied
Case 1868,1,¡,¢¥£¤,¢¥£¤,1.0,1.0,0.8,Satisfied
Case 1869,1,¡,¢¥£¤,¢¥£¤,1.0,1.0,0.8,Satisfied
Case 1874,1,§,¡¢¥£¤,¡¢¥£¤,1.0,1.0,0.8,Satisfied
Case 1882,1,¡,¢¥£¤,¢¥£¤,1.0,1.0,0.8,Satisfied
Case 1884,1,¡,¢¥£¤,¢¥£¤,1.0,1.0,0.8,Satisfied
Case 1887,1,¡,¢¥£¤,¢¥£¤,1.0,1.0,0.8,Satisfied
Case 1892,1,¡,¢¥£¤,¢¥£¤,1.0,1.0,0.8,Satisfied
Case 1894,1,¡,¢¥£¤,¢¥£¤,1.0,1.0,0.8,Satisfied
Case 1900,1,¡,¢¥£¤,¢¥£¤,1.0,1.0,0.8,Satisfied
Case 1901,1,¡,¢¥£¤,¢¥£¤,1.0,1.0,0.8,Satisfied
Case 1903,1,¡,¢¥£¤,¢¥£¤,1.0,1.0,0.8,Satisfied
Case 191,1,¡,¡¢¥£¤,¢¥£¤,0.8,0.8,0.8,Satisfied
Case 1915,1,¡,¢¥£¤,¢¥£¤,1.0,1.0,0.8,Satisfied
Case 1916,1,¡,¢¥£¤,¢¥£¤,1.0,1.0,0.8,Satisfied
Case 1918,1,¡,¥£¤,¢¥£¤,0.75,0.75,0.8,Satisfied
Case 192,1,¡,¡¢¥£¤¢¥£¤,¢¥£¤,0.4444444444444444,0.8,0.8,Satisfied
Case 1924,1,¡,¢¥£¤,¢¥£¤,1.0,1.0,0.8,Satisfied
Case 193,1,¡,¢¥£¤,¢¥£¤,1.0,1.0,0.8,Satisfied
Case 1946,1,¡,¢¥£¤,¢¥£¤,1.0,1.0,0.8,Satisfied
Case 1961,1,¡,¢¥£¤,¢¥£¤,1.0,1.0,0.8,Satisfied
Case 1968,1,¡,¢¥£¤,¢¥£¤,1.0,1.0,0.8,Satisfied
Case 1975,1,¡,¢¥£¤,¢¥£¤,1.0,1.0,0.8,Satisfied
Case 1978,1,¡,¥¢¥£¤,¢¥£¤,0.8,1.0,0.8,Satisfied
Case 1980,1,¡,¢¥£¤,¢¥£¤,1.0,1.0,0.8,Satisfied
Case 1987,1,¡,¥£¤,¢¥£¤,0.75,0.75,0.8,Satisfied
Case 20,1,¡,¢¥£¤,¢¥£¤,1.0,1.0,0.8,Satisfied
Case 2007,1,¡,¢­¥£¥£¤,¢¥£¤,0.5714285714285714,0.8,0.8,Satisfied
Case 2013,1,¡,¢¥£¤,¢¥£¤,1.0,1.0,0.8,Satisfied
Case 202,1,¡,¢¥£¤,¢¥£¤,1.0,1.0,0.8,Satisfied
Case 2021,1,¡,¢¥£¤,¢¥£¤,1.0,1.0,0.8,Satisfied
Case 2022,1,¡,¡¡¥£¤,¢¥£¤,0.6,0.6,0.8,Satisfied
Case 2035,1,¡,¢¦­¥£¤,¢¥£¤,0.6666666666666667,0.6666666666666666,0.8,Satisfied
Case 2037,1,¡,¥£¤,¢¥£¤,0.75,0.75,0.8,Satisfied
Case 2050,1,¡,¢¥£¤,¢¥£¤,1.0,1.0,0.8,Satisfied
Case 2059,1,¡,¢¥£¤,¢¥£¤,1.0,1.0,0.8,Satisfied
Case 2062,1,¡,¢¥£¤,¢¥£¤,1.0,1.0,0.8,Satisfied
Case 2068,1,¡,¢¥£¤,¢¥£¤,1.0,1.0,0.8,Satisfied
Case 2074,1,¡,¢¥£¤,¢¥£¤,1.0,1.0,0.8,Satisfied
Case 2081,1,¡,¢­¥£¤,¢¥£¤,0.8,0.8,0.8,Satisfied
Case 2083,1,¡,¢¥£¤,¢¥£¤,1.0,1.0,0.8,Satisfied
Case 2092,1,¡,¢¥£¤,¢¥£¤,1.0,1.0,0.8,Satisfied
Case 2093,1,¡,¢¥£¤,¢¥£¤,1.0,1.0,0.8,Satisfied
Case 2097,1,¡,¢¥£¤,¢¥£¤,1.0,1.0,0.8,Satisfied
Case 210,1,¡,¢¥£¤,¢¥£¤,1.0,1.0,0.8,Satisfied
Case 2103,1,¡,¢¥£¤,¢¥£¤,1.0,1.0,0.8,Satisfied
Case 2104,1,¡,¢­¥£¤,¢¥£¤,0.8,0.8,0.8,Satisfied
Case 2105,1,¡,¢¥£¤,¢¥£¤,1.0,1.0,0.8,Satisfied
Case 2108,1,¡,¢¥£¤,¢¥£¤,1.0,1.0,0.8,Satisfied
Case 211,1,¡,¥£¤,¢¥£¤,0.75,0.75,0.8,Satisfied
Case 2112,1,¡,¢¥£¤,¢¥£¤,1.0,1.0,0.8,Satisfied
Case 2117,1,¡,¥¥£¢¥£¥£¤,¢¥£¤,0.4444444444444444,1.0,0.8,Satisfied
Case 2121,1,¡,¢¥£¤,¢¥£¤,1.0,1.0,0.8,Satisfied
Case 2123,1,¡,¡¢¥£¥£¤,¢¥£¤,0.5714285714285714,0.8,0.8,Satisfied
Case 2125,1,¡,¢¥­,¢¥£¤,0.5,0.4,0.8,Satisfied
Case 2126,1,¡,¢¥£¤,¢¥£¤,1.0,1.0,0.8,Satisfied
Case 2134,1,¡,¥¢£¤,¢¥£¤,0.75,1.0,0.8,Satisfied
Case 2141,1,¡,¢¥£¤,¢¥£¤,1.0,1.0,0.8,Satisfied
Case 2142,1,¡,¢¥£¤,¢¥£¤,1.0,1.0,0.8,Satisfied
Case 2143,1,¡,¢­¥£¤,¢¥£¤,0.8,0.8,0.8,Satisfied
Case 2152,1,¡,¢¥£¤,¢¥£¤,1.0,1.0,0.8,Satisfied
Case 2156,1,¡,¢¥£¤,¢¥£¤,1.0,1.0,0.8,Satisfied
Case 2157,1,¡,¥£¥£¤,¢¥£¤,0.6,0.75,0.8,Satisfied
Case 2163,1,¡,¢¥£¤,¢¥£¤,1.0,1.0,0.8,Satisfied
Case 2167,1,¡,¢¥£¤,¢¥£¤,1.0,1.0,0.8,Satisfied
Case 2168,1,¡,¢¥¥£¤,¢¥£¤,0.8,1.0,0.8,Satisfied
Case 2172,1,¡,¢¥£¤,¢¥£¤,1.0,1.0,0.8,Satisfied
Case 2176,1,¡,¢¥£¤,¢¥£¤,1.0,1.0,0.8,Satisfied
Case 2177,1,¡,¥¥£¤,¢¥£¤,0.75,0.75,0.8,Satisfied
Case 2183,1,¡,¢¥£¤,¢¥£¤,1.0,1.0,0.8,Satisfied
Case 2187,1,¡,¢¥£¤,¢¥£¤,1.0,1.0,0.8,Satisfied
Case 2191,1,¡,¢¥£¤,¢¥£¤,1.0,1.0,0.8,Satisfied
Case 2197,1,¡,¢¥£¤,¢¥£¤,1.0,1.0,0.8,Satisfied
Case 2201,1,¡,¢¥£¤,¢¥£¤,1.0,1.0,0.8,Satisfied
Case 2203,1,¡,¢¥£¤,¢¥£¤,1.0,1.0,0.8,Satisfied
Case 2210,1,¡,¢¥£¤,¢¥£¤,1.0,1.0,0.8,Satisfied
Case 2211,1,¡,¢¥£¤,¢¥£¤,1.0,1.0,0.8,Satisfied
Case 2215,1,¡,¢¥£¤,¢¥£¤,1.0,1.0,0.8,Satisfied
Case 2219,1,¡,¢¥¢£¤,¢¥£¤,0.8,1.0,0.8,Satisfied
Case 2220,1,¡,¢¥£¤,¢¥£¤,1.0,1.0,0.8,Satisfied
Case 2227,1,¡,¥£¥£¤,¢¥£¤,0.6,0.75,0.8,Satisfied
Case 2228,1,¡,¢¥£¤,¢¥£¤,1.0,1.0,0.8,Satisfied
Case 2229,1,¡,¥£¤,¢¥£¤,0.75,0.75,0.8,Satisfied
Case 2232,1,¡,¥£¤,¢¥£¤,0.75,0.75,0.8,Satisfied
Case 2236,1,¡,¢¥£¤,¢¥£¤,1.0,1.0,0.8,Satisfied
Case 2239,1,¡,¢¥£¥£¢¥£¤,¢¥£¤,0.4444444444444444,1.0,0.8,Satisfied
Case 2245,1,¡,¢¥£¤,¢¥£¤,1.0,1.0,0.8,Satisfied
Case 2253,1,¢,¥£¤,¥£¤,1.0,1.0,0.8,Satisfied
Case 2256,1,¡,¥£¤,¢¥£¤,0.75,0.75,0.8,Satisfied
Case 2267,1,¡,¢¥£¤,¢¥£¤,1.0,1.0,0.8,Satisfied
Case 2268,1,¡,¢¥£¤,¢¥£¤,1.0,1.0,0.8,Satisfied
Case 2279,1,¡,¢¥£¤,¢¥£¤,1.0,1.0,0.8,Satisfied
Case 2285,1,¡,¥¢¥£¤,¢¥£¤,0.8,1.0,0.8,Satisfied
Case 2290,1,¡,¢¥£¤,¢¥£¤,1.0,1.0,0.8,Satisfied
Case 2296,1,¡,¢¥£¤,¢¥£¤,1.0,1.0,0.8,Satisfied
Case 23,1,¡,¢¥£¤,¢¥£¤,1.0,1.0,0.8,Satisfied
Case 230,1,¡,¡¢¥£¤,¢¥£¤,0.8,0.8,0.8,Satisfied
Case 2300,1,¡,¢­­¦­,¢¥£¤,0.19999999999999996,0.16666666666666663,0.8,Satisfied
Case 2302,1,¡,¢¥£¤,¢¥£¤,1.0,1.0,0.8,Satisfied
Case 2308,1,¡,¢¥£¤,¢¥£¤,1.0,1.0,0.8,Satisfied
Case 2315,1,¡,¢¥£¤,¢¥£¤,1.0,1.0,0.8,Satisfied
Case 232,1,¡,¢¥¥£¥£¤,¢¥£¤,0.5714285714285714,1.0,0.8,Satisfied
Case 2322,1,¡,¢¥£¤,¢¥£¤,1.0,1.0,0.8,Satisfied
Case 2328,1,¡,¢¥£¤,¢¥£¤,1.0,1.0,0.8,Satisfied
Case 233,1,¡,¢¥£¤,¢¥£¤,1.0,1.0,0.8,Satisfied
Case 2330,1,¡,¢¥£¤,¢¥£¤,1.0,1.0,0.8,Satisfied
Case 2335,1,¡,¢¥£¤,¢¥£¤,1.0,1.0,0.8,Satisfied
Case 2342,1,¡,¢¥¥£¤,¢¥£¤,0.8,1.0,0.8,Satisfied
Case 2346,1,§,¡¢¥£¤,¡¢¥£¤,1.0,1.0,0.8,Satisfied
Case 2348,1,¡,¢¥£¤,¢¥£¤,1.0,1.0,0.8,Satisfied
Case 235,1,§,¡¢¥£¤,¡¢¥£¤,1.0,1.0,0.8,Satisfied
Case 2356,1,¡,¢¥¥£¤,¢¥£¤,0.8,1.0,0.8,Satisfied
Case 2362,1,¢,¥£¤,¥£¤,1.0,1.0,0.8,Satisfied
Case 2367,1,¡,¢¥£¤,¢¥£¤,1.0,1.0,0.8,Satisfied
Case 2368,1,¡,¢¥£¥£¥£­¢¥£¤,¢¥£¤,0.33333333333333337,0.8,0.8,Satisfied
Case 237,1,¡,¢­¥£¤,¢¥£¤,0.8,0.8,0.8,Satisfied
Case 2374,1,¡,¢¥£¤,¢¥£¤,1.0,1.0,0.8,Satisfied
Case 2375,1,¡,¡¡¢¥£¤,¢¥£¤,0.6666666666666667,0.8,0.8,Satisfied
Case 2380,1,¡,¢¥¢£¤,¢¥£¤,0.8,1.0,0.8,Satisfied
Case 2381,1,¡,¡¡¥£¥£¤,¢¥£¤,0.4285714285714286,0.6,0.8,Satisfied
Case 2390,1,¡,¢¥£¤,¢¥£¤,1.0,1.0,0.8,Satisfied
Case 2391,1,¡,¢¥£¤,¢¥£¤,1.0,1.0,0.8,Satisfied
Case 2398,1,¡,¢¥£¤,¢¥£¤,1.0,1.0,0.8,Satisfied
Case 2399,1,¡,¢¢¥£¤,¢¥£¤,0.8,1.0,0.8,Satisfied
Case 2403,1,¡,¢¥£¤,¢¥£¤,1.0,1.0,0.8,Satisfied
Case 2415,1,¡,¢¥£¤,¢¥£¤,1.0,1.0,0.8,Satisfied
Case 2417,1,¡,¢¥­£¤,¢¥£¤,0.8,0.8,0.8,Satisfied
Case 242,1,¡,¢¥£¤,¢¥£¤,1.0,1.0,0.8,Satisfied
Case 2431,1,¡,¢¥£¤,¢¥£¤,1.0,1.0,0.8,Satisfied
Case 2432,1,¡,¢¥£¤,¢¥£¤,1.0,1.0,0.8,Satisfied
Case 2436,1,¡,¥£¤¢,¢¥£¤,0.5,1.0,0.8,Satisfied
Case 2447,1,¡,¢¢¥£¤,¢¥£¤,0.8,1.0,0.8,Satisfied
Case 2448,1,¡,¢¥£¤,¢¥£¤,1.0,1.0,0.8,Satisfied
Case 2451,1,¡,¢¦­­¥£,¢¥£¤,0.33333333333333337,0.5,0.8,Satisfied
Case 2452,1,¡,¢¥£¤,¢¥£¤,1.0,1.0,0.8,Satisfied
Case 2455,1,¡,¢¥£¤,¢¥£¤,1.0,1.0,0.8,Satisfied
Case 2458,1,¡,¢¥£¤,¢¥£¤,1.0,1.0,0.8,Satisfied
Case 2465,1,¡,¢¥£¤,¢¥£¤,1.0,1.0,0.8,Satisfied
Case 2466,1,¡,¢­­¥£¤,¢¥£¤,0.6666666666666667,0.8,0.8,Satisfied
Case 247,1,§,¢¥£¤,¡¢¥£¤,0.8,0.8,0.8,Satisfied
Case 2473,1,¡,¢¥¢¥£¤,¢¥£¤,0.6666666666666667,1.0,0.8,Satisfied
Case 2474,1,¡,¢¥£¤,¢¥£¤,1.0,1.0,0.8,Satisfied
Case 2476,1,¡,¢­¥£¤,¢¥£¤,0.8,0.8,0.8,Satisfied
Case 2481,1,¡,¢­¥£¤,¢¥£¤,0.8,0.8,0.8,Satisfied
Case 2490,1,¡,¡¢¥£¤,¢¥£¤,0.8,0.8,0.8,Satisfied
Case 2492,1,¡,¢¥£¤,¢¥£¤,1.0,1.0,0.8,Satisfied
Case 2498,1,¡,¢¥£¤,¢¥£¤,1.0,1.0,0.8,Satisfied
Case 2499,1,¡,¢¥£¤,¢¥£¤,1.0,1.0,0.8,Satisfied
Case 2504,1,¡,¢¥£¤,¢¥£¤,1.0,1.0,0.8,Satisfied
Case 2508,1,¡,¢¥£¤,¢¥£¤,1.0,1.0,0.8,Satisfied
Case 2512,1,¡,¢¥£¥£¤,¢¥£¤,0.6666666666666667,1.0,0.8,Satisfied
Case 2514,1,¡,¢¥¥£¤,¢¥£¤,0.8,1.0,0.8,Satisfied
Case 2522,1,¡,¢¥£¥£¤,¢¥£¤,0.6666666666666667,1.0,0.8,Satisfied
Case 253,1,¡,¢¥£¤,¢¥£¤,1.0,1.0,0.8,Satisfied
Case 2530,1,¡,¢¥£¤,¢¥£¤,1.0,1.0,0.8,Satisfied
Case 2534,1,¡,¢¥£¤,¢¥£¤,1.0,1.0,0.8,Satisfied
Case 2541,1,¢,¥£¤,¥£¤,1.0,1.0,0.8,Satisfied
Case 2550,1,¡,¢¥¥£¥£¤,¢¥£¤,0.5714285714285714,1.0,0.8,Satisfied
Case 2555,1,¡,¢¥£¤,¢¥£¤,1.0,1.0,0.8,Satisfied
Case 2558,1,¡,¢¥£¤,¢¥£¤,1.0,1.0,0.8,Satisfied
Case 2569,1,¡,¢¥£¤,¢¥£¤,1.0,1.0,0.8,Satisfied
Case 2571,1,¡,¢¥£¤,¢¥£¤,1.0,1.0,0.8,Satisfied
Case 2577,1,¡,¢¥£¤,¢¥£¤,1.0,1.0,0.8,Satisfied
Case 2581,1,¡,¡¢¥£¤,¢¥£¤,0.8,0.8,0.8,Satisfied
Case 2585,1,¡,¢¥£¤,¢¥£¤,1.0,1.0,0.8,Satisfied
Case 2591,1,¡,¢¥£¤,¢¥£¤,1.0,1.0,0.8,Satisfied
Case 2593,1,¡,­¥£¤,¢¥£¤,0.75,0.6,0.8,Satisfied
Case 2596,1,¡,¢¥£¤,¢¥£¤,1.0,1.0,0.8,Satisfied
Case 2598,1,¡,¢¥£¤,¢¥£¤,1.0,1.0,0.8,Satisfied
Case 2599,1,¡,¢¥£¤,¢¥£¤,1.0,1.0,0.8,Satisfied
Case 2603,1,¡,¢¥£¤,¢¥£¤,1.0,1.0,0.8,Satisfied
Case 2607,1,¡,¢¥£¤,¢¥£¤,1.0,1.0,0.8,Satisfied
Case 2609,1,¡,¢¥£¤,¢¥£¤,1.0,1.0,0.8,Satisfied
Case 261,1,¡,¢¥£¤,¢¥£¤,1.0,1.0,0.8,Satisfied
Case 2611,1,¡,¢¥£¤,¢¥£¤,1.0,1.0,0.8,Satisfied
Case 2613,1,¡,¢¥¥¥£¥£¤,¢¥£¤,0.5,1.0,0.8,Satisfied
Case 2614,1,¡,¢¥£¤,¢¥£¤,1.0,1.0,0.8,Satisfied
Case 2616,1,¡,¥£¤,¢¥£¤,0.75,0.75,0.8,Satisfied
Case 262,1,¡,¢¥£¥£¤,¢¥£¤,0.6666666666666667,1.0,0.8,Satisfied
Case 2620,1,¡,¢­¥£¤,¢¥£¤,0.8,0.8,0.8,Satisfied
Case 2622,1,¢,¥£¤,¥£¤,1.0,1.0,0.8,Satisfied
Case 2625,1,¡,¢¥£¤,¢¥£¤,1.0,1.0,0.8,Satisfied
Case 2631,1,¡,¢¥£¤,¢¥£¤,1.0,1.0,0.8,Satisfied
Case 2634,1,¡,¢¥£¤,¢¥£¤,1.0,1.0,0.8,Satisfied
Case 2643,1,¡,¥£¤,¢¥£¤,0.75,0.75,0.8,Satisfied
Case 265,1,¡,¢¥£¤,¢¥£¤,1.0,1.0,0.8,Satisfied
Case 2659,1,¡,¢¥¥¢£¤,¢¥£¤,0.6666666666666667,1.0,0.8,Satisfied
Case 2665,1,¡,¢¥£¤,¢¥£¤,1.0,1.0,0.8,Satisfied
Case 2666,1,¡,¡¢¥¥£¤,¢¥£¤,0.6666666666666667,0.8,0.8,Satisfied
Case 2667,1,¡,¢¥¥£¢¥£¤,¢¥£¤,0.5,1.0,0.8,Satisfied
Case 2668,1,¡,¡¢­¥£¤,¢¥£¤,0.6666666666666667,0.6666666666666666,0.8,Satisfied
Case 2674,1,¡,¢¥¢£¤,¢¥£¤,0.8,1.0,0.8,Satisfied
Case 2676,1,¡,¢¥£¤,¢¥£¤,1.0,1.0,0.8,Satisfied
Case 2681,1,¡,¢¥£¤,¢¥£¤,1.0,1.0,0.8,Satisfied
Case 2686,1,¢,¥£¤,¥£¤,1.0,1.0,0.8,Satisfied
Case 2700,1,¡,¢¥£¤,¢¥£¤,1.0,1.0,0.8,Satisfied
Case 2713,1,¡,¢¥£¤,¢¥£¤,1.0,1.0,0.8,Satisfied
Case 2714,1,¡,¢¥£¤,¢¥£¤,1.0,1.0,0.8,Satisfied
Case 2716,1,¡,¢¥£¤,¢¥£¤,1.0,1.0,0.8,Satisfied
Case 2720,1,¡,¢­¥£¤,¢¥£¤,0.8,0.8,0.8,Satisfied
Case 2721,1,¡,¢¥£¤,¢¥£¤,1.0,1.0,0.8,Satisfied
Case 2734,1,¡,¢¥£¤,¢¥£¤,1.0,1.0,0.8,Satisfied
Case 2741,1,¡,¢¥£¤,¢¥£¤,1.0,1.0,0.8,Satisfied
Case 2765,1,¡,¢¥¥£¤,¢¥£¤,0.8,1.0,0.8,Satisfied
Case 2770,1,¡,¢¥£¤,¢¥£¤,1.0,1.0,0.8,Satisfied
Case 2774,1,¡,¥£¥£¢¥£¤,¢¥£¤,0.5,1.0,0.8,Satisfied
Case 2776,1,¢,¥¢¥£¤,¥£¤,0.6,0.75,0.8,Satisfied
Case 2777,1,¡,¢¥£¤,¢¥£¤,1.0,1.0,0.8,Satisfied
Case 2788,1,¡,¢¥£¤,¢¥£¤,1.0,1.0,0.8,Satisfied
Case 2789,1,¡,¢¥£¤,¢¥£¤,1.0,1.0,0.8,Satisfied
Case 2791,1,¡,¢¥£¤,¢¥£¤,1.0,1.0,0.8,Satisfied
Case 2797,1,¢,¥£¤,¥£¤,1.0,1.0,0.8,Satisfied
Case 28,1,¡,¢¦­­¥£,¢¥£¤,0.33333333333333337,0.5,0.8,Satisfied
Case 2814,1,¡,¢¥£¤,¢¥£¤,1.0,1.0,0.8,Satisfied
Case 282,1,¡,¢¥£¤,¢¥£¤,1.0,1.0,0.8,Satisfied
Case 2826,1,¡,¢¥£¤,¢¥£¤,1.0,1.0,0.8,Satisfied
Case 2834,1,¡,¢¥£¤,¢¥£¤,1.0,1.0,0.8,Satisfied
Case 2839,1,¡,¢¥£¤,¢¥£¤,1.0,1.0,0.8,Satisfied
Case 2847,1,¡,¢¥£¤,¢¥£¤,1.0,1.0,0.8,Satisfied
Case 2848,1,¡,¢¥£¤,¢¥£¤,1.0,1.0,0.8,Satisfied
Case 2849,1,¡,¥£¥£¤,¢¥£¤,0.6,0.75,0.8,Satisfied
Case 2851,1,¡,¢¥£¤,¢¥£¤,1.0,1.0,0.8,Satisfied
Case 2854,1,¡,¢¥£¤,¢¥£¤,1.0,1.0,0.8,Satisfied
Case 286,1,¡,¢¥£¤,¢¥£¤,1.0,1.0,0.8,Satisfied
Case 2860,1,¡,¢¥£¤,¢¥£¤,1.0,1.0,0.8,Satisfied
Case 2866,1,¡,¢¥£¤,¢¥£¤,1.0,1.0,0.8,Satisfied
Case 2873,1,¡,¢¥£¤,¢¥£¤,1.0,1.0,0.8,Satisfied
Case 2875,1,¡,¢¥£¤,¢¥£¤,1.0,1.0,0.8,Satisfied
Case 2881,1,¡,­­¥£¤,¢¥£¤,0.6,0.6,0.8,Satisfied
Case 2891,1,¡,¢¥£¤,¢¥£¤,1.0,1.0,0.8,Satisfied
Case 2897,1,¡,¢­¢¥£¤,¢¥£¤,0.6666666666666667,0.8,0.8,Satisfied
Case 2905,1,¡,¢¥£¤,¢¥£¤,1.0,1.0,0.8,Satisfied
Case 2908,1,¡,¢¥£¤,¢¥£¤,1.0,1.0,0.8,Satisfied
Case 2910,1,¡,¢¥£¤,¢¥£¤,1.0,1.0,0.8,Satisfied
Case 2918,1,¡,¢­¢¥£¤,¢¥£¤,0.6666666666666667,0.8,0.8,Satisfied
Case 292,1,¡,¢¥£¤,¢¥£¤,1.0,1.0,0.8,Satisfied
Case 2931,1,¡,¢¥­£¥£¤,¢¥£¤,0.5714285714285714,0.8,0.8,Satisfied
Case 2932,1,¡,¢¥£¤,¢¥£¤,1.0,1.0,0.8,Satisfied
Case 2934,1,¡,¢¥£¤,¢¥£¤,1.0,1.0,0.8,Satisfied
Case 2949,1,¡,¢¥£¤,¢¥£¤,1.0,1.0,0.8,Satisfied
Case 2956,1,¡,¥£¤,¢¥£¤,0.75,0.75,0.8,Satisfied
Case 296,1,¡,¢¥£¤,¢¥£¤,1.0,1.0,0.8,Satisfied
Case 2962,1,¡,¢¥£¤,¢¥£¤,1.0,1.0,0.8,Satisfied
Case 2964,1,¡,¢¥£¤,¢¥£¤,1.0,1.0,0.8,Satisfied
Case 2966,1,¡,¢¥£¤,¢¥£¤,1.0,1.0,0.8,Satisfied
Case 2968,1,¡,¢¥£¤,¢¥£¤,1.0,1.0,0.8,Satisfied
Case 2970,1,¡,¢­¥£¤,¢¥£¤,0.8,0.8,0.8,Satisfied
Case 2971,1,¡,¢¥£¤,¢¥£¤,1.0,1.0,0.8,Satisfied
Case 2975,1,¡,¥¡¢¥¥¢£¤,¢¥£¤,0.5,0.8,0.8,Satisfied
Case 2981,1,¡,¡¢­­¥£¤,¢¥£¤,0.5714285714285714,0.6666666666666666,0.8,Satisfied
Case 2984,1,¡,¢¥£¥£¤,¢¥£¤,0.6666666666666667,1.0,0.8,Satisfied
Case 2988,1,¡,¥£¥£¤,¢¥£¤,0.6,0.75,0.8,Satisfied
Case 299,1,¡,¢¥£¤,¢¥£¤,1.0,1.0,0.8,Satisfied
Case 2992,1,¡,¢¥£¤,¢¥£¤,1.0,1.0,0.8,Satisfied
Case 3002,1,¡,¢¥£¤,¢¥£¤,1.0,1.0,0.8,Satisfied
Case 3008,1,¡,¢¥£¤,¢¥£¤,1.0,1.0,0.8,Satisfied
Case 3009,1,¡,¢¥¢£¤,¢¥£¤,0.8,1.0,0.8,Satisfied
Case 3010,1,¡,¢¥£¤,¢¥£¤,1.0,1.0,0.8,Satisfied
Case 3013,1,¡,¢¢¥£¤,¢¥£¤,0.8,1.0,0.8,Satisfied
Case 3015,1,¡,¢­¥£¤,¢¥£¤,0.8,0.8,0.8,Satisfied
Case 3016,1,¡,¡¢¥£¤,¢¥£¤,0.8,0.8,0.8,Satisfied
Case 3021,1,¡,¢¥£¤,¢¥£¤,1.0,1.0,0.8,Satisfied
Case 3027,1,¡,¢¥£¤,¢¥£¤,1.0,1.0,0.8,Satisfied
Case 3034,1,¡,¢¥£¤,¢¥£¤,1.0,1.0,0.8,Satisfied
Case 3035,1,¡,¢¥£¤,¢¥£¤,1.0,1.0,0.8,Satisfied
Case 3037,1,¡,¢¥£¤,¢¥£¤,1.0,1.0,0.8,Satisfied
Case 3038,1,¡,¢¥¢¥£¤,¢¥£¤,0.6666666666666667,1.0,0.8,Satisfied
Case 3043,1,¡,¢¥£¤,¢¥£¤,1.0,1.0,0.8,Satisfied
Case 3044,1,¡,¢¥£¤,¢¥£¤,1.0,1.0,0.8,Satisfied
Case 3046,1,¡,¥£¤,¢¥£¤,0.75,0.75,0.8,Satisfied
Case 3056,1,¡,¢¥£¤,¢¥£¤,1.0,1.0,0.8,Satisfied
Case 3058,1,¡,¢­¥£¥£¤,¢¥£¤,0.5714285714285714,0.8,0.8,Satisfied
Case 3059,1,¡,¢­¥£¤,¢¥£¤,0.8,0.8,0.8,Satisfied
Case 3061,1,¡,¢­¥£¤,¢¥£¤,0.8,0.8,0.8,Satisfied
Case 3071,1,¡,¢¦­¥£¤,¢¥£¤,0.6666666666666667,0.6666666666666666,0.8,Satisfied
Case 3073,1,¡,¢¥£¤,¢¥£¤,1.0,1.0,0.8,Satisfied
Case 3077,1,¡,­¥£¤,¢¥£¤,0.75,0.6,0.8,Satisfied
Case 3078,1,¡,¢¥£¤,¢¥£¤,1.0,1.0,0.8,Satisfied
Case 308,1,¡,¢¥£¤,¢¥£¤,1.0,1.0,0.8,Satisfied
Case 3082,1,¡,¡¢¥£¤,¢¥£¤,0.8,0.8,0.8,Satisfied
Case 3083,1,¡,¢¥£¤,¢¥£¤,1.0,1.0,0.8,Satisfied
Case 3086,1,¡,¢¥£¤,¢¥£¤,1.0,1.0,0.8,Satisfied
Case 3095,1,¡,¢¥£¤,¢¥£¤,1.0,1.0,0.8,Satisfied
Case 31,1,¡,¢¦­¥£¤,¢¥£¤,0.6666666666666667,0.6666666666666666,0.8,Satisfied
Case 3103,1,¡,¢­¥£¤,¢¥£¤,0.8,0.8,0.8,Satisfied
Case 3112,1,¡,¢¥£¤,¢¥£¤,1.0,1.0,0.8,Satisfied
Case 3113,1,¡,¢¥¥¢¥£¤,¢¥£¤,0.5714285714285714,1.0,0.8,Satisfied
Case 3118,1,¡,¢¥¥¦£¤,¢¥£¤,0.6666666666666667,0.8,0.8,Satisfied
Case 3121,1,¡,¢¥£¡¢¥£¤,¢¥£¤,0.5,0.8,0.8,Satisfied
Case 3126,1,¡,¢¥£¤,¢¥£¤,1.0,1.0,0.8,Satisfied
Case 3128,1,¡,¢¥£¤,¢¥£¤,1.0,1.0,0.8,Satisfied
Case 313,1,¡,¢¥­¥£¥£¤,¢¥£¤,0.5,0.8,0.8,Satisfied
Case 3139,1,¡,¢­¢¥£¤,¢¥£¤,0.6666666666666667,0.8,0.8,Satisfied
Case 3142,1,¡,¢¥£¤,¢¥£¤,1.0,1.0,0.8,Satisfied
Case 3145,1,¡,¢¥£¤,¢¥£¤,1.0,1.0,0.8,Satisfied
Case 3148,1,¢,¥£¤,¥£¤,1.0,1.0,0.8,Satisfied
Case 317,1,¡,¢­¥£¤,¢¥£¤,0.8,0.8,0.8,Satisfied
Case 3172,1,¡,¢¥£¤,¢¥£¤,1.0,1.0,0.8,Satisfied
Case 3176,1,¡,¢­¥£¤,¢¥£¤,0.8,0.8,0.8,Satisfied
Case 3180,1,¡,¢¥£¤,¢¥£¤,1.0,1.0,0.8,Satisfied
Case 3182,1,¡,¢¥£¤,¢¥£¤,1.0,1.0,0.8,Satisfied
Case 3184,1,¡,¢¥£¤,¢¥£¤,1.0,1.0,0.8,Satisfied
Case 3186,1,¡,¢¥£¤,¢¥£¤,1.0,1.0,0.8,Satisfied
Case 3188,1,¡,¢¥£¤,¢¥£¤,1.0,1.0,0.8,Satisfied
Case 3192,1,¡,¢¦¥£¤,¢¥£¤,0.8,0.8,0.8,Satisfied
Case 3212,1,¡,¢¥£¤,¢¥£¤,1.0,1.0,0.8,Satisfied
Case 3214,1,¡,¢¦¥£¤,¢¥£¤,0.8,0.8,0.8,Satisfied
Case 3222,1,¡,¢¥£¤,¢¥£¤,1.0,1.0,0.8,Satisfied
Case 3226,1,¡,¥£¤,¢¥£¤,0.75,0.75,0.8,Satisfied
Case 3229,1,¡,¢¥£¤,¢¥£¤,1.0,1.0,0.8,Satisfied
Case 323,1,¡,¢¥£¤,¢¥£¤,1.0,1.0,0.8,Satisfied
Case 3231,1,¡,¢¥£¤,¢¥£¤,1.0,1.0,0.8,Satisfied
Case 3233,1,¡,¢¥£¤,¢¥£¤,1.0,1.0,0.8,Satisfied
Case 3239,1,¡,¥£¤,¢¥£¤,0.75,0.75,0.8,Satisfied
Case 324,1,¢,¥£¤,¥£¤,1.0,1.0,0.8,Satisfied
Case 3240,1,¡,¢¥£¤,¢¥£¤,1.0,1.0,0.8,Satisfied
Case 3249,1,¡,¢­­¢¥£¥£¤,¢¥£¤,0.4444444444444444,0.8,0.8,Satisfied
Case 3251,1,¡,¢¥£¤,¢¥£¤,1.0,1.0,0.8,Satisfied
Case 3253,1,¡,¢¥£¤,¢¥£¤,1.0,1.0,0.8,Satisfied
Case 3254,1,¡,¢¥,¢¥£¤,0.5,0.5,0.8,Satisfied
Case 326,1,¡,¢­­¥£¤,¢¥£¤,0.6666666666666667,0.8,0.8,Satisfied
Case 3260,1,¡,¢¥£¤,¢¥£¤,1.0,1.0,0.8,Satisfied
Case 3262,1,¡,¢¥£¤,¢¥£¤,1.0,1.0,0.8,Satisfied
Case 3273,1,¡,¢¥£¤,¢¥£¤,1.0,1.0,0.8,Satisfied
Case 3276,1,¡,¢­¥£¤,¢¥£¤,0.8,0.8,0.8,Satisfied
Case 3288,1,¡,¢¥£¥£¤,¢¥£¤,0.6666666666666667,1.0,0.8,Satisfied
Case 3289,1,¡,¢¥£¤,¢¥£¤,1.0,1.0,0.8,Satisfied
Case 3294,1,¡,¢¥¢£¤,¢¥£¤,0.8,1.0,0.8,Satisfied
Case 33,1,¡,¢¥£¤,¢¥£¤,1.0,1.0,0.8,Satisfied
Case 331,1,¡,¢­¥£¤,¢¥£¤,0.8,0.8,0.8,Satisfied
Case 3314,1,¡,¢¥£¤,¢¥£¤,1.0,1.0,0.8,Satisfied
Case 3315,1,¡,¢¥£¤,¢¥£¤,1.0,1.0,0.8,Satisfied
Case 332,1,¡,¢¥£¤,¢¥£¤,1.0,1.0,0.8,Satisfied
Case 3323,1,¡,¢¦­­¥£,¢¥£¤,0.33333333333333337,0.5,0.8,Satisfied
Case 3324,1,¡,¢¥£¤,¢¥£¤,1.0,1.0,0.8,Satisfied
Case 333,1,¡,¢¥£¤,¢¥£¤,1.0,1.0,0.8,Satisfied
Case 3331,1,¡,¢¥£¤,¢¥£¤,1.0,1.0,0.8,Satisfied
Case 3334,1,¡,¢¥£¤,¢¥£¤,1.0,1.0,0.8,Satisfied
Case 3336,1,¡,¢¥£¤,¢¥£¤,1.0,1.0,0.8,Satisfied
Case 3338,1,¡,­¥£¤,¢¥£¤,0.75,0.6,0.8,Satisfied
Case 3341,1,¡,¢¥£¤,¢¥£¤,1.0,1.0,0.8,Satisfied
Case 3344,1,¡,¥£¥£¢¥£¥£¤,¢¥£¤,0.4,1.0,0.8,Satisfied
Case 3349,1,¡,¢¥£¤,¢¥£¤,1.0,1.0,0.8,Satisfied
Case 3351,1,¡,¢¥£¥£¤,¢¥£¤,0.6666666666666667,1.0,0.8,Satisfied
Case 3357,1,¡,¢¥£¤,¢¥£¤,1.0,1.0,0.8,Satisfied
Case 3358,1,¡,¢­¥£¤,¢¥£¤,0.8,0.8,0.8,Satisfied
Case 3360,1,¡,¢¥£¤,¢¥£¤,1.0,1.0,0.8,Satisfied
Case 3362,1,¡,¢¥£¤,¢¥£¤,1.0,1.0,0.8,Satisfied
Case 337,1,¡,¢¥£¤,¢¥£¤,1.0,1.0,0.8,Satisfied
Case 3372,1,¡,¢¥£¤,¢¥£¤,1.0,1.0,0.8,Satisfied
Case 3373,1,¡,¢¥£¤,¢¥£¤,1.0,1.0,0.8,Satisfied
Case 3376,1,¡,¢¥£¤,¢¥£¤,1.0,1.0,0.8,Satisfied
Case 3382,1,¡,¢¥£¤,¢¥£¤,1.0,1.0,0.8,Satisfied
Case 3398,1,¡,¢¥£¤,¢¥£¤,1.0,1.0,0.8,Satisfied
Case 34,1,¡,¢¥¥£¤,¢¥£¤,0.8,1.0,0.8,Satisfied
Case 3403,1,¡,¢¥£¤,¢¥£¤,1.0,1.0,0.8,Satisfied
Case 3409,1,¡,¢¦¬¬­,¢¥£¤,0.19999999999999996,0.1428571428571428,0.8,Satisfied
Case 3413,1,¡,¢¥£¤,¢¥£¤,1.0,1.0,0.8,Satisfied
Case 3416,1,¡,¥£¤,¢¥£¤,0.75,0.75,0.8,Satisfied
Case 3418,1,¡,¢­¥£¤,¢¥£¤,0.8,0.8,0.8,Satisfied
Case 3419,1,¡,¢¥£¤,¢¥£¤,1.0,1.0,0.8,Satisfied
Case 3426,1,¡,¢¥£¤,¢¥£¤,1.0,1.0,0.8,Satisfied
Case 3428,1,¡,¢¥£¤,¢¥£¤,1.0,1.0,0.8,Satisfied
Case 343,1,¡,¢¥£¤,¢¥£¤,1.0,1.0,0.8,Satisfied
Case 3436,1,¡,¢¥¥¥¥£¤,¢¥£¤,0.5714285714285714,1.0,0.8,Satisfied
Case 3439,1,¢,¥£¢¥¢¥£¤,¥£¤,0.375,0.75,0.8,Satisfied
Case 3440,1,¡,¢¥£¤,¢¥£¤,1.0,1.0,0.8,Satisfied
Case 3442,1,¡,¢¥£¤,¢¥£¤,1.0,1.0,0.8,Satisfied
Case 3443,1,¡,¢­¥£,¢¥£¤,0.5,0.6,0.8,Satisfied
Case 3444,1,¡,¦¦¬¬­¥£¤,¢¥£¤,0.375,0.4285714285714286,0.8,Satisfied
Case 3448,1,¡,¢¥£¤,¢¥£¤,1.0,1.0,0.8,Satisfied
Case 3449,1,¡,¡¢¥£¤,¢¥£¤,0.8,0.8,0.8,Satisfied
Case 345,1,¡,¢¥£¤,¢¥£¤,1.0,1.0,0.8,Satisfied
Case 3454,1,¡,¢¢¥£¤,¢¥£¤,0.8,1.0,0.8,Satisfied
Case 346,1,¡,¥¥£¤,¢¥£¤,0.75,0.75,0.8,Satisfied
Case 3462,1,¡,¢¥£¤,¢¥£¤,1.0,1.0,0.8,Satisfied
Case 3465,1,¡,¢¥£¤,¢¥£¤,1.0,1.0,0.8,Satisfied
Case 3475,1,¡,¢¥£¤,¢¥£¤,1.0,1.0,0.8,Satisfied
Case 348,1,¡,¢¥£¤,¢¥£¤,1.0,1.0,0.8,Satisfied
Case 349,1,¡,¢¥£¤,¢¥£¤,1.0,1.0,0.8,Satisfied
Case 3498,1,¡,¢¥£¤,¢¥£¤,1.0,1.0,0.8,Satisfied
Case 3511,1,¡,¢¥£¤,¢¥£¤,1.0,1.0,0.8,Satisfied
Case 3516,1,¡,¢­¥£¤,¢¥£¤,0.8,0.8,0.8,Satisfied
Case 3517,1,¡,¢¥£¤,¢¥£¤,1.0,1.0,0.8,Satisfied
Case 3529,1,¡,¢¥£¤,¢¥£¤,1.0,1.0,0.8,Satisfied
Case 3530,1,¡,¢¥£¤,¢¥£¤,1.0,1.0,0.8,Satisfied
Case 3532,1,¡,¢¥£¤,¢¥£¤,1.0,1.0,0.8,Satisfied
Case 3535,1,¡,¢¥£¤,¢¥£¤,1.0,1.0,0.8,Satisfied
Case 3537,1,¡,¢¥£¤,¢¥£¤,1.0,1.0,0.8,Satisfied
Case 3539,1,¡,¢¥£¤,¢¥£¤,1.0,1.0,0.8,Satisfied
Case 3542,1,¡,¢¥£¤,¢¥£¤,1.0,1.0,0.8,Satisfied
Case 3543,1,¡,¢¥£¤,¢¥£¤,1.0,1.0,0.8,Satisfied
Case 3546,1,¡,¢¥£¤,¢¥£¤,1.0,1.0,0.8,Satisfied
Case 3551,1,¡,¢¥£¤,¢¥£¤,1.0,1.0,0.8,Satisfied
Case 3552,1,¡,¢¥£¤,¢¥£¤,1.0,1.0,0.8,Satisfied
Case 3562,1,¡,¢¥£¢¥£¤,¢¥£¤,0.5714285714285714,1.0,0.8,Satisfied
Case 3563,1,¡,¢¥£¤,¢¥£¤,1.0,1.0,0.8,Satisfied
Case 3565,1,¡,¢¥£¤,¢¥£¤,1.0,1.0,0.8,Satisfied
Case 3567,1,¡,¢¥£¤,¢¥£¤,1.0,1.0,0.8,Satisfied
Case 3569,1,¢,¥£¤,¥£¤,1.0,1.0,0.8,Satisfied
Case 3582,1,¡,¢¥£¤,¢¥£¤,1.0,1.0,0.8,Satisfied
Case 3583,1,¡,¢¥£¤,¢¥£¤,1.0,1.0,0.8,Satisfied
Case 3592,1,¡,¢¥£¤,¢¥£¤,1.0,1.0,0.8,Satisfied
Case 3599,1,¡,¢¥£¤,¢¥£¤,1.0,1.0,0.8,Satisfied
Case 3600,1,¡,¢¥£¤,¢¥£¤,1.0,1.0,0.8,Satisfied
Case 3601,1,¡,¢¥£¤,¢¥£¤,1.0,1.0,0.8,Satisfied
Case 361,1,¡,¢¥£¢¥£¤,¢¥£¤,0.5714285714285714,1.0,0.8,Satisfied
Case 3613,1,¡,¢­¥£¤,¢¥£¤,0.8,0.8,0.8,Satisfied
Case 3614,1,¡,¢¥£¤,¢¥£¤,1.0,1.0,0.8,Satisfied
Case 3634,1,¢,¥£¤,¥£¤,1.0,1.0,0.8,Satisfied
Case 3638,1,¡,¢¥£¤,¢¥£¤,1.0,1.0,0.8,Satisfied
Case 364,1,¡,¢¥£¤,¢¥£¤,1.0,1.0,0.8,Satisfied
Case 3641,1,¡,¢¥£¤,¢¥£¤,1.0,1.0,0.8,Satisfied
Case 3643,1,¡,¢¥£¤,¢¥£¤,1.0,1.0,0.8,Satisfied
Case 3645,1,¡,¢­¥£¤,¢¥£¤,0.8,0.8,0.8,Satisfied
Case 3653,1,¡,¢¥£¤,¢¥£¤,1.0,1.0,0.8,Satisfied
Case 3654,1,¡,¢¥£¤,¢¥£¤,1.0,1.0,0.8,Satisfied
Case 3656,1,¡,¢¥¥£¤,¢¥£¤,0.8,1.0,0.8,Satisfied
Case 3657,1,¡,¢¥£¤,¢¥£¤,1.0,1.0,0.8,Satisfied
Case 3662,1,¡,¢¥¥£¤,¢¥£¤,0.8,1.0,0.8,Satisfied
Case 3663,1,¡,¢¥£¤,¢¥£¤,1.0,1.0,0.8,Satisfied
Case 3666,1,¡,¢¥£¤,¢¥£¤,1.0,1.0,0.8,Satisfied
Case 3669,1,¡,¡¢¥¢­­£¤,¢¥£¤,0.5,0.6666666666666666,0.8,Satisfied
Case 367,1,¡,¥¥£¤,¢¥£¤,0.75,0.75,0.8,Satisfied
Case 3670,1,¡,¢¥£¤,¢¥£¤,1.0,1.0,0.8,Satisfied
Case 3673,1,¡,¢¥¢¥£¤,¢¥£¤,0.6666666666666667,1.0,0.8,Satisfied
Case 3674,1,¡,¢¥£¤,¢¥£¤,1.0,1.0,0.8,Satisfied
Case 3676,1,¡,¢¥£¥£¤,¢¥£¤,0.6666666666666667,1.0,0.8,Satisfied
Case 3678,1,¡,¢¥£¤,¢¥£¤,1.0,1.0,0.8,Satisfied
Case 3688,1,¡,¡¢¥£¤,¢¥£¤,0.8,0.8,0.8,Satisfied
Case 3692,1,¡,¥£¢¥£¤,¢¥£¤,0.6666666666666667,1.0,0.8,Satisfied
Case 3696,1,¡,¢¥£¤,¢¥£¤,1.0,1.0,0.8,Satisfied
Case 370,1,¡,¢¥£¤,¢¥£¤,1.0,1.0,0.8,Satisfied
Case 3705,1,¡,¢¥£¢¥£¤,¢¥£¤,0.5714285714285714,1.0,0.8,Satisfied
Case 3708,1,¡,¢¥£¤,¢¥£¤,1.0,1.0,0.8,Satisfied
Case 3738,1,¡,¢¥£¤,¢¥£¤,1.0,1.0,0.8,Satisfied
Case 374,1,¡,¢¥£¤,¢¥£¤,1.0,1.0,0.8,Satisfied
Case 3742,1,¡,¢¥£¤,¢¥£¤,1.0,1.0,0.8,Satisfied
Case 3745,1,¡,¢¥£¤,¢¥£¤,1.0,1.0,0.8,Satisfied
Case 3766,1,¡,¢¥£¤,¢¥£¤,1.0,1.0,0.8,Satisfied
Case 3770,1,¡,¢¥£¤,¢¥£¤,1.0,1.0,0.8,Satisfied
Case 3775,1,¡,¢¥£¤,¢¥£¤,1.0,1.0,0.8,Satisfied
Case 3776,1,¡,¡¢¥£¤,¢¥£¤,0.8,0.8,0.8,Satisfied
Case 378,1,¡,¢¥£¤,¢¥£¤,1.0,1.0,0.8,Satisfied
Case 3787,1,¡,¢¥¢£¤,¢¥£¤,0.8,1.0,0.8,Satisfied
Case 3798,1,¡,¢¥£¤,¢¥£¤,1.0,1.0,0.8,Satisfied
Case 380,1,¡,¥£¤,¢¥£¤,0.75,0.75,0.8,Satisfied
Case 3802,1,§,¡¥£¤,¡¢¥£¤,0.8,0.8,0.8,Satisfied
Case 3818,1,¡,¢¥£¤,¢¥£¤,1.0,1.0,0.8,Satisfied
Case 3819,1,¡,¢¥£¤,¢¥£¤,1.0,1.0,0.8,Satisfied
Case 382,1,¡,¢¥¢­£,¢¥£¤,0.4,0.6,0.8,Satisfied
Case 3822,1,¡,¢¥£¤,¢¥£¤,1.0,1.0,0.8,Satisfied
Case 383,1,§,¥¥,¡¢¥£¤,0.19999999999999996,0.19999999999999996,0.8,Satisfied
Case 3832,1,¡,¢¥¥£¢¥£¤,¢¥£¤,0.5,1.0,0.8,Satisfied
Case 384,1,¡,¢¥£¤,¢¥£¤,1.0,1.0,0.8,Satisfied
Case 3844,1,¡,¢¥£¤,¢¥£¤,1.0,1.0,0.8,Satisfied
Case 3857,1,¡,¢¥£¤,¢¥£¤,1.0,1.0,0.8,Satisfied
Case 3864,1,¡,¢¥£¤,¢¥£¤,1.0,1.0,0.8,Satisfied
Case 3865,1,¡,¢­¥£¤,¢¥£¤,0.8,0.8,0.8,Satisfied
Case 3877,1,¡,¢¥£¤,¢¥£¤,1.0,1.0,0.8,Satisfied
Case 3880,1,¡,¥£¤,¢¥£¤,0.75,0.75,0.8,Satisfied
Case 3884,1,¡,¢¥¢£¤,¢¥£¤,0.8,1.0,0.8,Satisfied
Case 3885,1,¡,¢¥£¤,¢¥£¤,1.0,1.0,0.8,Satisfied
Case 3888,1,¡,¥£¤,¢¥£¤,0.75,0.75,0.8,Satisfied
Case 3890,1,¡,¢¥£¤,¢¥£¤,1.0,1.0,0.8,Satisfied
Case 3896,1,¡,¢¥£¤,¢¥£¤,1.0,1.0,0.8,Satisfied
Case 3898,1,¡,¢¥£¤,¢¥£¤,1.0,1.0,0.8,Satisfied
Case 3899,1,¡,¢¥£¤,¢¥£¤,1.0,1.0,0.8,Satisfied
Case 39,1,¡,¢¥£¤,¢¥£¤,1.0,1.0,0.8,Satisfied
Case 3905,1,¡,¢¥£¤,¢¥£¤,1.0,1.0,0.8,Satisfied
Case 3912,1,¡,¢¥£¤,¢¥£¤,1.0,1.0,0.8,Satisfied
Case 3913,1,¡,¥£¤,¢¥£¤,0.75,0.75,0.8,Satisfied
Case 3928,1,¡,¢¥£¤,¢¥£¤,1.0,1.0,0.8,Satisfied
Case 3930,1,¡,¢¥£¤,¢¥£¤,1.0,1.0,0.8,Satisfied
Case 3933,1,¡,¢¥£¤,¢¥£¤,1.0,1.0,0.8,Satisfied
Case 3943,1,¡,¢¥£¤,¢¥£¤,1.0,1.0,0.8,Satisfied
Case 3946,1,¡,¢¥£¤,¢¥£¤,1.0,1.0,0.8,Satisfied
Case 3957,1,¡,¢¢¥£¤,¢¥£¤,0.8,1.0,0.8,Satisfied
Case 3963,1,¡,¢­­¥£¥£¤,¢¥£¤,0.5,0.8,0.8,Satisfied
Case 397,1,¡,¢¥£¤,¢¥£¤,1.0,1.0,0.8,Satisfied
Case 3974,1,¡,¢¥£¤,¢¥£¤,1.0,1.0,0.8,Satisfied
Case 3976,1,¡,¢¥£¤,¢¥£¤,1.0,1.0,0.8,Satisfied
Case 3983,1,¡,¢¥£¤,¢¥£¤,1.0,1.0,0.8,Satisfied
Case 399,1,¡,¢¥£¤,¢¥£¤,1.0,1.0,0.8,Satisfied
Case 3992,1,¡,¢­£¤,¢¥£¤,0.75,0.6,0.8,Satisfied
Case 40,1,¡,¢£¤,¢¥£¤,0.75,0.75,0.8,Satisfied
Case 4004,1,¢,££¤,¥£¤,0.6666666666666667,0.6666666666666666,0.8,Satisfied
Case 4006,1,¡,¢¥¢¥£¤,¢¥£¤,0.6666666666666667,1.0,0.8,Satisfied
Case 4009,1,¡,¢¥£¤,¢¥£¤,1.0,1.0,0.8,Satisfied
Case 4017,1,¡,¢¥£¤,¢¥£¤,1.0,1.0,0.8,Satisfied
Case 402,1,¡,¢£¤,¢¥£¤,0.75,0.75,0.8,Satisfied
Case 4026,1,¡,¢¥¦­£¤,¢¥£¤,0.6666666666666667,0.6666666666666666,0.8,Satisfied
Case 4030,1,¡,¢£¤,¢¥£¤,0.75,0.75,0.8,Satisfied
Case 4031,1,¡,££¤,¢¥£¤,0.5,0.5,0.8,Satisfied
Case 4032,1,¡,¥£¤,¢¥£¤,0.75,0.75,0.8,Satisfied
Case 4037,1,¡,¢£¤,¢¥£¤,0.75,0.75,0.8,Satisfied
Case 4048,1,¡,¢£¤,¢¥£¤,0.75,0.75,0.8,Satisfied
Case 4054,1,¡,¢£¤,¢¥£¤,0.75,0.75,0.8,Satisfied
Case 4067,1,¡,¢£¤,¢¥£¤,0.75,0.75,0.8,Satisfied
Case 4068,1,¡,¢£¤,¢¥£¤,0.75,0.75,0.8,Satisfied
Case 4069,1,¡,¢£¤,¢¥£¤,0.75,0.75,0.8,Satisfied
Case 407,1,¡,¢¥£¤,¢¥£¤,1.0,1.0,0.8,Satisfied
Case 4073,1,¡,¢¥£¤,¢¥£¤,1.0,1.0,0.8,Satisfied
Case 4074,1,¡,¢¥£¤,¢¥£¤,1.0,1.0,0.8,Satisfied
Case 408,1,¡,¡¢¥£¤,¢¥£¤,0.8,0.8,0.8,Satisfied
Case 4082,1,¡,¢­£¤,¢¥£¤,0.75,0.6,0.8,Satisfied
Case 4084,1,¡,¢¥£¤,¢¥£¤,1.0,1.0,0.8,Satisfied
Case 4106,1,¡,¢£¤,¢¥£¤,0.75,0.75,0.8,Satisfied
Case 4107,1,¡,¢¥¥£¤,¢¥£¤,0.8,1.0,0.8,Satisfied
Case 412,1,¡,¢¥£¤,¢¥£¤,1.0,1.0,0.8,Satisfied
Case 4127,1,¡,¢£¤,¢¥£¤,0.75,0.75,0.8,Satisfied
Case 414,1,¡,¡¢£¤,¢¥£¤,0.5,0.6,0.8,Satisfied
Case 4145,1,¡,¢£¤,¢¥£¤,0.75,0.75,0.8,Satisfied
Case 4147,1,¡,¢¥£¤,¢¥£¤,1.0,1.0,0.8,Satisfied
Case 4149,1,¡,¢¥£¤,¢¥£¤,1.0,1.0,0.8,Satisfied
Case 4154,1,¡,¢£¤,¢¥£¤,0.75,0.75,0.8,Satisfied
Case 4156,1,¡,¢¥£¤,¢¥£¤,1.0,1.0,0.8,Satisfied
Case 4160,1,¡,¢£¤,¢¥£¤,0.75,0.75,0.8,Satisfied
Case 4161,1,¡,¢£¤,¢¥£¤,0.75,0.75,0.8,Satisfied
Case 4162,1,¡,¢£¤,¢¥£¤,0.75,0.75,0.8,Satisfied
Case 4165,1,¡,¡¢¥£¤,¢¥£¤,0.8,0.8,0.8,Satisfied
Case 4172,1,¡,¢¥£¤,¢¥£¤,1.0,1.0,0.8,Satisfied
Case 4183,1,¡,­£¤,¢¥£¤,0.5,0.4,0.8,Satisfied
Case 4185,1,¡,¢­£¤,¢¥£¤,0.75,0.6,0.8,Satisfied
Case 4187,1,¡,¢¥¢¥,¢¥£¤,0.5,0.5,0.8,Satisfied
Case 4194,1,¡,¢£¤,¢¥£¤,0.75,0.75,0.8,Satisfied
Case 4197,1,¡,¡¡¢£¤,¢¥£¤,0.4,0.6,0.8,Satisfied
Case 4206,1,¡,¢£¤,¢¥£¤,0.75,0.75,0.8,Satisfied
Case 421,1,¡,¢£¤,¢¥£¤,0.75,0.75,0.8,Satisfied
Case 4212,1,¡,¢£¤,¢¥£¤,0.75,0.75,0.8,Satisfied
Case 4241,1,¡,¢£¤,¢¥£¤,0.75,0.75,0.8,Satisfied
Case 4248,1,¡,£¤,¢¥£¤,0.5,0.5,0.8,Satisfied
Case 4255,1,¡,¢££¤,¢¥£¤,0.75,0.75,0.8,Satisfied
Case 4257,1,¡,¢¥£¤,¢¥£¤,1.0,1.0,0.8,Satisfied
Case 4259,1,¡,¢¢£¤,¢¥£¤,0.75,0.75,0.8,Satisfied
Case 4268,1,¢,¥£¤,¥£¤,1.0,1.0,0.8,Satisfied
Case 4269,1,¡,¢¥£¤,¢¥£¤,1.0,1.0,0.8,Satisfied
Case 427,1,¡,¢£¤,¢¥£¤,0.75,0.75,0.8,Satisfied
Case 4282,1,¡,¢£¤,¢¥£¤,0.75,0.75,0.8,Satisfied
Case 4300,1,¡,¢¥¥£¤,¢¥£¤,0.8,1.0,0.8,Satisfied
Case 4301,1,¡,¢¥£¤,¢¥£¤,1.0,1.0,0.8,Satisfied
Case 4324,1,¡,¢£¤,¢¥£¤,0.75,0.75,0.8,Satisfied
Case 4325,1,¡,¢£¤,¢¥£¤,0.75,0.75,0.8,Satisfied
Case 4326,1,¡,¢¥£¤,¢¥£¤,1.0,1.0,0.8,Satisfied
Case 433,1,¡,¢¥¥£¤,¢¥£¤,0.8,1.0,0.8,Satisfied
Case 4332,1,¡,¢£¤,¢¥£¤,0.75,0.75,0.8,Satisfied
Case 4337,1,¡,¢¥£¤,¢¥£¤,1.0,1.0,0.8,Satisfied
Case 4338,1,¡,¢¥¢¥£¤,¢¥£¤,0.6666666666666667,1.0,0.8,Satisfied
Case 4348,1,¡,¢­£¤,¢¥£¤,0.75,0.6,0.8,Satisfied
Case 435,1,¡,¢­£¤,¢¥£¤,0.75,0.6,0.8,Satisfied
Case 4351,1,¡,¢¥£¤,¢¥£¤,1.0,1.0,0.8,Satisfied
Case 4352,1,¡,¢¥£¤,¢¥£¤,1.0,1.0,0.8,Satisfied
Case 4353,1,¡,¢¢¥¥£¤,¢¥£¤,0.6666666666666667,1.0,0.8,Satisfied
Case 4354,1,¡,¢­£,¢¥£¤,0.5,0.4,0.8,Satisfied
Case 4355,1,¡,¢£¤,¢¥£¤,0.75,0.75,0.8,Satisfied
Case 4359,1,¡,¢¥£¤,¢¥£¤,1.0,1.0,0.8,Satisfied
Case 4361,1,¡,¢­£¤,¢¥£¤,0.75,0.6,0.8,Satisfied
Case 4365,1,¡,¢¥£¤,¢¥£¤,1.0,1.0,0.8,Satisfied
Case 4369,1,¡,¢¥£¤,¢¥£¤,1.0,1.0,0.8,Satisfied
Case 4370,1,§,¥¥,¡¢¥£¤,0.19999999999999996,0.19999999999999996,0.8,Satisfied
Case 4371,1,¡,££¤,¢¥£¤,0.5,0.5,0.8,Satisfied
Case 438,1,¡,¢­¥£¤,¢¥£¤,0.8,0.8,0.8,Satisfied
Case 4383,1,¡,¢£¤,¢¥£¤,0.75,0.75,0.8,Satisfied
Case 4385,1,¡,¡¢£¤,¢¥£¤,0.5,0.6,0.8,Satisfied
Case 4389,1,¡,¢­£¤,¢¥£¤,0.75,0.6,0.8,Satisfied
Case 4394,1,¡,¢£¤,¢¥£¤,0.75,0.75,0.8,Satisfied
Case 4396,1,¡,¢£¤,¢¥£¤,0.75,0.75,0.8,Satisfied
Case 4398,1,¡,¢¥¢¥£¤,¢¥£¤,0.6666666666666667,1.0,0.8,Satisfied
Case 4407,1,¡,¢¥£¤,¢¥£¤,1.0,1.0,0.8,Satisfied
Case 441,1,¢,££¤,¥£¤,0.6666666666666667,0.6666666666666666,0.8,Satisfied
Case 4410,1,¡,¢¥¢£¤,¢¥£¤,0.8,1.0,0.8,Satisfied
Case 4415,1,¡,¢£¤,¢¥£¤,0.75,0.75,0.8,Satisfied
Case 4417,1,¡,¥££¤,¢¥£¤,0.5,0.75,0.8,Satisfied
Case 4419,1,¡,¥£¤,¢¥£¤,0.75,0.75,0.8,Satisfied
Case 4421,1,¡,¢¥£¤,¢¥£¤,1.0,1.0,0.8,Satisfied
Case 4422,1,¡,¢£¤,¢¥£¤,0.75,0.75,0.8,Satisfied
Case 4423,1,¡,¡¢£¤,¢¥£¤,0.5,0.6,0.8,Satisfied
Case 4424,1,¡,¢¥£¤,¢¥£¤,1.0,1.0,0.8,Satisfied
Case 4426,1,¡,¢¥£¤,¢¥£¤,1.0,1.0,0.8,Satisfied
Case 4431,1,¡,¢¥£¤,¢¥£¤,1.0,1.0,0.8,Satisfied
Case 4456,1,¡,¢¥£¤,¢¥£¤,1.0,1.0,0.8,Satisfied
Case 446,1,¡,¢¥£¤,¢¥£¤,1.0,1.0,0.8,Satisfied
Case 4463,1,¡,¢¦¦¬¬­¦£,¢¥£¤,0.125,0.2857142857142857,0.8,Satisfied
Case 4465,1,¡,¢¥£¤,¢¥£¤,1.0,1.0,0.8,Satisfied
Case 4469,1,¡,¢£¤,¢¥£¤,0.75,0.75,0.8,Satisfied
Case 447,1,¡,£¤,¢¥£¤,0.5,0.5,0.8,Satisfied
Case 4478,1,¡,¢¥¢£¤,¢¥£¤,0.8,1.0,0.8,Satisfied
Case 4485,1,¡,¢¥£¤,¢¥£¤,1.0,1.0,0.8,Satisfied
Case 4487,1,¡,¢£¤,¢¥£¤,0.75,0.75,0.8,Satisfied
Case 4501,1,¢,¥¢¥£¤,¥£¤,0.6,0.75,0.8,Satisfied
Case 4506,1,¡,¢¥£¤,¢¥£¤,1.0,1.0,0.8,Satisfied
Case 4511,1,¡,¢­££¤,¢¥£¤,0.6,0.6,0.8,Satisfied
Case 4530,1,¡,¡£¤,¢¥£¤,0.5,0.4,0.8,Satisfied
Case 4532,1,¡,£¤,¢¥£¤,0.5,0.5,0.8,Satisfied
Case 4535,1,¡,¢£¤,¢¥£¤,0.75,0.75,0.8,Satisfied
Case 4537,1,¡,¢£¤,¢¥£¤,0.75,0.75,0.8,Satisfied
Case 4544,1,¡,¢£,¢¥£¤,0.5,0.5,0.8,Satisfied
Case 4558,1,¡,¢¥£¤,¢¥£¤,1.0,1.0,0.8,Satisfied
Case 456,1,¡,¢£¤,¢¥£¤,0.75,0.75,0.8,Satisfied
Case 4563,1,¡,¢¥£¤,¢¥£¤,1.0,1.0,0.8,Satisfied
Case 4575,1,¡,¢¥£¤,¢¥£¤,1.0,1.0,0.8,Satisfied
Case 46,1,¡,¢¢¥£¤,¢¥£¤,0.8,1.0,0.8,Satisfied
Case 467,1,¡,¢¥¢­£¤,¢¥£¤,0.6666666666666667,0.8,0.8,Satisfied
Case 470,1,¡,¢¥£¤,¢¥£¤,1.0,1.0,0.8,Satisfied
Case 474,1,¡,¡¡¢¥£¤,¢¥£¤,0.6666666666666667,0.8,0.8,Satisfied
Case 478,1,¡,¡¢¥£¤,¢¥£¤,0.8,0.8,0.8,Satisfied
Case 480,1,¡,¢£¤,¢¥£¤,0.75,0.75,0.8,Satisfied
Case 483,1,¡,¢£¤,¢¥£¤,0.75,0.75,0.8,Satisfied
Case 484,1,¡,¢¥£¤,¢¥£¤,1.0,1.0,0.8,Satisfied
Case 487,1,¡,¢£¤,¢¥£¤,0.75,0.75,0.8,Satisfied
Case 496,1,¡,¢¥£¤,¢¥£¤,1.0,1.0,0.8,Satisfied
Case 498,1,¡,¢££¤,¢¥£¤,0.75,0.75,0.8,Satisfied
Case 502,1,¡,¢£¤,¢¥£¤,0.75,0.75,0.8,Satisfied
Case 503,1,¡,¢¦­£¤,¢¥£¤,0.6,0.5,0.8,Satisfied
Case 504,1,¡,¢¥£¤,¢¥£¤,1.0,1.0,0.8,Satisfied
Case 506,1,¡,¢­£¤,¢¥£¤,0.75,0.6,0.8,Satisfied
Case 507,1,¡,¢£¤,¢¥£¤,0.75,0.75,0.8,Satisfied
Case 520,1,¡,¢££¤,¢¥£¤,0.75,0.75,0.8,Satisfied
Case 523,1,¢,¥£¤,¥£¤,1.0,1.0,0.8,Satisfied
Case 525,1,¡,¡¢¥¥,¢¥£¤,0.25,0.4,0.8,Satisfied
Case 527,1,¡,¥¡¡¢£¤,¢¥£¤,0.5,0.8,0.8,Satisfied
Case 529,1,¡,¥¥£¤,¢¥£¤,0.75,0.75,0.8,Satisfied
Case 530,1,¡,¢¥¥¥£¤,¢¥£¤,0.6666666666666667,1.0,0.8,Satisfied
Case 532,1,¡,¢£¢¥£¤,¢¥£¤,0.6666666666666667,1.0,0.8,Satisfied
Case 533,1,¡,¢£¤,¢¥£¤,0.75,0.75,0.8,Satisfied
Case 54,1,¡,¢£¤,¢¥£¤,0.75,0.75,0.8,Satisfied
Case 553,1,¡,¢¥£¤,¢¥£¤,1.0,1.0,0.8,Satisfied
Case 554,1,¡,£¤,¢¥£¤,0.5,0.5,0.8,Satisfied
Case 557,1,¢,£¤,¥£¤,0.6666666666666667,0.6666666666666666,0.8,Satisfied
Case 558,1,¡,¢¢£¤,¢¥£¤,0.75,0.75,0.8,Satisfied
Case 559,1,¡,¢¥£¤,¢¥£¤,1.0,1.0,0.8,Satisfied
Case 566,1,¡,¢¥¢¥£¤,¢¥£¤,0.6666666666666667,1.0,0.8,Satisfied
Case 575,1,¡,¢¥£¤,¢¥£¤,1.0,1.0,0.8,Satisfied
Case 58,1,¡,¦­£¤,¢¥£¤,0.5,0.33333333333333326,0.8,Satisfied
Case 593,1,¡,¢£¤,¢¥£¤,0.75,0.75,0.8,Satisfied
Case 594,1,¡,¢£¤,¢¥£¤,0.75,0.75,0.8,Satisfied
Case 595,1,¡,¢¥£¤,¢¥£¤,1.0,1.0,0.8,Satisfied
Case 603,1,¡,¢££¤,¢¥£¤,0.75,0.75,0.8,Satisfied
Case 606,1,¡,¢£¤,¢¥£¤,0.75,0.75,0.8,Satisfied
Case 622,1,¡,¢¦£¤,¢¥£¤,0.75,0.6,0.8,Satisfied
Case 624,1,¡,¢¥£¤,¢¥£¤,1.0,1.0,0.8,Satisfied
Case 626,1,¡,¢¥£¤,¢¥£¤,1.0,1.0,0.8,Satisfied
Case 63,1,¡,¢£¤,¢¥£¤,0.75,0.75,0.8,Satisfied
Case 630,1,¡,¢£¤,¢¥£¤,0.75,0.75,0.8,Satisfied
Case 631,1,¢,¥¢¥£¤,¥£¤,0.6,0.75,0.8,Satisfied
Case 638,1,¡,¢¥¢¥£¤,¢¥£¤,0.6666666666666667,1.0,0.8,Satisfied
Case 639,1,¡,¢¥£¤,¢¥£¤,1.0,1.0,0.8,Satisfied
Case 645,1,¡,¢£¤,¢¥£¤,0.75,0.75,0.8,Satisfied
Case 65,1,¡,¢¥£¤,¢¥£¤,1.0,1.0,0.8,Satisfied
Case 656,1,¡,¢¥££¤,¢¥£¤,0.8,1.0,0.8,Satisfied
Case 664,1,¡,¢¥£¤,¢¥£¤,1.0,1.0,0.8,Satisfied
Case 676,1,¢,¥£¤,¥£¤,1.0,1.0,0.8,Satisfied
Case 679,1,¡,¢£¤,¢¥£¤,0.75,0.75,0.8,Satisfied
Case 685,1,¢,¥£¤,¥£¤,1.0,1.0,0.8,Satisfied
Case 69,1,¡,¢£¤,¢¥£¤,0.75,0.75,0.8,Satisfied
Case 691,1,¡,¢£¤,¢¥£¤,0.75,0.75,0.8,Satisfied
Case 696,1,¡,¢£¤,¢¥£¤,0.75,0.75,0.8,Satisfied
Case 7,1,¡,¡¡¢£¤,¢¥£¤,0.4,0.6,0.8,Satisfied
Case 701,1,¡,¢£¤,¢¥£¤,0.75,0.75,0.8,Satisfied
Case 708,1,¡,¢¥£¤,¢¥£¤,1.0,1.0,0.8,Satisfied
Case 728,1,¡,¢£¤,¢¥£¤,0.75,0.75,0.8,Satisfied
Case 73,1,¡,£¤,¢¥£¤,0.5,0.5,0.8,Satisfied
Case 732,1,¡,¦¢¦­®«£¤,¢¥£¤,0.375,0.375,0.8,Satisfied
Case 747,1,¡,¢¥£¤,¢¥£¤,1.0,1.0,0.8,Satisfied
Case 755,1,¡,¢£¤,¢¥£¤,0.75,0.75,0.8,Satisfied
Case 757,1,¡,¢­¥£¤,¢¥£¤,0.8,0.8,0.8,Satisfied
Case 769,1,¡,¢£¤,¢¥£¤,0.75,0.75,0.8,Satisfied
Case 77,1,¡,¢¥£¤,¢¥£¤,1.0,1.0,0.8,Satisfied
Case 775,1,¡,¢¥£¤,¢¥£¤,1.0,1.0,0.8,Satisfied
Case 780,1,¡,¢¥£¤,¢¥£¤,1.0,1.0,0.8,Satisfied
Case 782,1,¡,¢¥£¤,¢¥£¤,1.0,1.0,0.8,Satisfied
Case 79,1,¡,¢¥¥£¤,¢¥£¤,0.8,1.0,0.8,Satisfied
Case 80,1,¡,¢£¤,¢¥£¤,0.75,0.75,0.8,Satisfied
Case 805,1,¡,¢¥£¤,¢¥£¤,1.0,1.0,0.8,Satisfied
Case 807,1,¡,­£¤,¢¥£¤,0.5,0.4,0.8,Satisfied
Case 809,1,¡,¢¥£¤,¢¥£¤,1.0,1.0,0.8,Satisfied
Case 82,1,¡,¢¥£¤,¢¥£¤,1.0,1.0,0.8,Satisfied
Case 821,1,¡,¢£¤,¢¥£¤,0.75,0.75,0.8,Satisfied
Case 824,1,¡,¢£¤,¢¥£¤,0.75,0.75,0.8,Satisfied
Case 825,1,¡,¢£¤,¢¥£¤,0.75,0.75,0.8,Satisfied
Case 826,1,¡,¢¥£¤,¢¥£¤,1.0,1.0,0.8,Satisfied
Case 829,1,¡,¢£¤,¢¥£¤,0.75,0.75,0.8,Satisfied
Case 83,1,¡,¢¥£¤,¢¥£¤,1.0,1.0,0.8,Satisfied
Case 831,1,¡,¢¥£¤,¢¥£¤,1.0,1.0,0.8,Satisfied
Case 839,1,¢,¥£¤,¥£¤,1.0,1.0,0.8,Satisfied
Case 841,1,¡,¢£¤,¢¥£¤,0.75,0.75,0.8,Satisfied
Case 845,1,¡,¢¥£¤,¢¥£¤,1.0,1.0,0.8,Satisfied
Case 849,1,¡,¢£¤,¢¥£¤,0.75,0.75,0.8,Satisfied
Case 856,1,¡,¢¥£¤,¢¥£¤,1.0,1.0,0.8,Satisfied
Case 868,1,¡,¢¦£¤,¢¥£¤,0.75,0.6,0.8,Satisfied
Case 875,1,¡,¢£¤,¢¥£¤,0.75,0.75,0.8,Satisfied
Case 876,1,¡,¢¥£¤,¢¥£¤,1.0,1.0,0.8,Satisfied
Case 881,1,¡,¢¥£¤,¢¥£¤,1.0,1.0,0.8,Satisfied
Case 89,1,¡,¢£¤,¢¥£¤,0.75,0.75,0.8,Satisfied
Case 894,1,¡,¢¥¥£¤,¢¥£¤,0.8,1.0,0.8,Satisfied
Case 901,1,¡,££¤,¢¥£¤,0.5,0.5,0.8,Satisfied
Case 906,1,¡,¢£¤,¢¥£¤,0.75,0.75,0.8,Satisfied
Case 910,1,¡,¢£¤,¢¥£¤,0.75,0.75,0.8,Satisfied
Case 911,1,¡,¢¢£¤,¢¥£¤,0.75,0.75,0.8,Satisfied
Case 930,1,¡,¢£¤,¢¥£¤,0.75,0.75,0.8,Satisfied
Case 939,1,¡,¢¥¥£¤,¢¥£¤,0.8,1.0,0.8,Satisfied
Case 949,1,¡,¢£¤,¢¥£¤,0.75,0.75,0.8,Satisfied
Case 951,1,¡,¢¥£¤,¢¥£¤,1.0,1.0,0.8,Satisfied
Case 954,1,¡,¢£¤,¢¥£¤,0.75,0.75,0.8,Satisfied
Case 959,1,¡,¢£¤,¢¥£¤,0.75,0.75,0.8,Satisfied
Case 961,1,¡,¢¥£¤,¢¥£¤,1.0,1.0,0.8,Satisfied
Case 962,1,¡,¢£¤,¢¥£¤,0.75,0.75,0.8,Satisfied
Case 963,1,¡,¢£¤,¢¥£¤,0.75,0.75,0.8,Satisfied
Case 964,1,¡,¢£¤,¢¥£¤,0.75,0.75,0.8,Satisfied
Case 97,1,¡,¢£¤,¢¥£¤,0.75,0.75,0.8,Satisfied
Case 979,1,¡,¢£¤,¢¥£¤,0.75,0.75,0.8,Satisfied
Case 980,1,¡,¡£¤,¢¥£¤,0.5,0.4,0.8,Satisfied
Case 984,1,¢,£¤,¥£¤,0.6666666666666667,0.6666666666666666,0.8,Satisfied
Case 986,1,¡,¢¥£¤,¢¥£¤,1.0,1.0,0.8,Satisfied
Case 988,1,¡,¢¥£¤,¢¥£¤,1.0,1.0,0.8,Satisfied
Case 989,1,¡,¢¥£¤,¢¥£¤,1.0,1.0,0.8,Satisfied
Case 998,1,¡,¢¥£¤,¢¥£¤,1.0,1.0,0.8,Satisfied
Case 999,1,¡,¢£¤,¢¥£¤,0.75,0.75,0.8,Satisfied
Case 1,1,¡,¢¢¥£¤,¢¥£¤,0.8,1.0,0.9,Satisfied
Case 100,1,¡,¢­¥£¤,¢¥£¤,0.8,0.8,0.9,Satisfied
Case 1001,1,¡,¢¥£¤,¢¥£¤,1.0,1.0,0.9,Satisfied
Case 1007,1,¡,¢¥£¤,¢¥£¤,1.0,1.0,0.9,Satisfied
Case 1010,1,¡,¢­¥£¤,¢¥£¤,0.8,0.8,0.9,Satisfied
Case 1017,1,¡,¢¥£¥£¤,¢¥£¤,0.6666666666666667,1.0,0.9,Satisfied
Case 1019,1,¡,¢¥£¤,¢¥£¤,1.0,1.0,0.9,Satisfied
Case 1023,1,¡,¥£¥£¤,¢¥£¤,0.6,0.75,0.9,Satisfied
Case 1026,1,¡,¢­¥£¤,¢¥£¤,0.8,0.8,0.9,Satisfied
Case 1027,1,¡,¢¥£¤,¢¥£¤,1.0,1.0,0.9,Satisfied
Case 1043,1,¡,¢¥£¤,¢¥£¤,1.0,1.0,0.9,Satisfied
Case 105,1,¡,¢¥£¤,¢¥£¤,1.0,1.0,0.9,Satisfied
Case 1054,1,¡,¢¥£¤,¢¥£¤,1.0,1.0,0.9,Satisfied
Case 1057,1,¡,¢­¥£¤,¢¥£¤,0.8,0.8,0.9,Satisfied
Case 106,1,¡,¥£¤,¢¥£¤,0.75,0.75,0.9,Satisfied
Case 107,1,¡,¢¥£¤,¢¥£¤,1.0,1.0,0.9,Satisfied
Case 1070,1,¡,¢¥£¢¥£¤,¢¥£¤,0.5714285714285714,1.0,0.9,Satisfied
Case 1075,1,¡,¢¥£¤,¢¥£¤,1.0,1.0,0.9,Satisfied
Case 1079,1,¡,¢¥¥£¤,¢¥£¤,0.8,1.0,0.9,Satisfied
Case 1087,1,¡,¢¥£¢¥£¤,¢¥£¤,0.5714285714285714,1.0,0.9,Satisfied
Case 1088,1,¡,¥£¥£¤,¢¥£¤,0.6,0.75,0.9,Satisfied
Case 1096,1,¡,¢¥£¤,¢¥£¤,1.0,1.0,0.9,Satisfied
Case 1101,1,¡,¢¥£¤,¢¥£¤,1.0,1.0,0.9,Satisfied
Case 1102,1,¡,¢¥£¥£¤,¢¥£¤,0.6666666666666667,1.0,0.9,Satisfied
Case 1104,1,¡,¢¥£¤,¢¥£¤,1.0,1.0,0.9,Satisfied
Case 1109,1,¡,¢¥£¤,¢¥£¤,1.0,1.0,0.9,Satisfied
Case 1110,1,¡,¢¥£¤,¢¥£¤,1.0,1.0,0.9,Satisfied
Case 1111,1,¡,¢¥¢£¤,¢¥£¤,0.8,1.0,0.9,Satisfied
Case 1112,1,¡,¢¥¥£¤,¢¥£¤,0.8,1.0,0.9,Satisfied
Case 1113,1,¡,¢¥£¤,¢¥£¤,1.0,1.0,0.9,Satisfied
Case 1116,1,¡,¢¥£¤,¢¥£¤,1.0,1.0,0.9,Satisfied
Case 1122,1,¡,¢¥£¤,¢¥£¤,1.0,1.0,0.9,Satisfied
Case 1124,1,¡,¢¥£¤,¢¥£¤,1.0,1.0,0.9,Satisfied
Case 1129,1,¡,¢¥¢£¤,¢¥£¤,0.8,1.0,0.9,Satisfied
Case 114,1,¡,¢¥¢¥£¤,¢¥£¤,0.6666666666666667,1.0,0.9,Satisfied
Case 1142,1,¡,¢¥­¥£¤,¢¥£¤,0.6666666666666667,0.8,0.9,Satisfied
Case 1144,1,¡,¥£¢­¥£¤,¢¥£¤,0.5714285714285714,0.8,0.9,Satisfied
Case 1145,1,¡,¢¥£¤,¢¥£¤,1.0,1.0,0.9,Satisfied
Case 115,1,¡,¢¥¥£¤,¢¥£¤,0.8,1.0,0.9,Satisfied
Case 1156,1,¡,¢¥£¤,¢¥£¤,1.0,1.0,0.9,Satisfied
Case 1159,1,¡,¢¥£¤,¢¥£¤,1.0,1.0,0.9,Satisfied
Case 1164,1,¡,¢¥£¤,¢¥£¤,1.0,1.0,0.9,Satisfied
Case 1169,1,¡,¥£¤,¢¥£¤,0.75,0.75,0.9,Satisfied
Case 1176,1,¡,¢¥£¤,¢¥£¤,1.0,1.0,0.9,Satisfied
Case 1179,1,¡,¢¥£¤,¢¥£¤,1.0,1.0,0.9,Satisfied
Case 1185,1,¡,¢¥£¤,¢¥£¤,1.0,1.0,0.9,Satisfied
Case 1193,1,¡,¢¥£¤,¢¥£¤,1.0,1.0,0.9,Satisfied
Case 12,1,¡,¢¥£¤,¢¥£¤,1.0,1.0,0.9,Satisfied
Case 1210,1,¡,¥£¤,¢¥£¤,0.75,0.75,0.9,Satisfied
Case 1221,1,¡,¢¥£¤,¢¥£¤,1.0,1.0,0.9,Satisfied
Case 1235,1,¡,¢¥¥£¤,¢¥£¤,0.8,1.0,0.9,Satisfied
Case 1238,1,¡,¢¥­£¤,¢¥£¤,0.8,0.8,0.9,Satisfied
Case 1239,1,¡,¢¥£¤,¢¥£¤,1.0,1.0,0.9,Satisfied
Case 1246,1,¡,¢¥£¤,¢¥£¤,1.0,1.0,0.9,Satisfied
Case 1249,1,§,¥¥¥¥,¡¢¥£¤,0.19999999999999996,0.19999999999999996,0.9,Satisfied
Case 1250,1,¢,¥£¢¥£¤,¥£¤,0.5,0.75,0.9,Satisfied
Case 1254,1,¡,¡¥¥£¤,¢¥£¤,0.6,0.6,0.9,Satisfied
Case 1261,1,¢,¢¥£¤,¥£¤,0.75,0.75,0.9,Satisfied
Case 1269,1,¡,¢¢¥£¤,¢¥£¤,0.8,1.0,0.9,Satisfied
Case 1272,1,¡,¢¥£¤,¢¥£¤,1.0,1.0,0.9,Satisfied
Case 1275,1,¡,¢¥£¤,¢¥£¤,1.0,1.0,0.9,Satisfied
Case 129,1,¡,¥£¤,¢¥£¤,0.75,0.75,0.9,Satisfied
Case 1290,1,¡,¢¥£¤,¢¥£¤,1.0,1.0,0.9,Satisfied
Case 1292,1,¡,¢¥£¤,¢¥£¤,1.0,1.0,0.9,Satisfied
Case 1299,1,¡,¢¥£¤,¢¥£¤,1.0,1.0,0.9,Satisfied
Case 13,1,¡,¢¥£¤,¢¥£¤,1.0,1.0,0.9,Satisfied
Case 1301,1,¡,¢¥£¤,¢¥£¤,1.0,1.0,0.9,Satisfied
Case 1303,1,¡,¢­¥£¤,¢¥£¤,0.8,0.8,0.9,Satisfied
Case 1304,1,¡,¢¥£¤,¢¥£¤,1.0,1.0,0.9,Satisfied
Case 1305,1,¡,¢¥£¤,¢¥£¤,1.0,1.0,0.9,Satisfied
Case 1309,1,¡,¥£¤,¢¥£¤,0.75,0.75,0.9,Satisfied
Case 131,1,¡,¢¥£¤,¢¥£¤,1.0,1.0,0.9,Satisfied
Case 1313,1,¡,¢¥£¤,¢¥£¤,1.0,1.0,0.9,Satisfied
Case 1314,1,¡,¢¦¥£¤,¢¥£¤,0.8,0.8,0.9,Satisfied
Case 1315,1,¡,¢¥£¤,¢¥£¤,1.0,1.0,0.9,Satisfied
Case 1318,1,¡,¢­¥£¤,¢¥£¤,0.8,0.8,0.9,Satisfied
Case 1319,1,¡,¢¥£¤,¢¥£¤,1.0,1.0,0.9,Satisfied
Case 1323,1,¡,¢¥£¤,¢¥£¤,1.0,1.0,0.9,Satisfied
Case 1327,1,¡,¥£¤,¢¥£¤,0.75,0.75,0.9,Satisfied
Case 1330,1,¡,¥£¥£¤,¢¥£¤,0.6,0.75,0.9,Satisfied
Case 1332,1,¡,¢¥£¤,¢¥£¤,1.0,1.0,0.9,Satisfied
Case 1338,1,¡,¥£¤,¢¥£¤,0.75,0.75,0.9,Satisfied
Case 1356,1,¡,¢¥£¤,¢¥£¤,1.0,1.0,0.9,Satisfied
Case 1358,1,¡,¢¥£¤,¢¥£¤,1.0,1.0,0.9,Satisfied
Case 1359,1,§,¥¥,¡¢¥£¤,0.19999999999999996,0.19999999999999996,0.9,Satisfied
Case 1364,1,¡,¢¥­­£¤,¢¥£¤,0.6666666666666667,0.8,0.9,Satisfied
Case 1366,1,¡,¢¥£¤,¢¥£¤,1.0,1.0,0.9,Satisfied
Case 1371,1,¡,¥£¥£¤,¢¥£¤,0.6,0.75,0.9,Satisfied
Case 1375,1,¡,¢¥£¤,¢¥£¤,1.0,1.0,0.9,Satisfied
Case 1384,1,¡,¥£¥£¤,¢¥£¤,0.6,0.75,0.9,Satisfied
Case 1386,1,¡,¢¥£¥£¤,¢¥£¤,0.6666666666666667,1.0,0.9,Satisfied
Case 1387,1,¡,¢¥£¤,¢¥£¤,1.0,1.0,0.9,Satisfied
Case 1388,1,¡,¢­­¥£¤,¢¥£¤,0.6666666666666667,0.8,0.9,Satisfied
Case 1393,1,¡,¡¢¥£¤,¢¥£¤,0.8,0.8,0.9,Satisfied
Case 1396,1,¡,¢¥£¤,¢¥£¤,1.0,1.0,0.9,Satisfied
Case 1397,1,¡,¢¥£¤,¢¥£¤,1.0,1.0,0.9,Satisfied
Case 1398,1,¡,¢¥£¤,¢¥£¤,1.0,1.0,0.9,Satisfied
Case 140,1,¡,¢¥£¤,¢¥£¤,1.0,1.0,0.9,Satisfied
Case 1407,1,¡,¢¥¢¥£¤,¢¥£¤,0.6666666666666667,1.0,0.9,Satisfied
Case 1409,1,¡,¢¥£¤,¢¥£¤,1.0,1.0,0.9,Satisfied
Case 1420,1,¡,¢¨¥£¤,¢¥£¤,0.8,0.8,0.9,Satisfied
Case 143,1,¡,¢¥£¤,¢¥£¤,1.0,1.0,0.9,Satisfied
Case 1432,1,¡,¢¥£¤,¢¥£¤,1.0,1.0,0.9,Satisfied
Case 1433,1,¡,¢¥£¤,¢¥£¤,1.0,1.0,0.9,Satisfied
Case 144,1,¡,¢¥£¤,¢¥£¤,1.0,1.0,0.9,Satisfied
Case 1441,1,¡,¢¥£¤,¢¥£¤,1.0,1.0,0.9,Satisfied
Case 1445,1,¡,¢¥£¤,¢¥£¤,1.0,1.0,0.9,Satisfied
Case 1449,1,¡,¥¢¥£¤,¢¥£¤,0.8,1.0,0.9,Satisfied
Case 145,1,¡,¢­¥£¤,¢¥£¤,0.8,0.8,0.9,Satisfied
Case 1450,1,¡,¢¥£¤,¢¥£¤,1.0,1.0,0.9,Satisfied
Case 1451,1,¡,¢­¥£¥£¤,¢¥£¤,0.5714285714285714,0.8,0.9,Satisfied
Case 1457,1,¡,¢¥£¤,¢¥£¤,1.0,1.0,0.9,Satisfied
Case 1460,1,¡,¢¥¢¥£¤,¢¥£¤,0.6666666666666667,1.0,0.9,Satisfied
Case 1464,1,¡,¢¥£¤,¢¥£¤,1.0,1.0,0.9,Satisfied
Case 1465,1,¡,¢¥£¤,¢¥£¤,1.0,1.0,0.9,Satisfied
Case 1466,1,¡,¢¥£¤,¢¥£¤,1.0,1.0,0.9,Satisfied
Case 147,1,¡,¢¥£¤,¢¥£¤,1.0,1.0,0.9,Satisfied
Case 1471,1,¡,¢­¥£¤,¢¥£¤,0.8,0.8,0.9,Satisfied
Case 1478,1,¡,¡¢¥¢¥£¤,¢¥£¤,0.5714285714285714,0.8,0.9,Satisfied
Case 1484,1,¡,¢¥£¤,¢¥£¤,1.0,1.0,0.9,Satisfied
Case 1487,1,¡,¢¥£¤,¢¥£¤,1.0,1.0,0.9,Satisfied
Case 1495,1,¡,¢­­¥£¤,¢¥£¤,0.6666666666666667,0.8,0.9,Satisfied
Case 15,1,¡,¡¢¥£¤,¢¥£¤,0.8,0.8,0.9,Satisfied
Case 1500,1,¡,¥£¥£¤,¢¥£¤,0.6,0.75,0.9,Satisfied
Case 1501,1,¢,¥£¥£¤,¥£¤,0.6,1.0,0.9,Satisfied
Case 1506,1,¡,¥¥¢£¥£¤,¢¥£¤,0.5714285714285714,1.0,0.9,Satisfied
Case 1507,1,¡,¢¥£¤,¢¥£¤,1.0,1.0,0.9,Satisfied
Case 1509,1,¡,¢¥£¤,¢¥£¤,1.0,1.0,0.9,Satisfied
Case 1510,1,¡,¢¥£¤,¢¥£¤,1.0,1.0,0.9,Satisfied
Case 1519,1,¡,¥£¥£¤,¢¥£¤,0.6,0.75,0.9,Satisfied
Case 1535,1,¡,¡¡¥£¤,¢¥£¤,0.6,0.6,0.9,Satisfied
Case 154,1,¡,¢¥£¤,¢¥£¤,1.0,1.0,0.9,Satisfied
Case 1543,1,¡,¢¥£¤,¢¥£¤,1.0,1.0,0.9,Satisfied
Case 1553,1,¡,¢¥£¤,¢¥£¤,1.0,1.0,0.9,Satisfied
Case 156,1,¡,¢¥£¤,¢¥£¤,1.0,1.0,0.9,Satisfied
Case 1562,1,¡,¢¥£¤,¢¥£¤,1.0,1.0,0.9,Satisfied
Case 1570,1,¡,¢¥£¤,¢¥£¤,1.0,1.0,0.9,Satisfied
Case 1571,1,¡,¢¥¥¥¥¥,¢¥£¤,0.33333333333333337,0.5,0.9,Satisfied
Case 1574,1,¡,¢¥£¤,¢¥£¤,1.0,1.0,0.9,Satisfied
Case 1577,1,§,¡¡¢¥£¤,¡¢¥£¤,0.8333333333333334,1.0,0.9,Satisfied
Case 1580,1,¡,¢¥£¤,¢¥£¤,1.0,1.0,0.9,Satisfied
Case 1587,1,¡,¢¥£¤,¢¥£¤,1.0,1.0,0.9,Satisfied
Case 1603,1,¡,¥£¥£¤,¢¥£¤,0.6,0.75,0.9,Satisfied
Case 1604,1,¡,¢¥£¤,¢¥£¤,1.0,1.0,0.9,Satisfied
Case 1605,1,¡,¢¢¥£¤,¢¥£¤,0.8,1.0,0.9,Satisfied
Case 1609,1,¡,¢¥£¤,¢¥£¤,1.0,1.0,0.9,Satisfied
Case 1610,1,¡,¢¥£¤,¢¥£¤,1.0,1.0,0.9,Satisfied
Case 1615,1,¡,¢¥£¤,¢¥£¤,1.0,1.0,0.9,Satisfied
Case 1650,1,¡,¦¦¬¬­¥£¤,¢¥£¤,0.375,0.4285714285714286,0.9,Satisfied
Case 1655,1,¡,¢¥£¤,¢¥£¤,1.0,1.0,0.9,Satisfied
Case 1658,1,¡,¢­¥£¤,¢¥£¤,0.8,0.8,0.9,Satisfied
Case 1663,1,¡,¥£¤,¢¥£¤,0.75,0.75,0.9,Satisfied
Case 1664,1,¢,¥£¤,¥£¤,1.0,1.0,0.9,Satisfied
Case 1671,1,¡,¢¥£¤,¢¥£¤,1.0,1.0,0.9,Satisfied
Case 1674,1,¡,¢¥£¤,¢¥£¤,1.0,1.0,0.9,Satisfied
Case 1675,1,¡,¢¥£¤,¢¥£¤,1.0,1.0,0.9,Satisfied
Case 1679,1,¡,¢¥£¤,¢¥£¤,1.0,1.0,0.9,Satisfied
Case 1681,1,¡,¢¥£¤,¢¥£¤,1.0,1.0,0.9,Satisfied
Case 1682,1,¡,¢¥£¤,¢¥£¤,1.0,1.0,0.9,Satisfied
Case 169,1,¡,¥£¤,¢¥£¤,0.75,0.75,0.9,Satisfied
Case 1691,1,§,¡¢¥£¤,¡¢¥£¤,1.0,1.0,0.9,Satisfied
Case 1697,1,¡,¢¥£¤,¢¥£¤,1.0,1.0,0.9,Satisfied
Case 1704,1,¡,¢¥£¤,¢¥£¤,1.0,1.0,0.9,Satisfied
Case 1709,1,¡,¢¥£¤,¢¥£¤,1.0,1.0,0.9,Satisfied
Case 1711,1,¡,¢¥£¤,¢¥£¤,1.0,1.0,0.9,Satisfied
Case 1718,1,¡,¢¥£¤,¢¥£¤,1.0,1.0,0.9,Satisfied
Case 1723,1,¡,¢¥£¤,¢¥£¤,1.0,1.0,0.9,Satisfied
Case 1730,1,¡,¢¥£¤,¢¥£¤,1.0,1.0,0.9,Satisfied
Case 1735,1,¡,­¥£¥£¤,¢¥£¤,0.5,0.6,0.9,Satisfied
Case 1746,1,¡,¢¥£¤,¢¥£¤,1.0,1.0,0.9,Satisfied
Case 1754,1,¡,¢¥£¤,¢¥£¤,1.0,1.0,0.9,Satisfied
Case 1760,1,¡,¢¥£¢¥¢£¤,¢¥£¤,0.5,1.0,0.9,Satisfied
Case 1761,1,¡,¢¥£¤,¢¥£¤,1.0,1.0,0.9,Satisfied
Case 1764,1,¡,­¥£¥£¤,¢¥£¤,0.5,0.6,0.9,Satisfied
Case 1771,1,¡,¢¥£¤,¢¥£¤,1.0,1.0,0.9,Satisfied
Case 1772,1,¡,¢¥£¤,¢¥£¤,1.0,1.0,0.9,Satisfied
Case 1776,1,¡,¢¥£¤,¢¥£¤,1.0,1.0,0.9,Satisfied
Case 1777,1,¡,¢¥£¤,¢¥£¤,1.0,1.0,0.9,Satisfied
Case 1787,1,¡,¢¥¥£¥£¤,¢¥£¤,0.5714285714285714,1.0,0.9,Satisfied
Case 1788,1,¡,¢¥£¤,¢¥£¤,1.0,1.0,0.9,Satisfied
Case 1791,1,¡,¢¥£¤,¢¥£¤,1.0,1.0,0.9,Satisfied
Case 1792,1,¡,¢¥£¤,¢¥£¤,1.0,1.0,0.9,Satisfied
Case 1795,1,¡,¢¥£¤,¢¥£¤,1.0,1.0,0.9,Satisfied
Case 1799,1,¡,¢­¥£¤,¢¥£¤,0.8,0.8,0.9,Satisfied
Case 18,1,¡,¢¥£¥£¤,¢¥£¤,0.6666666666666667,1.0,0.9,Satisfied
Case 1812,1,¡,¢¥£¤,¢¥£¤,1.0,1.0,0.9,Satisfied
Case 1813,1,¡,¢¥£¤,¢¥£¤,1.0,1.0,0.9,Satisfied
Case 1814,1,¡,¢¥£¤,¢¥£¤,1.0,1.0,0.9,Satisfied
Case 1815,1,¡,¢¥£¤,¢¥£¤,1.0,1.0,0.9,Satisfied
Case 1817,1,¡,¢¥£¤,¢¥£¤,1.0,1.0,0.9,Satisfied
Case 1823,1,¡,¢¥£¤,¢¥£¤,1.0,1.0,0.9,Satisfied
Case 1826,1,¡,¢¥£¤,¢¥£¤,1.0,1.0,0.9,Satisfied
Case 1828,1,¡,¢¥£¤,¢¥£¤,1.0,1.0,0.9,Satisfied
Case 1831,1,¡,¢¥£¤,¢¥£¤,1.0,1.0,0.9,Satisfied
Case 184,1,¡,¢¢¥£¤,¢¥£¤,0.8,1.0,0.9,Satisfied
Case 1843,1,¡,¡¥£¤,¢¥£¤,0.75,0.6,0.9,Satisfied
Case 1848,1,¡,¢¥£¤,¢¥£¤,1.0,1.0,0.9,Satisfied
Case 1858,1,¡,¥£¤,¢¥£¤,0.75,0.75,0.9,Satisfied
Case 1860,1,¡,¢¥£¤,¢¥£¤,1.0,1.0,0.9,Satisfied
Case 1868,1,¡,¢¥£¤,¢¥£¤,1.0,1.0,0.9,Satisfied
Case 1869,1,¡,¢¥£¤,¢¥£¤,1.0,1.0,0.9,Satisfied
Case 1874,1,§,¡¢¥£¤,¡¢¥£¤,1.0,1.0,0.9,Satisfied
Case 1882,1,¡,¢¥£¤,¢¥£¤,1.0,1.0,0.9,Satisfied
Case 1884,1,¡,¢¥£¤,¢¥£¤,1.0,1.0,0.9,Satisfied
Case 1887,1,¡,¢¥£¤,¢¥£¤,1.0,1.0,0.9,Satisfied
Case 1892,1,¡,¢¥£¤,¢¥£¤,1.0,1.0,0.9,Satisfied
Case 1894,1,¡,¢¥£¤,¢¥£¤,1.0,1.0,0.9,Satisfied
Case 1900,1,¡,¢¥£¤,¢¥£¤,1.0,1.0,0.9,Satisfied
Case 1901,1,¡,¢¥£¤,¢¥£¤,1.0,1.0,0.9,Satisfied
Case 1903,1,¡,¢¥£¤,¢¥£¤,1.0,1.0,0.9,Satisfied
Case 191,1,¡,¡¢¥£¤,¢¥£¤,0.8,0.8,0.9,Satisfied
Case 1915,1,¡,¢¥£¤,¢¥£¤,1.0,1.0,0.9,Satisfied
Case 1916,1,¡,¢¥£¤,¢¥£¤,1.0,1.0,0.9,Satisfied
Case 1918,1,¡,¥£¤,¢¥£¤,0.75,0.75,0.9,Satisfied
Case 192,1,¡,¡¢¥£¤¢¥£¤,¢¥£¤,0.4444444444444444,0.8,0.9,Satisfied
Case 1924,1,¡,¢¥£¤,¢¥£¤,1.0,1.0,0.9,Satisfied
Case 193,1,¡,¢¥£¤,¢¥£¤,1.0,1.0,0.9,Satisfied
Case 1946,1,¡,¢¥£¤,¢¥£¤,1.0,1.0,0.9,Satisfied
Case 1961,1,¡,¢¥£¤,¢¥£¤,1.0,1.0,0.9,Satisfied
Case 1968,1,¡,¢¥£¤,¢¥£¤,1.0,1.0,0.9,Satisfied
Case 1975,1,¡,¢¥£¤,¢¥£¤,1.0,1.0,0.9,Satisfied
Case 1978,1,¡,¥¢¥£¤,¢¥£¤,0.8,1.0,0.9,Satisfied
Case 1980,1,¡,¢¥£¤,¢¥£¤,1.0,1.0,0.9,Satisfied
Case 1987,1,¡,¥£¤,¢¥£¤,0.75,0.75,0.9,Satisfied
Case 20,1,¡,¢¥£¤,¢¥£¤,1.0,1.0,0.9,Satisfied
Case 2007,1,¡,¢­¥£¥£¤,¢¥£¤,0.5714285714285714,0.8,0.9,Satisfied
Case 2013,1,¡,¢¥£¤,¢¥£¤,1.0,1.0,0.9,Satisfied
Case 202,1,¡,¢¥£¤,¢¥£¤,1.0,1.0,0.9,Satisfied
Case 2021,1,¡,¢¥£¤,¢¥£¤,1.0,1.0,0.9,Satisfied
Case 2022,1,¡,¡¡¥£¤,¢¥£¤,0.6,0.6,0.9,Satisfied
Case 2035,1,¡,¢¦­¥£¤,¢¥£¤,0.6666666666666667,0.6666666666666666,0.9,Satisfied
Case 2037,1,¡,¥£¤,¢¥£¤,0.75,0.75,0.9,Satisfied
Case 2050,1,¡,¢¥£¤,¢¥£¤,1.0,1.0,0.9,Satisfied
Case 2059,1,¡,¢¥£¤,¢¥£¤,1.0,1.0,0.9,Satisfied
Case 2062,1,¡,¢¥£¤,¢¥£¤,1.0,1.0,0.9,Satisfied
Case 2068,1,¡,¢¥£¤,¢¥£¤,1.0,1.0,0.9,Satisfied
Case 2074,1,¡,¢¥£¤,¢¥£¤,1.0,1.0,0.9,Satisfied
Case 2081,1,¡,¢­¥£¤,¢¥£¤,0.8,0.8,0.9,Satisfied
Case 2083,1,¡,¢¥£¤,¢¥£¤,1.0,1.0,0.9,Satisfied
Case 2092,1,¡,¢¥£¤,¢¥£¤,1.0,1.0,0.9,Satisfied
Case 2093,1,¡,¢¥£¤,¢¥£¤,1.0,1.0,0.9,Satisfied
Case 2097,1,¡,¢¥£¤,¢¥£¤,1.0,1.0,0.9,Satisfied
Case 210,1,¡,¢¥£¤,¢¥£¤,1.0,1.0,0.9,Satisfied
Case 2103,1,¡,¢¥£¤,¢¥£¤,1.0,1.0,0.9,Satisfied
Case 2104,1,¡,¢­¥£¤,¢¥£¤,0.8,0.8,0.9,Satisfied
Case 2105,1,¡,¢¥£¤,¢¥£¤,1.0,1.0,0.9,Satisfied
Case 2108,1,¡,¢¥£¤,¢¥£¤,1.0,1.0,0.9,Satisfied
Case 211,1,¡,¥£¤,¢¥£¤,0.75,0.75,0.9,Satisfied
Case 2112,1,¡,¢¥£¤,¢¥£¤,1.0,1.0,0.9,Satisfied
Case 2117,1,¡,¥¥£¢¥£¥£¤,¢¥£¤,0.4444444444444444,1.0,0.9,Satisfied
Case 2121,1,¡,¢¥£¤,¢¥£¤,1.0,1.0,0.9,Satisfied
Case 2123,1,¡,¡¢¥£¥£¤,¢¥£¤,0.5714285714285714,0.8,0.9,Satisfied
Case 2125,1,¡,¢¥­,¢¥£¤,0.5,0.4,0.9,Satisfied
Case 2126,1,¡,¢¥£¤,¢¥£¤,1.0,1.0,0.9,Satisfied
Case 2134,1,¡,¥¢£¤,¢¥£¤,0.75,1.0,0.9,Satisfied
Case 2141,1,¡,¢¥£¤,¢¥£¤,1.0,1.0,0.9,Satisfied
Case 2142,1,¡,¢¥£¤,¢¥£¤,1.0,1.0,0.9,Satisfied
Case 2143,1,¡,¢­¥£¤,¢¥£¤,0.8,0.8,0.9,Satisfied
Case 2152,1,¡,¢¥£¤,¢¥£¤,1.0,1.0,0.9,Satisfied
Case 2156,1,¡,¢¥£¤,¢¥£¤,1.0,1.0,0.9,Satisfied
Case 2157,1,¡,¥£¥£¤,¢¥£¤,0.6,0.75,0.9,Satisfied
Case 2163,1,¡,¢¥£¤,¢¥£¤,1.0,1.0,0.9,Satisfied
Case 2167,1,¡,¢¥£¤,¢¥£¤,1.0,1.0,0.9,Satisfied
Case 2168,1,¡,¢¥¥£¤,¢¥£¤,0.8,1.0,0.9,Satisfied
Case 2172,1,¡,¢¥£¤,¢¥£¤,1.0,1.0,0.9,Satisfied
Case 2176,1,¡,¢¥£¤,¢¥£¤,1.0,1.0,0.9,Satisfied
Case 2177,1,¡,¥¥£¤,¢¥£¤,0.75,0.75,0.9,Satisfied
Case 2183,1,¡,¢¥£¤,¢¥£¤,1.0,1.0,0.9,Satisfied
Case 2187,1,¡,¢¥£¤,¢¥£¤,1.0,1.0,0.9,Satisfied
Case 2191,1,¡,¢¥£¤,¢¥£¤,1.0,1.0,0.9,Satisfied
Case 2197,1,¡,¢¥£¤,¢¥£¤,1.0,1.0,0.9,Satisfied
Case 2201,1,¡,¢¥£¤,¢¥£¤,1.0,1.0,0.9,Satisfied
Case 2203,1,¡,¢¥£¤,¢¥£¤,1.0,1.0,0.9,Satisfied
Case 2210,1,¡,¢¥£¤,¢¥£¤,1.0,1.0,0.9,Satisfied
Case 2211,1,¡,¢¥£¤,¢¥£¤,1.0,1.0,0.9,Satisfied
Case 2215,1,¡,¢¥£¤,¢¥£¤,1.0,1.0,0.9,Satisfied
Case 2219,1,¡,¢¥¢£¤,¢¥£¤,0.8,1.0,0.9,Satisfied
Case 2220,1,¡,¢¥£¤,¢¥£¤,1.0,1.0,0.9,Satisfied
Case 2227,1,¡,¥£¥£¤,¢¥£¤,0.6,0.75,0.9,Satisfied
Case 2228,1,¡,¢¥£¤,¢¥£¤,1.0,1.0,0.9,Satisfied
Case 2229,1,¡,¥£¤,¢¥£¤,0.75,0.75,0.9,Satisfied
Case 2232,1,¡,¥£¤,¢¥£¤,0.75,0.75,0.9,Satisfied
Case 2236,1,¡,¢¥£¤,¢¥£¤,1.0,1.0,0.9,Satisfied
Case 2239,1,¡,¢¥£¥£¢¥£¤,¢¥£¤,0.4444444444444444,1.0,0.9,Satisfied
Case 2245,1,¡,¢¥£¤,¢¥£¤,1.0,1.0,0.9,Satisfied
Case 2253,1,¢,¥£¤,¥£¤,1.0,1.0,0.9,Satisfied
Case 2256,1,¡,¥£¤,¢¥£¤,0.75,0.75,0.9,Satisfied
Case 2267,1,¡,¢¥£¤,¢¥£¤,1.0,1.0,0.9,Satisfied
Case 2268,1,¡,¢¥£¤,¢¥£¤,1.0,1.0,0.9,Satisfied
Case 2279,1,¡,¢¥£¤,¢¥£¤,1.0,1.0,0.9,Satisfied
Case 2285,1,¡,¥¢¥£¤,¢¥£¤,0.8,1.0,0.9,Satisfied
Case 2290,1,¡,¢¥£¤,¢¥£¤,1.0,1.0,0.9,Satisfied
Case 2296,1,¡,¢¥£¤,¢¥£¤,1.0,1.0,0.9,Satisfied
Case 23,1,¡,¢¥£¤,¢¥£¤,1.0,1.0,0.9,Satisfied
Case 230,1,¡,¡¢¥£¤,¢¥£¤,0.8,0.8,0.9,Satisfied
Case 2300,1,¡,¢­­¦­,¢¥£¤,0.19999999999999996,0.16666666666666663,0.9,Satisfied
Case 2302,1,¡,¢¥£¤,¢¥£¤,1.0,1.0,0.9,Satisfied
Case 2308,1,¡,¢¥£¤,¢¥£¤,1.0,1.0,0.9,Satisfied
Case 2315,1,¡,¢¥£¤,¢¥£¤,1.0,1.0,0.9,Satisfied
Case 232,1,¡,¢¥¥£¥£¤,¢¥£¤,0.5714285714285714,1.0,0.9,Satisfied
Case 2322,1,¡,¢¥£¤,¢¥£¤,1.0,1.0,0.9,Satisfied
Case 2328,1,¡,¢¥£¤,¢¥£¤,1.0,1.0,0.9,Satisfied
Case 233,1,¡,¢¥£¤,¢¥£¤,1.0,1.0,0.9,Satisfied
Case 2330,1,¡,¢¥£¤,¢¥£¤,1.0,1.0,0.9,Satisfied
Case 2335,1,¡,¢¥£¤,¢¥£¤,1.0,1.0,0.9,Satisfied
Case 2342,1,¡,¢¥¥£¤,¢¥£¤,0.8,1.0,0.9,Satisfied
Case 2346,1,§,¡¢¥£¤,¡¢¥£¤,1.0,1.0,0.9,Satisfied
Case 2348,1,¡,¢¥£¤,¢¥£¤,1.0,1.0,0.9,Satisfied
Case 235,1,§,¡¢¥£¤,¡¢¥£¤,1.0,1.0,0.9,Satisfied
Case 2356,1,¡,¢¥¥£¤,¢¥£¤,0.8,1.0,0.9,Satisfied
Case 2362,1,¢,¥£¤,¥£¤,1.0,1.0,0.9,Satisfied
Case 2367,1,¡,¢¥£¤,¢¥£¤,1.0,1.0,0.9,Satisfied
Case 2368,1,¡,¢¥£¥£¥£­¢¥£¤,¢¥£¤,0.33333333333333337,0.8,0.9,Satisfied
Case 237,1,¡,¢­¥£¤,¢¥£¤,0.8,0.8,0.9,Satisfied
Case 2374,1,¡,¢¥£¤,¢¥£¤,1.0,1.0,0.9,Satisfied
Case 2375,1,¡,¡¡¢¥£¤,¢¥£¤,0.6666666666666667,0.8,0.9,Satisfied
Case 2380,1,¡,¢¥¢£¤,¢¥£¤,0.8,1.0,0.9,Satisfied
Case 2381,1,¡,¡¡¥£¥£¤,¢¥£¤,0.4285714285714286,0.6,0.9,Satisfied
Case 2390,1,¡,¢¥£¤,¢¥£¤,1.0,1.0,0.9,Satisfied
Case 2391,1,¡,¢¥£¤,¢¥£¤,1.0,1.0,0.9,Satisfied
Case 2398,1,¡,¢¥£¤,¢¥£¤,1.0,1.0,0.9,Satisfied
Case 2399,1,¡,¢¢¥£¤,¢¥£¤,0.8,1.0,0.9,Satisfied
Case 2403,1,¡,¢¥£¤,¢¥£¤,1.0,1.0,0.9,Satisfied
Case 2415,1,¡,¢¥£¤,¢¥£¤,1.0,1.0,0.9,Satisfied
Case 2417,1,¡,¢¥­£¤,¢¥£¤,0.8,0.8,0.9,Satisfied
Case 242,1,¡,¢¥£¤,¢¥£¤,1.0,1.0,0.9,Satisfied
Case 2431,1,¡,¢¥£¤,¢¥£¤,1.0,1.0,0.9,Satisfied
Case 2432,1,¡,¢¥£¤,¢¥£¤,1.0,1.0,0.9,Satisfied
Case 2436,1,¡,¥£¤¢,¢¥£¤,0.5,1.0,0.9,Satisfied
Case 2447,1,¡,¢¢¥£¤,¢¥£¤,0.8,1.0,0.9,Satisfied
Case 2448,1,¡,¢¥£¤,¢¥£¤,1.0,1.0,0.9,Satisfied
Case 2451,1,¡,¢¦­­¥£,¢¥£¤,0.33333333333333337,0.5,0.9,Satisfied
Case 2452,1,¡,¢¥£¤,¢¥£¤,1.0,1.0,0.9,Satisfied
Case 2455,1,¡,¢¥£¤,¢¥£¤,1.0,1.0,0.9,Satisfied
Case 2458,1,¡,¢¥£¤,¢¥£¤,1.0,1.0,0.9,Satisfied
Case 2465,1,¡,¢¥£¤,¢¥£¤,1.0,1.0,0.9,Satisfied
Case 2466,1,¡,¢­­¥£¤,¢¥£¤,0.6666666666666667,0.8,0.9,Satisfied
Case 247,1,§,¢¥£¤,¡¢¥£¤,0.8,0.8,0.9,Satisfied
Case 2473,1,¡,¢¥¢¥£¤,¢¥£¤,0.6666666666666667,1.0,0.9,Satisfied
Case 2474,1,¡,¢¥£¤,¢¥£¤,1.0,1.0,0.9,Satisfied
Case 2476,1,¡,¢­¥£¤,¢¥£¤,0.8,0.8,0.9,Satisfied
Case 2481,1,¡,¢­¥£¤,¢¥£¤,0.8,0.8,0.9,Satisfied
Case 2490,1,¡,¡¢¥£¤,¢¥£¤,0.8,0.8,0.9,Satisfied
Case 2492,1,¡,¢¥£¤,¢¥£¤,1.0,1.0,0.9,Satisfied
Case 2498,1,¡,¢¥£¤,¢¥£¤,1.0,1.0,0.9,Satisfied
Case 2499,1,¡,¢¥£¤,¢¥£¤,1.0,1.0,0.9,Satisfied
Case 2504,1,¡,¢¥£¤,¢¥£¤,1.0,1.0,0.9,Satisfied
Case 2508,1,¡,¢¥£¤,¢¥£¤,1.0,1.0,0.9,Satisfied
Case 2512,1,¡,¢¥£¥£¤,¢¥£¤,0.6666666666666667,1.0,0.9,Satisfied
Case 2514,1,¡,¢¥¥£¤,¢¥£¤,0.8,1.0,0.9,Satisfied
Case 2522,1,¡,¢¥£¥£¤,¢¥£¤,0.6666666666666667,1.0,0.9,Satisfied
Case 253,1,¡,¢¥£¤,¢¥£¤,1.0,1.0,0.9,Satisfied
Case 2530,1,¡,¢¥£¤,¢¥£¤,1.0,1.0,0.9,Satisfied
Case 2534,1,¡,¢¥£¤,¢¥£¤,1.0,1.0,0.9,Satisfied
Case 2541,1,¢,¥£¤,¥£¤,1.0,1.0,0.9,Satisfied
Case 2550,1,¡,¢¥¥£¥£¤,¢¥£¤,0.5714285714285714,1.0,0.9,Satisfied
Case 2555,1,¡,¢¥£¤,¢¥£¤,1.0,1.0,0.9,Satisfied
Case 2558,1,¡,¢¥£¤,¢¥£¤,1.0,1.0,0.9,Satisfied
Case 2569,1,¡,¢¥£¤,¢¥£¤,1.0,1.0,0.9,Satisfied
Case 2571,1,¡,¢¥£¤,¢¥£¤,1.0,1.0,0.9,Satisfied
Case 2577,1,¡,¢¥£¤,¢¥£¤,1.0,1.0,0.9,Satisfied
Case 2581,1,¡,¡¢¥£¤,¢¥£¤,0.8,0.8,0.9,Satisfied
Case 2585,1,¡,¢¥£¤,¢¥£¤,1.0,1.0,0.9,Satisfied
Case 2591,1,¡,¢¥£¤,¢¥£¤,1.0,1.0,0.9,Satisfied
Case 2593,1,¡,­¥£¤,¢¥£¤,0.75,0.6,0.9,Satisfied
Case 2596,1,¡,¢¥£¤,¢¥£¤,1.0,1.0,0.9,Satisfied
Case 2598,1,¡,¢¥£¤,¢¥£¤,1.0,1.0,0.9,Satisfied
Case 2599,1,¡,¢¥£¤,¢¥£¤,1.0,1.0,0.9,Satisfied
Case 2603,1,¡,¢¥£¤,¢¥£¤,1.0,1.0,0.9,Satisfied
Case 2607,1,¡,¢¥£¤,¢¥£¤,1.0,1.0,0.9,Satisfied
Case 2609,1,¡,¢¥£¤,¢¥£¤,1.0,1.0,0.9,Satisfied
Case 261,1,¡,¢¥£¤,¢¥£¤,1.0,1.0,0.9,Satisfied
Case 2611,1,¡,¢¥£¤,¢¥£¤,1.0,1.0,0.9,Satisfied
Case 2613,1,¡,¢¥¥¥£¥£¤,¢¥£¤,0.5,1.0,0.9,Satisfied
Case 2614,1,¡,¢¥£¤,¢¥£¤,1.0,1.0,0.9,Satisfied
Case 2616,1,¡,¥£¤,¢¥£¤,0.75,0.75,0.9,Satisfied
Case 262,1,¡,¢¥£¥£¤,¢¥£¤,0.6666666666666667,1.0,0.9,Satisfied
Case 2620,1,¡,¢­¥£¤,¢¥£¤,0.8,0.8,0.9,Satisfied
Case 2622,1,¢,¥£¤,¥£¤,1.0,1.0,0.9,Satisfied
Case 2625,1,¡,¢¥£¤,¢¥£¤,1.0,1.0,0.9,Satisfied
Case 2631,1,¡,¢¥£¤,¢¥£¤,1.0,1.0,0.9,Satisfied
Case 2634,1,¡,¢¥£¤,¢¥£¤,1.0,1.0,0.9,Satisfied
Case 2643,1,¡,¥£¤,¢¥£¤,0.75,0.75,0.9,Satisfied
Case 265,1,¡,¢¥£¤,¢¥£¤,1.0,1.0,0.9,Satisfied
Case 2659,1,¡,¢¥¥¢£¤,¢¥£¤,0.6666666666666667,1.0,0.9,Satisfied
Case 2665,1,¡,¢¥£¤,¢¥£¤,1.0,1.0,0.9,Satisfied
Case 2666,1,¡,¡¢¥¥£¤,¢¥£¤,0.6666666666666667,0.8,0.9,Satisfied
Case 2667,1,¡,¢¥¥£¢¥£¤,¢¥£¤,0.5,1.0,0.9,Satisfied
Case 2668,1,¡,¡¢­¥£¤,¢¥£¤,0.6666666666666667,0.6666666666666666,0.9,Satisfied
Case 2674,1,¡,¢¥¢£¤,¢¥£¤,0.8,1.0,0.9,Satisfied
Case 2676,1,¡,¢¥£¤,¢¥£¤,1.0,1.0,0.9,Satisfied
Case 2681,1,¡,¢¥£¤,¢¥£¤,1.0,1.0,0.9,Satisfied
Case 2686,1,¢,¥£¤,¥£¤,1.0,1.0,0.9,Satisfied
Case 2700,1,¡,¢¥£¤,¢¥£¤,1.0,1.0,0.9,Satisfied
Case 2713,1,¡,¢¥£¤,¢¥£¤,1.0,1.0,0.9,Satisfied
Case 2714,1,¡,¢¥£¤,¢¥£¤,1.0,1.0,0.9,Satisfied
Case 2716,1,¡,¢¥£¤,¢¥£¤,1.0,1.0,0.9,Satisfied
Case 2720,1,¡,¢­¥£¤,¢¥£¤,0.8,0.8,0.9,Satisfied
Case 2721,1,¡,¢¥£¤,¢¥£¤,1.0,1.0,0.9,Satisfied
Case 2734,1,¡,¢¥£¤,¢¥£¤,1.0,1.0,0.9,Satisfied
Case 2741,1,¡,¢¥£¤,¢¥£¤,1.0,1.0,0.9,Satisfied
Case 2765,1,¡,¢¥¥£¤,¢¥£¤,0.8,1.0,0.9,Satisfied
Case 2770,1,¡,¢¥£¤,¢¥£¤,1.0,1.0,0.9,Satisfied
Case 2774,1,¡,¥£¥£¢¥£¤,¢¥£¤,0.5,1.0,0.9,Satisfied
Case 2776,1,¢,¥¢¥£¤,¥£¤,0.6,0.75,0.9,Satisfied
Case 2777,1,¡,¢¥£¤,¢¥£¤,1.0,1.0,0.9,Satisfied
Case 2788,1,¡,¢¥£¤,¢¥£¤,1.0,1.0,0.9,Satisfied
Case 2789,1,¡,¢¥£¤,¢¥£¤,1.0,1.0,0.9,Satisfied
Case 2791,1,¡,¢¥£¤,¢¥£¤,1.0,1.0,0.9,Satisfied
Case 2797,1,¢,¥£¤,¥£¤,1.0,1.0,0.9,Satisfied
Case 28,1,¡,¢¦­­¥£,¢¥£¤,0.33333333333333337,0.5,0.9,Satisfied
Case 2814,1,¡,¢¥£¤,¢¥£¤,1.0,1.0,0.9,Satisfied
Case 282,1,¡,¢¥£¤,¢¥£¤,1.0,1.0,0.9,Satisfied
Case 2826,1,¡,¢¥£¤,¢¥£¤,1.0,1.0,0.9,Satisfied
Case 2834,1,¡,¢¥£¤,¢¥£¤,1.0,1.0,0.9,Satisfied
Case 2839,1,¡,¢¥£¤,¢¥£¤,1.0,1.0,0.9,Satisfied
Case 2847,1,¡,¢¥£¤,¢¥£¤,1.0,1.0,0.9,Satisfied
Case 2848,1,¡,¢¥£¤,¢¥£¤,1.0,1.0,0.9,Satisfied
Case 2849,1,¡,¥£¥£¤,¢¥£¤,0.6,0.75,0.9,Satisfied
Case 2851,1,¡,¢¥£¤,¢¥£¤,1.0,1.0,0.9,Satisfied
Case 2854,1,¡,¢¥£¤,¢¥£¤,1.0,1.0,0.9,Satisfied
Case 286,1,¡,¢¥£¤,¢¥£¤,1.0,1.0,0.9,Satisfied
Case 2860,1,¡,¢¥£¤,¢¥£¤,1.0,1.0,0.9,Satisfied
Case 2866,1,¡,¢¥£¤,¢¥£¤,1.0,1.0,0.9,Satisfied
Case 2873,1,¡,¢¥£¤,¢¥£¤,1.0,1.0,0.9,Satisfied
Case 2875,1,¡,¢¥£¤,¢¥£¤,1.0,1.0,0.9,Satisfied
Case 2881,1,¡,­­¥£¤,¢¥£¤,0.6,0.6,0.9,Satisfied
Case 2891,1,¡,¢¥£¤,¢¥£¤,1.0,1.0,0.9,Satisfied
Case 2897,1,¡,¢­¢¥£¤,¢¥£¤,0.6666666666666667,0.8,0.9,Satisfied
Case 2905,1,¡,¢¥£¤,¢¥£¤,1.0,1.0,0.9,Satisfied
Case 2908,1,¡,¢¥£¤,¢¥£¤,1.0,1.0,0.9,Satisfied
Case 2910,1,¡,¢¥£¤,¢¥£¤,1.0,1.0,0.9,Satisfied
Case 2918,1,¡,¢­¢¥£¤,¢¥£¤,0.6666666666666667,0.8,0.9,Satisfied
Case 292,1,¡,¢¥£¤,¢¥£¤,1.0,1.0,0.9,Satisfied
Case 2931,1,¡,¢¥­£¥£¤,¢¥£¤,0.5714285714285714,0.8,0.9,Satisfied
Case 2932,1,¡,¢¥£¤,¢¥£¤,1.0,1.0,0.9,Satisfied
Case 2934,1,¡,¢¥£¤,¢¥£¤,1.0,1.0,0.9,Satisfied
Case 2949,1,¡,¢¥£¤,¢¥£¤,1.0,1.0,0.9,Satisfied
Case 2956,1,¡,¥£¤,¢¥£¤,0.75,0.75,0.9,Satisfied
Case 296,1,¡,¢¥£¤,¢¥£¤,1.0,1.0,0.9,Satisfied
Case 2962,1,¡,¢¥£¤,¢¥£¤,1.0,1.0,0.9,Satisfied
Case 2964,1,¡,¢¥£¤,¢¥£¤,1.0,1.0,0.9,Satisfied
Case 2966,1,¡,¢¥£¤,¢¥£¤,1.0,1.0,0.9,Satisfied
Case 2968,1,¡,¢¥£¤,¢¥£¤,1.0,1.0,0.9,Satisfied
Case 2970,1,¡,¢­¥£¤,¢¥£¤,0.8,0.8,0.9,Satisfied
Case 2971,1,¡,¢¥£¤,¢¥£¤,1.0,1.0,0.9,Satisfied
Case 2975,1,¡,¥¡¢¥¥¢£¤,¢¥£¤,0.5,0.8,0.9,Satisfied
Case 2981,1,¡,¡¢­­¥£¤,¢¥£¤,0.5714285714285714,0.6666666666666666,0.9,Satisfied
Case 2984,1,¡,¢¥£¥£¤,¢¥£¤,0.6666666666666667,1.0,0.9,Satisfied
Case 2988,1,¡,¥£¥£¤,¢¥£¤,0.6,0.75,0.9,Satisfied
Case 299,1,¡,¢¥£¤,¢¥£¤,1.0,1.0,0.9,Satisfied
Case 2992,1,¡,¢¥£¤,¢¥£¤,1.0,1.0,0.9,Satisfied
Case 3002,1,¡,¢¥£¤,¢¥£¤,1.0,1.0,0.9,Satisfied
Case 3008,1,¡,¢¥£¤,¢¥£¤,1.0,1.0,0.9,Satisfied
Case 3009,1,¡,¢¥¢£¤,¢¥£¤,0.8,1.0,0.9,Satisfied
Case 3010,1,¡,¢¥£¤,¢¥£¤,1.0,1.0,0.9,Satisfied
Case 3013,1,¡,¢¢¥£¤,¢¥£¤,0.8,1.0,0.9,Satisfied
Case 3015,1,¡,¢­¥£¤,¢¥£¤,0.8,0.8,0.9,Satisfied
Case 3016,1,¡,¡¢¥£¤,¢¥£¤,0.8,0.8,0.9,Satisfied
Case 3021,1,¡,¢¥£¤,¢¥£¤,1.0,1.0,0.9,Satisfied
Case 3027,1,¡,¢¥£¤,¢¥£¤,1.0,1.0,0.9,Satisfied
Case 3034,1,¡,¢¥£¤,¢¥£¤,1.0,1.0,0.9,Satisfied
Case 3035,1,¡,¢¥£¤,¢¥£¤,1.0,1.0,0.9,Satisfied
Case 3037,1,¡,¢¥£¤,¢¥£¤,1.0,1.0,0.9,Satisfied
Case 3038,1,¡,¢¥¢¥£¤,¢¥£¤,0.6666666666666667,1.0,0.9,Satisfied
Case 3043,1,¡,¢¥£¤,¢¥£¤,1.0,1.0,0.9,Satisfied
Case 3044,1,¡,¢¥£¤,¢¥£¤,1.0,1.0,0.9,Satisfied
Case 3046,1,¡,¥£¤,¢¥£¤,0.75,0.75,0.9,Satisfied
Case 3056,1,¡,¢¥£¤,¢¥£¤,1.0,1.0,0.9,Satisfied
Case 3058,1,¡,¢­¥£¥£¤,¢¥£¤,0.5714285714285714,0.8,0.9,Satisfied
Case 3059,1,¡,¢­¥£¤,¢¥£¤,0.8,0.8,0.9,Satisfied
Case 3061,1,¡,¢­¥£¤,¢¥£¤,0.8,0.8,0.9,Satisfied
Case 3071,1,¡,¢¦­¥£¤,¢¥£¤,0.6666666666666667,0.6666666666666666,0.9,Satisfied
Case 3073,1,¡,¢¥£¤,¢¥£¤,1.0,1.0,0.9,Satisfied
Case 3077,1,¡,­¥£¤,¢¥£¤,0.75,0.6,0.9,Satisfied
Case 3078,1,¡,¢¥£¤,¢¥£¤,1.0,1.0,0.9,Satisfied
Case 308,1,¡,¢¥£¤,¢¥£¤,1.0,1.0,0.9,Satisfied
Case 3082,1,¡,¡¢¥£¤,¢¥£¤,0.8,0.8,0.9,Satisfied
Case 3083,1,¡,¢¥£¤,¢¥£¤,1.0,1.0,0.9,Satisfied
Case 3086,1,¡,¢¥£¤,¢¥£¤,1.0,1.0,0.9,Satisfied
Case 3095,1,¡,¢¥£¤,¢¥£¤,1.0,1.0,0.9,Satisfied
Case 31,1,¡,¢¦­¥£¤,¢¥£¤,0.6666666666666667,0.6666666666666666,0.9,Satisfied
Case 3103,1,¡,¢­¥£¤,¢¥£¤,0.8,0.8,0.9,Satisfied
Case 3112,1,¡,¢¥£¤,¢¥£¤,1.0,1.0,0.9,Satisfied
Case 3113,1,¡,¢¥¥¢¥£¤,¢¥£¤,0.5714285714285714,1.0,0.9,Satisfied
Case 3118,1,¡,¢¥¥¦£¤,¢¥£¤,0.6666666666666667,0.8,0.9,Satisfied
Case 3121,1,¡,¢¥£¡¢¥£¤,¢¥£¤,0.5,0.8,0.9,Satisfied
Case 3126,1,¡,¢¥£¤,¢¥£¤,1.0,1.0,0.9,Satisfied
Case 3128,1,¡,¢¥£¤,¢¥£¤,1.0,1.0,0.9,Satisfied
Case 313,1,¡,¢¥­¥£¥£¤,¢¥£¤,0.5,0.8,0.9,Satisfied
Case 3139,1,¡,¢­¢¥£¤,¢¥£¤,0.6666666666666667,0.8,0.9,Satisfied
Case 3142,1,¡,¢¥£¤,¢¥£¤,1.0,1.0,0.9,Satisfied
Case 3145,1,¡,¢¥£¤,¢¥£¤,1.0,1.0,0.9,Satisfied
Case 3148,1,¢,¥£¤,¥£¤,1.0,1.0,0.9,Satisfied
Case 317,1,¡,¢­¥£¤,¢¥£¤,0.8,0.8,0.9,Satisfied
Case 3172,1,¡,¢¥£¤,¢¥£¤,1.0,1.0,0.9,Satisfied
Case 3176,1,¡,¢­¥£¤,¢¥£¤,0.8,0.8,0.9,Satisfied
Case 3180,1,¡,¢¥£¤,¢¥£¤,1.0,1.0,0.9,Satisfied
Case 3182,1,¡,¢¥£¤,¢¥£¤,1.0,1.0,0.9,Satisfied
Case 3184,1,¡,¢¥£¤,¢¥£¤,1.0,1.0,0.9,Satisfied
Case 3186,1,¡,¢¥£¤,¢¥£¤,1.0,1.0,0.9,Satisfied
Case 3188,1,¡,¢¥£¤,¢¥£¤,1.0,1.0,0.9,Satisfied
Case 3192,1,¡,¢¦¥£¤,¢¥£¤,0.8,0.8,0.9,Satisfied
Case 3212,1,¡,¢¥£¤,¢¥£¤,1.0,1.0,0.9,Satisfied
Case 3214,1,¡,¢¦¥£¤,¢¥£¤,0.8,0.8,0.9,Satisfied
Case 3222,1,¡,¢¥£¤,¢¥£¤,1.0,1.0,0.9,Satisfied
Case 3226,1,¡,¥£¤,¢¥£¤,0.75,0.75,0.9,Satisfied
Case 3229,1,¡,¢¥£¤,¢¥£¤,1.0,1.0,0.9,Satisfied
Case 323,1,¡,¢¥£¤,¢¥£¤,1.0,1.0,0.9,Satisfied
Case 3231,1,¡,¢¥£¤,¢¥£¤,1.0,1.0,0.9,Satisfied
Case 3233,1,¡,¢¥£¤,¢¥£¤,1.0,1.0,0.9,Satisfied
Case 3239,1,¡,¥£¤,¢¥£¤,0.75,0.75,0.9,Satisfied
Case 324,1,¢,¥£¤,¥£¤,1.0,1.0,0.9,Satisfied
Case 3240,1,¡,¢¥£¤,¢¥£¤,1.0,1.0,0.9,Satisfied
Case 3249,1,¡,¢­­¢¥£¥£¤,¢¥£¤,0.4444444444444444,0.8,0.9,Satisfied
Case 3251,1,¡,¢¥£¤,¢¥£¤,1.0,1.0,0.9,Satisfied
Case 3253,1,¡,¢¥£¤,¢¥£¤,1.0,1.0,0.9,Satisfied
Case 3254,1,¡,¢¥,¢¥£¤,0.5,0.5,0.9,Satisfied
Case 326,1,¡,¢­­¥£¤,¢¥£¤,0.6666666666666667,0.8,0.9,Satisfied
Case 3260,1,¡,¢¥£¤,¢¥£¤,1.0,1.0,0.9,Satisfied
Case 3262,1,¡,¢¥£¤,¢¥£¤,1.0,1.0,0.9,Satisfied
Case 3273,1,¡,¢¥£¤,¢¥£¤,1.0,1.0,0.9,Satisfied
Case 3276,1,¡,¢­¥£¤,¢¥£¤,0.8,0.8,0.9,Satisfied
Case 3288,1,¡,¢¥£¥£¤,¢¥£¤,0.6666666666666667,1.0,0.9,Satisfied
Case 3289,1,¡,¢¥£¤,¢¥£¤,1.0,1.0,0.9,Satisfied
Case 3294,1,¡,¢¥¢£¤,¢¥£¤,0.8,1.0,0.9,Satisfied
Case 33,1,¡,¢¥£¤,¢¥£¤,1.0,1.0,0.9,Satisfied
Case 331,1,¡,¢­¥£¤,¢¥£¤,0.8,0.8,0.9,Satisfied
Case 3314,1,¡,¢¥£¤,¢¥£¤,1.0,1.0,0.9,Satisfied
Case 3315,1,¡,¢¥£¤,¢¥£¤,1.0,1.0,0.9,Satisfied
Case 332,1,¡,¢¥£¤,¢¥£¤,1.0,1.0,0.9,Satisfied
Case 3323,1,¡,¢¦­­¥£,¢¥£¤,0.33333333333333337,0.5,0.9,Satisfied
Case 3324,1,¡,¢¥£¤,¢¥£¤,1.0,1.0,0.9,Satisfied
Case 333,1,¡,¢¥£¤,¢¥£¤,1.0,1.0,0.9,Satisfied
Case 3331,1,¡,¢¥£¤,¢¥£¤,1.0,1.0,0.9,Satisfied
Case 3334,1,¡,¢¥£¤,¢¥£¤,1.0,1.0,0.9,Satisfied
Case 3336,1,¡,¢¥£¤,¢¥£¤,1.0,1.0,0.9,Satisfied
Case 3338,1,¡,­¥£¤,¢¥£¤,0.75,0.6,0.9,Satisfied
Case 3341,1,¡,¢¥£¤,¢¥£¤,1.0,1.0,0.9,Satisfied
Case 3344,1,¡,¥£¥£¢¥£¥£¤,¢¥£¤,0.4,1.0,0.9,Satisfied
Case 3349,1,¡,¢¥£¤,¢¥£¤,1.0,1.0,0.9,Satisfied
Case 3351,1,¡,¢¥£¥£¤,¢¥£¤,0.6666666666666667,1.0,0.9,Satisfied
Case 3357,1,¡,¢¥£¤,¢¥£¤,1.0,1.0,0.9,Satisfied
Case 3358,1,¡,¢­¥£¤,¢¥£¤,0.8,0.8,0.9,Satisfied
Case 3360,1,¡,¢¥£¤,¢¥£¤,1.0,1.0,0.9,Satisfied
Case 3362,1,¡,¢¥£¤,¢¥£¤,1.0,1.0,0.9,Satisfied
Case 337,1,¡,¢¥£¤,¢¥£¤,1.0,1.0,0.9,Satisfied
Case 3372,1,¡,¢¥£¤,¢¥£¤,1.0,1.0,0.9,Satisfied
Case 3373,1,¡,¢¥£¤,¢¥£¤,1.0,1.0,0.9,Satisfied
Case 3376,1,¡,¢¥£¤,¢¥£¤,1.0,1.0,0.9,Satisfied
Case 3382,1,¡,¢¥£¤,¢¥£¤,1.0,1.0,0.9,Satisfied
Case 3398,1,¡,¢¥£¤,¢¥£¤,1.0,1.0,0.9,Satisfied
Case 34,1,¡,¢¥¥£¤,¢¥£¤,0.8,1.0,0.9,Satisfied
Case 3403,1,¡,¢¥£¤,¢¥£¤,1.0,1.0,0.9,Satisfied
Case 3409,1,¡,¢¦¬¬­,¢¥£¤,0.19999999999999996,0.1428571428571428,0.9,Satisfied
Case 3413,1,¡,¢¥£¤,¢¥£¤,1.0,1.0,0.9,Satisfied
Case 3416,1,¡,¥£¤,¢¥£¤,0.75,0.75,0.9,Satisfied
Case 3418,1,¡,¢­¥£¤,¢¥£¤,0.8,0.8,0.9,Satisfied
Case 3419,1,¡,¢¥£¤,¢¥£¤,1.0,1.0,0.9,Satisfied
Case 3426,1,¡,¢¥£¤,¢¥£¤,1.0,1.0,0.9,Satisfied
Case 3428,1,¡,¢¥£¤,¢¥£¤,1.0,1.0,0.9,Satisfied
Case 343,1,¡,¢¥£¤,¢¥£¤,1.0,1.0,0.9,Satisfied
Case 3436,1,¡,¢¥¥¥¥£¤,¢¥£¤,0.5714285714285714,1.0,0.9,Satisfied
Case 3439,1,¢,¥£¢¥¢¥£¤,¥£¤,0.375,0.75,0.9,Satisfied
Case 3440,1,¡,¢¥£¤,¢¥£¤,1.0,1.0,0.9,Satisfied
Case 3442,1,¡,¢¥£¤,¢¥£¤,1.0,1.0,0.9,Satisfied
Case 3443,1,¡,¢­¥£,¢¥£¤,0.5,0.6,0.9,Satisfied
Case 3444,1,¡,¦¦¬¬­¥£¤,¢¥£¤,0.375,0.4285714285714286,0.9,Satisfied
Case 3448,1,¡,¢¥£¤,¢¥£¤,1.0,1.0,0.9,Satisfied
Case 3449,1,¡,¡¢¥£¤,¢¥£¤,0.8,0.8,0.9,Satisfied
Case 345,1,¡,¢¥£¤,¢¥£¤,1.0,1.0,0.9,Satisfied
Case 3454,1,¡,¢¢¥£¤,¢¥£¤,0.8,1.0,0.9,Satisfied
Case 346,1,¡,¥¥£¤,¢¥£¤,0.75,0.75,0.9,Satisfied
Case 3462,1,¡,¢¥£¤,¢¥£¤,1.0,1.0,0.9,Satisfied
Case 3465,1,¡,¢¥£¤,¢¥£¤,1.0,1.0,0.9,Satisfied
Case 3475,1,¡,¢¥£¤,¢¥£¤,1.0,1.0,0.9,Satisfied
Case 348,1,¡,¢¥£¤,¢¥£¤,1.0,1.0,0.9,Satisfied
Case 349,1,¡,¢¥£¤,¢¥£¤,1.0,1.0,0.9,Satisfied
Case 3498,1,¡,¢¥£¤,¢¥£¤,1.0,1.0,0.9,Satisfied
Case 3511,1,¡,¢¥£¤,¢¥£¤,1.0,1.0,0.9,Satisfied
Case 3516,1,¡,¢­¥£¤,¢¥£¤,0.8,0.8,0.9,Satisfied
Case 3517,1,¡,¢¥£¤,¢¥£¤,1.0,1.0,0.9,Satisfied
Case 3529,1,¡,¢¥£¤,¢¥£¤,1.0,1.0,0.9,Satisfied
Case 3530,1,¡,¢¥£¤,¢¥£¤,1.0,1.0,0.9,Satisfied
Case 3532,1,¡,¢¥£¤,¢¥£¤,1.0,1.0,0.9,Satisfied
Case 3535,1,¡,¢¥£¤,¢¥£¤,1.0,1.0,0.9,Satisfied
Case 3537,1,¡,¢¥£¤,¢¥£¤,1.0,1.0,0.9,Satisfied
Case 3539,1,¡,¢¥£¤,¢¥£¤,1.0,1.0,0.9,Satisfied
Case 3542,1,¡,¢¥£¤,¢¥£¤,1.0,1.0,0.9,Satisfied
Case 3543,1,¡,¢¥£¤,¢¥£¤,1.0,1.0,0.9,Satisfied
Case 3546,1,¡,¢¥£¤,¢¥£¤,1.0,1.0,0.9,Satisfied
Case 3551,1,¡,¢¥£¤,¢¥£¤,1.0,1.0,0.9,Satisfied
Case 3552,1,¡,¢¥£¤,¢¥£¤,1.0,1.0,0.9,Satisfied
Case 3562,1,¡,¢¥£¢¥£¤,¢¥£¤,0.5714285714285714,1.0,0.9,Satisfied
Case 3563,1,¡,¢¥£¤,¢¥£¤,1.0,1.0,0.9,Satisfied
Case 3565,1,¡,¢¥£¤,¢¥£¤,1.0,1.0,0.9,Satisfied
Case 3567,1,¡,¢¥£¤,¢¥£¤,1.0,1.0,0.9,Satisfied
Case 3569,1,¢,¥£¤,¥£¤,1.0,1.0,0.9,Satisfied
Case 3582,1,¡,¢¥£¤,¢¥£¤,1.0,1.0,0.9,Satisfied
Case 3583,1,¡,¢¥£¤,¢¥£¤,1.0,1.0,0.9,Satisfied
Case 3592,1,¡,¢¥£¤,¢¥£¤,1.0,1.0,0.9,Satisfied
Case 3599,1,¡,¢¥£¤,¢¥£¤,1.0,1.0,0.9,Satisfied
Case 3600,1,¡,¢¥£¤,¢¥£¤,1.0,1.0,0.9,Satisfied
Case 3601,1,¡,¢¥£¤,¢¥£¤,1.0,1.0,0.9,Satisfied
Case 361,1,¡,¢¥£¢¥£¤,¢¥£¤,0.5714285714285714,1.0,0.9,Satisfied
Case 3613,1,¡,¢­¥£¤,¢¥£¤,0.8,0.8,0.9,Satisfied
Case 3614,1,¡,¢¥£¤,¢¥£¤,1.0,1.0,0.9,Satisfied
Case 3634,1,¢,¥£¤,¥£¤,1.0,1.0,0.9,Satisfied
Case 3638,1,¡,¢¥£¤,¢¥£¤,1.0,1.0,0.9,Satisfied
Case 364,1,¡,¢¥£¤,¢¥£¤,1.0,1.0,0.9,Satisfied
Case 3641,1,¡,¢¥£¤,¢¥£¤,1.0,1.0,0.9,Satisfied
Case 3643,1,¡,¢¥£¤,¢¥£¤,1.0,1.0,0.9,Satisfied
Case 3645,1,¡,¢­¥£¤,¢¥£¤,0.8,0.8,0.9,Satisfied
Case 3653,1,¡,¢¥£¤,¢¥£¤,1.0,1.0,0.9,Satisfied
Case 3654,1,¡,¢¥£¤,¢¥£¤,1.0,1.0,0.9,Satisfied
Case 3656,1,¡,¢¥¥£¤,¢¥£¤,0.8,1.0,0.9,Satisfied
Case 3657,1,¡,¢¥£¤,¢¥£¤,1.0,1.0,0.9,Satisfied
Case 3662,1,¡,¢¥¥£¤,¢¥£¤,0.8,1.0,0.9,Satisfied
Case 3663,1,¡,¢¥£¤,¢¥£¤,1.0,1.0,0.9,Satisfied
Case 3666,1,¡,¢¥£¤,¢¥£¤,1.0,1.0,0.9,Satisfied
Case 3669,1,¡,¡¢¥¢­­£¤,¢¥£¤,0.5,0.6666666666666666,0.9,Satisfied
Case 367,1,¡,¥¥£¤,¢¥£¤,0.75,0.75,0.9,Satisfied
Case 3670,1,¡,¢¥£¤,¢¥£¤,1.0,1.0,0.9,Satisfied
Case 3673,1,¡,¢¥¢¥£¤,¢¥£¤,0.6666666666666667,1.0,0.9,Satisfied
Case 3674,1,¡,¢¥£¤,¢¥£¤,1.0,1.0,0.9,Satisfied
Case 3676,1,¡,¢¥£¥£¤,¢¥£¤,0.6666666666666667,1.0,0.9,Satisfied
Case 3678,1,¡,¢¥£¤,¢¥£¤,1.0,1.0,0.9,Satisfied
Case 3688,1,¡,¡¢¥£¤,¢¥£¤,0.8,0.8,0.9,Satisfied
Case 3692,1,¡,¥£¢¥£¤,¢¥£¤,0.6666666666666667,1.0,0.9,Satisfied
Case 3696,1,¡,¢¥£¤,¢¥£¤,1.0,1.0,0.9,Satisfied
Case 370,1,¡,¢¥£¤,¢¥£¤,1.0,1.0,0.9,Satisfied
Case 3705,1,¡,¢¥£¢¥£¤,¢¥£¤,0.5714285714285714,1.0,0.9,Satisfied
Case 3708,1,¡,¢¥£¤,¢¥£¤,1.0,1.0,0.9,Satisfied
Case 3738,1,¡,¢¥£¤,¢¥£¤,1.0,1.0,0.9,Satisfied
Case 374,1,¡,¢¥£¤,¢¥£¤,1.0,1.0,0.9,Satisfied
Case 3742,1,¡,¢¥£¤,¢¥£¤,1.0,1.0,0.9,Satisfied
Case 3745,1,¡,¢¥£¤,¢¥£¤,1.0,1.0,0.9,Satisfied
Case 3766,1,¡,¢¥£¤,¢¥£¤,1.0,1.0,0.9,Satisfied
Case 3770,1,¡,¢¥£¤,¢¥£¤,1.0,1.0,0.9,Satisfied
Case 3775,1,¡,¢¥£¤,¢¥£¤,1.0,1.0,0.9,Satisfied
Case 3776,1,¡,¡¢¥£¤,¢¥£¤,0.8,0.8,0.9,Satisfied
Case 378,1,¡,¢¥£¤,¢¥£¤,1.0,1.0,0.9,Satisfied
Case 3787,1,¡,¢¥¢£¤,¢¥£¤,0.8,1.0,0.9,Satisfied
Case 3798,1,¡,¢¥£¤,¢¥£¤,1.0,1.0,0.9,Satisfied
Case 380,1,¡,¥£¤,¢¥£¤,0.75,0.75,0.9,Satisfied
Case 3802,1,§,¡¥£¤,¡¢¥£¤,0.8,0.8,0.9,Satisfied
Case 3818,1,¡,¢¥£¤,¢¥£¤,1.0,1.0,0.9,Satisfied
Case 3819,1,¡,¢¥£¤,¢¥£¤,1.0,1.0,0.9,Satisfied
Case 382,1,¡,¢¥¢­£,¢¥£¤,0.4,0.6,0.9,Satisfied
Case 3822,1,¡,¢¥£¤,¢¥£¤,1.0,1.0,0.9,Satisfied
Case 383,1,§,¥¥,¡¢¥£¤,0.19999999999999996,0.19999999999999996,0.9,Satisfied
Case 3832,1,¡,¢¥¥£¢¥£¤,¢¥£¤,0.5,1.0,0.9,Satisfied
Case 384,1,¡,¢¥£¤,¢¥£¤,1.0,1.0,0.9,Satisfied
Case 3844,1,¡,¢¥£¤,¢¥£¤,1.0,1.0,0.9,Satisfied
Case 3857,1,¡,¢¥£¤,¢¥£¤,1.0,1.0,0.9,Satisfied
Case 3864,1,¡,¢¥£¤,¢¥£¤,1.0,1.0,0.9,Satisfied
Case 3865,1,¡,¢­¥£¤,¢¥£¤,0.8,0.8,0.9,Satisfied
Case 3877,1,¡,¢¥£¤,¢¥£¤,1.0,1.0,0.9,Satisfied
Case 3880,1,¡,¥£¤,¢¥£¤,0.75,0.75,0.9,Satisfied
Case 3884,1,¡,¢¥¢£¤,¢¥£¤,0.8,1.0,0.9,Satisfied
Case 3885,1,¡,¢¥£¤,¢¥£¤,1.0,1.0,0.9,Satisfied
Case 3888,1,¡,¥£¤,¢¥£¤,0.75,0.75,0.9,Satisfied
Case 3890,1,¡,¢¥£¤,¢¥£¤,1.0,1.0,0.9,Satisfied
Case 3896,1,¡,¢¥£¤,¢¥£¤,1.0,1.0,0.9,Satisfied
Case 3898,1,¡,¢¥£¤,¢¥£¤,1.0,1.0,0.9,Satisfied
Case 3899,1,¡,¢¥£¤,¢¥£¤,1.0,1.0,0.9,Satisfied
Case 39,1,¡,¢¥£¤,¢¥£¤,1.0,1.0,0.9,Satisfied
Case 3905,1,¡,¢¥£¤,¢¥£¤,1.0,1.0,0.9,Satisfied
Case 3912,1,¡,¢¥£¤,¢¥£¤,1.0,1.0,0.9,Satisfied
Case 3913,1,¡,¥£¤,¢¥£¤,0.75,0.75,0.9,Satisfied
Case 3928,1,¡,¢¥£¤,¢¥£¤,1.0,1.0,0.9,Satisfied
Case 3930,1,¡,¢¥£¤,¢¥£¤,1.0,1.0,0.9,Satisfied
Case 3933,1,¡,¢¥£¤,¢¥£¤,1.0,1.0,0.9,Satisfied
Case 3943,1,¡,¢¥£¤,¢¥£¤,1.0,1.0,0.9,Satisfied
Case 3946,1,¡,¢¥£¤,¢¥£¤,1.0,1.0,0.9,Satisfied
Case 3957,1,¡,¢¢¥£¤,¢¥£¤,0.8,1.0,0.9,Satisfied
Case 3963,1,¡,¢­­¥£¥£¤,¢¥£¤,0.5,0.8,0.9,Satisfied
Case 397,1,¡,¢¥£¤,¢¥£¤,1.0,1.0,0.9,Satisfied
Case 3974,1,¡,¢¥£¤,¢¥£¤,1.0,1.0,0.9,Satisfied
Case 3976,1,¡,¢¥£¤,¢¥£¤,1.0,1.0,0.9,Satisfied
Case 3983,1,¡,¢¥£¤,¢¥£¤,1.0,1.0,0.9,Satisfied
Case 399,1,¡,¢¥£¤,¢¥£¤,1.0,1.0,0.9,Satisfied
Case 3992,1,¡,¢­£¤,¢¥£¤,0.75,0.6,0.9,Satisfied
Case 40,1,¡,¢£¤,¢¥£¤,0.75,0.75,0.9,Satisfied
Case 4004,1,¢,££¤,¥£¤,0.6666666666666667,0.6666666666666666,0.9,Satisfied
Case 4006,1,¡,¢¥¢¥£¤,¢¥£¤,0.6666666666666667,1.0,0.9,Satisfied
Case 4009,1,¡,¢¥£¤,¢¥£¤,1.0,1.0,0.9,Satisfied
Case 4017,1,¡,¢¥£¤,¢¥£¤,1.0,1.0,0.9,Satisfied
Case 402,1,¡,¢£¤,¢¥£¤,0.75,0.75,0.9,Satisfied
Case 4026,1,¡,¢¥¦­£¤,¢¥£¤,0.6666666666666667,0.6666666666666666,0.9,Satisfied
Case 4030,1,¡,¢£¤,¢¥£¤,0.75,0.75,0.9,Satisfied
Case 4031,1,¡,££¤,¢¥£¤,0.5,0.5,0.9,Satisfied
Case 4032,1,¡,¥£¤,¢¥£¤,0.75,0.75,0.9,Satisfied
Case 4037,1,¡,¢£¤,¢¥£¤,0.75,0.75,0.9,Satisfied
Case 4048,1,¡,¢£¤,¢¥£¤,0.75,0.75,0.9,Satisfied
Case 4054,1,¡,¢£¤,¢¥£¤,0.75,0.75,0.9,Satisfied
Case 4067,1,¡,¢£¤,¢¥£¤,0.75,0.75,0.9,Satisfied
Case 4068,1,¡,¢£¤,¢¥£¤,0.75,0.75,0.9,Satisfied
Case 4069,1,¡,¢£¤,¢¥£¤,0.75,0.75,0.9,Satisfied
Case 407,1,¡,¢¥£¤,¢¥£¤,1.0,1.0,0.9,Satisfied
Case 4073,1,¡,¢¥£¤,¢¥£¤,1.0,1.0,0.9,Satisfied
Case 4074,1,¡,¢¥£¤,¢¥£¤,1.0,1.0,0.9,Satisfied
Case 408,1,¡,¡¢¥£¤,¢¥£¤,0.8,0.8,0.9,Satisfied
Case 4082,1,¡,¢­£¤,¢¥£¤,0.75,0.6,0.9,Satisfied
Case 4084,1,¡,¢¥£¤,¢¥£¤,1.0,1.0,0.9,Satisfied
Case 4106,1,¡,¢£¤,¢¥£¤,0.75,0.75,0.9,Satisfied
Case 4107,1,¡,¢¥¥£¤,¢¥£¤,0.8,1.0,0.9,Satisfied
Case 412,1,¡,¢¥£¤,¢¥£¤,1.0,1.0,0.9,Satisfied
Case 4127,1,¡,¢£¤,¢¥£¤,0.75,0.75,0.9,Satisfied
Case 414,1,¡,¡¢£¤,¢¥£¤,0.5,0.6,0.9,Satisfied
Case 4145,1,¡,¢£¤,¢¥£¤,0.75,0.75,0.9,Satisfied
Case 4147,1,¡,¢¥£¤,¢¥£¤,1.0,1.0,0.9,Satisfied
Case 4149,1,¡,¢¥£¤,¢¥£¤,1.0,1.0,0.9,Satisfied
Case 4154,1,¡,¢£¤,¢¥£¤,0.75,0.75,0.9,Satisfied
Case 4156,1,¡,¢¥£¤,¢¥£¤,1.0,1.0,0.9,Satisfied
Case 4160,1,¡,¢£¤,¢¥£¤,0.75,0.75,0.9,Satisfied
Case 4161,1,¡,¢£¤,¢¥£¤,0.75,0.75,0.9,Satisfied
Case 4162,1,¡,¢£¤,¢¥£¤,0.75,0.75,0.9,Satisfied
Case 4165,1,¡,¡¢¥£¤,¢¥£¤,0.8,0.8,0.9,Satisfied
Case 4172,1,¡,¢¥£¤,¢¥£¤,1.0,1.0,0.9,Satisfied
Case 4183,1,¡,­£¤,¢¥£¤,0.5,0.4,0.9,Satisfied
Case 4185,1,¡,¢­£¤,¢¥£¤,0.75,0.6,0.9,Satisfied
Case 4187,1,¡,¢¥¢¥,¢¥£¤,0.5,0.5,0.9,Satisfied
Case 4194,1,¡,¢£¤,¢¥£¤,0.75,0.75,0.9,Satisfied
Case 4197,1,¡,¡¡¢£¤,¢¥£¤,0.4,0.6,0.9,Satisfied
Case 4206,1,¡,¢£¤,¢¥£¤,0.75,0.75,0.9,Satisfied
Case 421,1,¡,¢£¤,¢¥£¤,0.75,0.75,0.9,Satisfied
Case 4212,1,¡,¢£¤,¢¥£¤,0.75,0.75,0.9,Satisfied
Case 4241,1,¡,¢£¤,¢¥£¤,0.75,0.75,0.9,Satisfied
Case 4248,1,¡,£¤,¢¥£¤,0.5,0.5,0.9,Satisfied
Case 4255,1,¡,¢££¤,¢¥£¤,0.75,0.75,0.9,Satisfied
Case 4257,1,¡,¢¥£¤,¢¥£¤,1.0,1.0,0.9,Satisfied
Case 4259,1,¡,¢¢£¤,¢¥£¤,0.75,0.75,0.9,Satisfied
Case 4268,1,¢,¥£¤,¥£¤,1.0,1.0,0.9,Satisfied
Case 4269,1,¡,¢¥£¤,¢¥£¤,1.0,1.0,0.9,Satisfied
Case 427,1,¡,¢£¤,¢¥£¤,0.75,0.75,0.9,Satisfied
Case 4282,1,¡,¢£¤,¢¥£¤,0.75,0.75,0.9,Satisfied
Case 4300,1,¡,¢¥¥£¤,¢¥£¤,0.8,1.0,0.9,Satisfied
Case 4301,1,¡,¢¥£¤,¢¥£¤,1.0,1.0,0.9,Satisfied
Case 4324,1,¡,¢£¤,¢¥£¤,0.75,0.75,0.9,Satisfied
Case 4325,1,¡,¢£¤,¢¥£¤,0.75,0.75,0.9,Satisfied
Case 4326,1,¡,¢¥£¤,¢¥£¤,1.0,1.0,0.9,Satisfied
Case 433,1,¡,¢¥¥£¤,¢¥£¤,0.8,1.0,0.9,Satisfied
Case 4332,1,¡,¢£¤,¢¥£¤,0.75,0.75,0.9,Satisfied
Case 4337,1,¡,¢¥£¤,¢¥£¤,1.0,1.0,0.9,Satisfied
Case 4338,1,¡,¢¥¢¥£¤,¢¥£¤,0.6666666666666667,1.0,0.9,Satisfied
Case 4348,1,¡,¢­£¤,¢¥£¤,0.75,0.6,0.9,Satisfied
Case 435,1,¡,¢­£¤,¢¥£¤,0.75,0.6,0.9,Satisfied
Case 4351,1,¡,¢¥£¤,¢¥£¤,1.0,1.0,0.9,Satisfied
Case 4352,1,¡,¢¥£¤,¢¥£¤,1.0,1.0,0.9,Satisfied
Case 4353,1,¡,¢¢¥¥£¤,¢¥£¤,0.6666666666666667,1.0,0.9,Satisfied
Case 4354,1,¡,¢­£,¢¥£¤,0.5,0.4,0.9,Satisfied
Case 4355,1,¡,¢£¤,¢¥£¤,0.75,0.75,0.9,Satisfied
Case 4359,1,¡,¢¥£¤,¢¥£¤,1.0,1.0,0.9,Satisfied
Case 4361,1,¡,¢­£¤,¢¥£¤,0.75,0.6,0.9,Satisfied
Case 4365,1,¡,¢¥£¤,¢¥£¤,1.0,1.0,0.9,Satisfied
Case 4369,1,¡,¢¥£¤,¢¥£¤,1.0,1.0,0.9,Satisfied
Case 4370,1,§,¥¥,¡¢¥£¤,0.19999999999999996,0.19999999999999996,0.9,Satisfied
Case 4371,1,¡,££¤,¢¥£¤,0.5,0.5,0.9,Satisfied
Case 438,1,¡,¢­¥£¤,¢¥£¤,0.8,0.8,0.9,Satisfied
Case 4383,1,¡,¢£¤,¢¥£¤,0.75,0.75,0.9,Satisfied
Case 4385,1,¡,¡¢£¤,¢¥£¤,0.5,0.6,0.9,Satisfied
Case 4389,1,¡,¢­£¤,¢¥£¤,0.75,0.6,0.9,Satisfied
Case 4394,1,¡,¢£¤,¢¥£¤,0.75,0.75,0.9,Satisfied
Case 4396,1,¡,¢£¤,¢¥£¤,0.75,0.75,0.9,Satisfied
Case 4398,1,¡,¢¥¢¥£¤,¢¥£¤,0.6666666666666667,1.0,0.9,Satisfied
Case 4407,1,¡,¢¥£¤,¢¥£¤,1.0,1.0,0.9,Satisfied
Case 441,1,¢,££¤,¥£¤,0.6666666666666667,0.6666666666666666,0.9,Satisfied
Case 4410,1,¡,¢¥¢£¤,¢¥£¤,0.8,1.0,0.9,Satisfied
Case 4415,1,¡,¢£¤,¢¥£¤,0.75,0.75,0.9,Satisfied
Case 4417,1,¡,¥££¤,¢¥£¤,0.5,0.75,0.9,Satisfied
Case 4419,1,¡,¥£¤,¢¥£¤,0.75,0.75,0.9,Satisfied
Case 4421,1,¡,¢¥£¤,¢¥£¤,1.0,1.0,0.9,Satisfied
Case 4422,1,¡,¢£¤,¢¥£¤,0.75,0.75,0.9,Satisfied
Case 4423,1,¡,¡¢£¤,¢¥£¤,0.5,0.6,0.9,Satisfied
Case 4424,1,¡,¢¥£¤,¢¥£¤,1.0,1.0,0.9,Satisfied
Case 4426,1,¡,¢¥£¤,¢¥£¤,1.0,1.0,0.9,Satisfied
Case 4431,1,¡,¢¥£¤,¢¥£¤,1.0,1.0,0.9,Satisfied
Case 4456,1,¡,¢¥£¤,¢¥£¤,1.0,1.0,0.9,Satisfied
Case 446,1,¡,¢¥£¤,¢¥£¤,1.0,1.0,0.9,Satisfied
Case 4463,1,¡,¢¦¦¬¬­¦£,¢¥£¤,0.125,0.2857142857142857,0.9,Satisfied
Case 4465,1,¡,¢¥£¤,¢¥£¤,1.0,1.0,0.9,Satisfied
Case 4469,1,¡,¢£¤,¢¥£¤,0.75,0.75,0.9,Satisfied
Case 447,1,¡,£¤,¢¥£¤,0.5,0.5,0.9,Satisfied
Case 4478,1,¡,¢¥¢£¤,¢¥£¤,0.8,1.0,0.9,Satisfied
Case 4485,1,¡,¢¥£¤,¢¥£¤,1.0,1.0,0.9,Satisfied
Case 4487,1,¡,¢£¤,¢¥£¤,0.75,0.75,0.9,Satisfied
Case 4501,1,¢,¥¢¥£¤,¥£¤,0.6,0.75,0.9,Satisfied
Case 4506,1,¡,¢¥£¤,¢¥£¤,1.0,1.0,0.9,Satisfied
Case 4511,1,¡,¢­££¤,¢¥£¤,0.6,0.6,0.9,Satisfied
Case 4530,1,¡,¡£¤,¢¥£¤,0.5,0.4,0.9,Satisfied
Case 4532,1,¡,£¤,¢¥£¤,0.5,0.5,0.9,Satisfied
Case 4535,1,¡,¢£¤,¢¥£¤,0.75,0.75,0.9,Satisfied
Case 4537,1,¡,¢£¤,¢¥£¤,0.75,0.75,0.9,Satisfied
Case 4544,1,¡,¢£,¢¥£¤,0.5,0.5,0.9,Satisfied
Case 4558,1,¡,¢¥£¤,¢¥£¤,1.0,1.0,0.9,Satisfied
Case 456,1,¡,¢£¤,¢¥£¤,0.75,0.75,0.9,Satisfied
Case 4563,1,¡,¢¥£¤,¢¥£¤,1.0,1.0,0.9,Satisfied
Case 4575,1,¡,¢¥£¤,¢¥£¤,1.0,1.0,0.9,Satisfied
Case 46,1,¡,¢¢¥£¤,¢¥£¤,0.8,1.0,0.9,Satisfied
Case 467,1,¡,¢¥¢­£¤,¢¥£¤,0.6666666666666667,0.8,0.9,Satisfied
Case 470,1,¡,¢¥£¤,¢¥£¤,1.0,1.0,0.9,Satisfied
Case 474,1,¡,¡¡¢¥£¤,¢¥£¤,0.6666666666666667,0.8,0.9,Satisfied
Case 478,1,¡,¡¢¥£¤,¢¥£¤,0.8,0.8,0.9,Satisfied
Case 480,1,¡,¢£¤,¢¥£¤,0.75,0.75,0.9,Satisfied
Case 483,1,¡,¢£¤,¢¥£¤,0.75,0.75,0.9,Satisfied
Case 484,1,¡,¢¥£¤,¢¥£¤,1.0,1.0,0.9,Satisfied
Case 487,1,¡,¢£¤,¢¥£¤,0.75,0.75,0.9,Satisfied
Case 496,1,¡,¢¥£¤,¢¥£¤,1.0,1.0,0.9,Satisfied
Case 498,1,¡,¢££¤,¢¥£¤,0.75,0.75,0.9,Satisfied
Case 502,1,¡,¢£¤,¢¥£¤,0.75,0.75,0.9,Satisfied
Case 503,1,¡,¢¦­£¤,¢¥£¤,0.6,0.5,0.9,Satisfied
Case 504,1,¡,¢¥£¤,¢¥£¤,1.0,1.0,0.9,Satisfied
Case 506,1,¡,¢­£¤,¢¥£¤,0.75,0.6,0.9,Satisfied
Case 507,1,¡,¢£¤,¢¥£¤,0.75,0.75,0.9,Satisfied
Case 520,1,¡,¢££¤,¢¥£¤,0.75,0.75,0.9,Satisfied
Case 523,1,¢,¥£¤,¥£¤,1.0,1.0,0.9,Satisfied
Case 525,1,¡,¡¢¥¥,¢¥£¤,0.25,0.4,0.9,Satisfied
Case 527,1,¡,¥¡¡¢£¤,¢¥£¤,0.5,0.8,0.9,Satisfied
Case 529,1,¡,¥¥£¤,¢¥£¤,0.75,0.75,0.9,Satisfied
Case 530,1,¡,¢¥¥¥£¤,¢¥£¤,0.6666666666666667,1.0,0.9,Satisfied
Case 532,1,¡,¢£¢¥£¤,¢¥£¤,0.6666666666666667,1.0,0.9,Satisfied
Case 533,1,¡,¢£¤,¢¥£¤,0.75,0.75,0.9,Satisfied
Case 54,1,¡,¢£¤,¢¥£¤,0.75,0.75,0.9,Satisfied
Case 553,1,¡,¢¥£¤,¢¥£¤,1.0,1.0,0.9,Satisfied
Case 554,1,¡,£¤,¢¥£¤,0.5,0.5,0.9,Satisfied
Case 557,1,¢,£¤,¥£¤,0.6666666666666667,0.6666666666666666,0.9,Satisfied
Case 558,1,¡,¢¢£¤,¢¥£¤,0.75,0.75,0.9,Satisfied
Case 559,1,¡,¢¥£¤,¢¥£¤,1.0,1.0,0.9,Satisfied
Case 566,1,¡,¢¥¢¥£¤,¢¥£¤,0.6666666666666667,1.0,0.9,Satisfied
Case 575,1,¡,¢¥£¤,¢¥£¤,1.0,1.0,0.9,Satisfied
Case 58,1,¡,¦­£¤,¢¥£¤,0.5,0.33333333333333326,0.9,Satisfied
Case 593,1,¡,¢£¤,¢¥£¤,0.75,0.75,0.9,Satisfied
Case 594,1,¡,¢£¤,¢¥£¤,0.75,0.75,0.9,Satisfied
Case 595,1,¡,¢¥£¤,¢¥£¤,1.0,1.0,0.9,Satisfied
Case 603,1,¡,¢££¤,¢¥£¤,0.75,0.75,0.9,Satisfied
Case 606,1,¡,¢£¤,¢¥£¤,0.75,0.75,0.9,Satisfied
Case 622,1,¡,¢¦£¤,¢¥£¤,0.75,0.6,0.9,Satisfied
Case 624,1,¡,¢¥£¤,¢¥£¤,1.0,1.0,0.9,Satisfied
Case 626,1,¡,¢¥£¤,¢¥£¤,1.0,1.0,0.9,Satisfied
Case 63,1,¡,¢£¤,¢¥£¤,0.75,0.75,0.9,Satisfied
Case 630,1,¡,¢£¤,¢¥£¤,0.75,0.75,0.9,Satisfied
Case 631,1,¢,¥¢¥£¤,¥£¤,0.6,0.75,0.9,Satisfied
Case 638,1,¡,¢¥¢¥£¤,¢¥£¤,0.6666666666666667,1.0,0.9,Satisfied
Case 639,1,¡,¢¥£¤,¢¥£¤,1.0,1.0,0.9,Satisfied
Case 645,1,¡,¢£¤,¢¥£¤,0.75,0.75,0.9,Satisfied
Case 65,1,¡,¢¥£¤,¢¥£¤,1.0,1.0,0.9,Satisfied
Case 656,1,¡,¢¥££¤,¢¥£¤,0.8,1.0,0.9,Satisfied
Case 664,1,¡,¢¥£¤,¢¥£¤,1.0,1.0,0.9,Satisfied
Case 676,1,¢,¥£¤,¥£¤,1.0,1.0,0.9,Satisfied
Case 679,1,¡,¢£¤,¢¥£¤,0.75,0.75,0.9,Satisfied
Case 685,1,¢,¥£¤,¥£¤,1.0,1.0,0.9,Satisfied
Case 69,1,¡,¢£¤,¢¥£¤,0.75,0.75,0.9,Satisfied
Case 691,1,¡,¢£¤,¢¥£¤,0.75,0.75,0.9,Satisfied
Case 696,1,¡,¢£¤,¢¥£¤,0.75,0.75,0.9,Satisfied
Case 7,1,¡,¡¡¢£¤,¢¥£¤,0.4,0.6,0.9,Satisfied
Case 701,1,¡,¢£¤,¢¥£¤,0.75,0.75,0.9,Satisfied
Case 708,1,¡,¢¥£¤,¢¥£¤,1.0,1.0,0.9,Satisfied
Case 728,1,¡,¢£¤,¢¥£¤,0.75,0.75,0.9,Satisfied
Case 73,1,¡,£¤,¢¥£¤,0.5,0.5,0.9,Satisfied
Case 732,1,¡,¦¢¦­®«£¤,¢¥£¤,0.375,0.375,0.9,Satisfied
Case 747,1,¡,¢¥£¤,¢¥£¤,1.0,1.0,0.9,Satisfied
Case 755,1,¡,¢£¤,¢¥£¤,0.75,0.75,0.9,Satisfied
Case 757,1,¡,¢­¥£¤,¢¥£¤,0.8,0.8,0.9,Satisfied
Case 769,1,¡,¢£¤,¢¥£¤,0.75,0.75,0.9,Satisfied
Case 77,1,¡,¢¥£¤,¢¥£¤,1.0,1.0,0.9,Satisfied
Case 775,1,¡,¢¥£¤,¢¥£¤,1.0,1.0,0.9,Satisfied
Case 780,1,¡,¢¥£¤,¢¥£¤,1.0,1.0,0.9,Satisfied
Case 782,1,¡,¢¥£¤,¢¥£¤,1.0,1.0,0.9,Satisfied
Case 79,1,¡,¢¥¥£¤,¢¥£¤,0.8,1.0,0.9,Satisfied
Case 80,1,¡,¢£¤,¢¥£¤,0.75,0.75,0.9,Satisfied
Case 805,1,¡,¢¥£¤,¢¥£¤,1.0,1.0,0.9,Satisfied
Case 807,1,¡,­£¤,¢¥£¤,0.5,0.4,0.9,Satisfied
Case 809,1,¡,¢¥£¤,¢¥£¤,1.0,1.0,0.9,Satisfied
Case 82,1,¡,¢¥£¤,¢¥£¤,1.0,1.0,0.9,Satisfied
Case 821,1,¡,¢£¤,¢¥£¤,0.75,0.75,0.9,Satisfied
Case 824,1,¡,¢£¤,¢¥£¤,0.75,0.75,0.9,Satisfied
Case 825,1,¡,¢£¤,¢¥£¤,0.75,0.75,0.9,Satisfied
Case 826,1,¡,¢¥£¤,¢¥£¤,1.0,1.0,0.9,Satisfied
Case 829,1,¡,¢£¤,¢¥£¤,0.75,0.75,0.9,Satisfied
Case 83,1,¡,¢¥£¤,¢¥£¤,1.0,1.0,0.9,Satisfied
Case 831,1,¡,¢¥£¤,¢¥£¤,1.0,1.0,0.9,Satisfied
Case 839,1,¢,¥£¤,¥£¤,1.0,1.0,0.9,Satisfied
Case 841,1,¡,¢£¤,¢¥£¤,0.75,0.75,0.9,Satisfied
Case 845,1,¡,¢¥£¤,¢¥£¤,1.0,1.0,0.9,Satisfied
Case 849,1,¡,¢£¤,¢¥£¤,0.75,0.75,0.9,Satisfied
Case 856,1,¡,¢¥£¤,¢¥£¤,1.0,1.0,0.9,Satisfied
Case 868,1,¡,¢¦£¤,¢¥£¤,0.75,0.6,0.9,Satisfied
Case 875,1,¡,¢£¤,¢¥£¤,0.75,0.75,0.9,Satisfied
Case 876,1,¡,¢¥£¤,¢¥£¤,1.0,1.0,0.9,Satisfied
Case 881,1,¡,¢¥£¤,¢¥£¤,1.0,1.0,0.9,Satisfied
Case 89,1,¡,¢£¤,¢¥£¤,0.75,0.75,0.9,Satisfied
Case 894,1,¡,¢¥¥£¤,¢¥£¤,0.8,1.0,0.9,Satisfied
Case 901,1,¡,££¤,¢¥£¤,0.5,0.5,0.9,Satisfied
Case 906,1,¡,¢£¤,¢¥£¤,0.75,0.75,0.9,Satisfied
Case 910,1,¡,¢£¤,¢¥£¤,0.75,0.75,0.9,Satisfied
Case 911,1,¡,¢¢£¤,¢¥£¤,0.75,0.75,0.9,Satisfied
Case 930,1,¡,¢£¤,¢¥£¤,0.75,0.75,0.9,Satisfied
Case 939,1,¡,¢¥¥£¤,¢¥£¤,0.8,1.0,0.9,Satisfied
Case 949,1,¡,¢£¤,¢¥£¤,0.75,0.75,0.9,Satisfied
Case 951,1,¡,¢¥£¤,¢¥£¤,1.0,1.0,0.9,Satisfied
Case 954,1,¡,¢£¤,¢¥£¤,0.75,0.75,0.9,Satisfied
Case 959,1,¡,¢£¤,¢¥£¤,0.75,0.75,0.9,Satisfied
Case 961,1,¡,¢¥£¤,¢¥£¤,1.0,1.0,0.9,Satisfied
Case 962,1,¡,¢£¤,¢¥£¤,0.75,0.75,0.9,Satisfied
Case 963,1,¡,¢£¤,¢¥£¤,0.75,0.75,0.9,Satisfied
Case 964,1,¡,¢£¤,¢¥£¤,0.75,0.75,0.9,Satisfied
Case 97,1,¡,¢£¤,¢¥£¤,0.75,0.75,0.9,Satisfied
Case 979,1,¡,¢£¤,¢¥£¤,0.75,0.75,0.9,Satisfied
Case 980,1,¡,¡£¤,¢¥£¤,0.5,0.4,0.9,Satisfied
Case 984,1,¢,£¤,¥£¤,0.6666666666666667,0.6666666666666666,0.9,Satisfied
Case 986,1,¡,¢¥£¤,¢¥£¤,1.0,1.0,0.9,Satisfied
Case 988,1,¡,¢¥£¤,¢¥£¤,1.0,1.0,0.9,Satisfied
Case 989,1,¡,¢¥£¤,¢¥£¤,1.0,1.0,0.9,Satisfied
Case 998,1,¡,¢¥£¤,¢¥£¤,1.0,1.0,0.9,Satisfied
Case 999,1,¡,¢£¤,¢¥£¤,0.75,0.75,0.9,Satisfied
Case 1,2,¡¢,¢¥£¤,¥£¤,0.75,0.75,0.5,Satisfied
Case 100,2,¡¢,­¥£¤,¥£¤,0.75,0.75,0.5,Satisfied
Case 1001,2,¡¢,¥£¤,¥£¤,1.0,1.0,0.5,Satisfied
Case 1007,2,¡¢,¥£¤,¥£¤,1.0,1.0,0.5,Satisfied
Case 1010,2,¡¢,­¥£¤,¥£¤,0.75,0.75,0.5,Satisfied
Case 1017,2,¡¢,¥£¥£¤,¥£¤,0.6,1.0,0.5,Satisfied
Case 1019,2,¡¢,¥£¤,¥£¤,1.0,1.0,0.5,Satisfied
Case 1023,2,¡¥,£¥£¤,£¤,0.5,0.6666666666666666,0.5,Satisfied
Case 1026,2,¡¢,­¥£¤,¥£¤,0.75,0.75,0.5,Satisfied
Case 1027,2,¡¢,¥£¤,¥£¤,1.0,1.0,0.5,Satisfied
Case 1043,2,¡¢,¥£¤,¥£¤,1.0,1.0,0.5,Satisfied
Case 105,2,¡¢,¥£¤,¥£¤,1.0,1.0,0.5,Satisfied
Case 1054,2,¡¢,¥£¤,¥£¤,1.0,1.0,0.5,Satisfied
Case 1057,2,¡¢,­¥£¤,¥£¤,0.75,0.75,0.5,Satisfied
Case 106,2,¡¥,£¤,£¤,1.0,1.0,0.5,Satisfied
Case 107,2,¡¢,¥£¤,¥£¤,1.0,1.0,0.5,Satisfied
Case 1070,2,¡¢,¥£¢¥£¤,¥£¤,0.5,0.75,0.5,Satisfied
Case 1075,2,¡¢,¥£¤,¥£¤,1.0,1.0,0.5,Satisfied
Case 1079,2,¡¢,¥¥£¤,¥£¤,0.75,1.0,0.5,Satisfied
Case 1087,2,¡¢,¥£¢¥£¤,¥£¤,0.5,0.75,0.5,Satisfied
Case 1088,2,¡¥,£¥£¤,£¤,0.5,0.6666666666666666,0.5,Satisfied
Case 1096,2,¡¢,¥£¤,¥£¤,1.0,1.0,0.5,Satisfied
Case 1101,2,¡¢,¥£¤,¥£¤,1.0,1.0,0.5,Satisfied
Case 1102,2,¡¢,¥£¥£¤,¥£¤,0.6,1.0,0.5,Satisfied
Case 1104,2,¡¢,¥£¤,¥£¤,1.0,1.0,0.5,Satisfied
Case 1109,2,¡¢,¥£¤,¥£¤,1.0,1.0,0.5,Satisfied
Case 1110,2,¡¢,¥£¤,¥£¤,1.0,1.0,0.5,Satisfied
Case 1111,2,¡¢,¥¢£¤,¥£¤,0.75,0.75,0.5,Satisfied
Case 1112,2,¡¢,¥¥£¤,¥£¤,0.75,1.0,0.5,Satisfied
Case 1113,2,¡¢,¥£¤,¥£¤,1.0,1.0,0.5,Satisfied
Case 1116,2,¡¢,¥£¤,¥£¤,1.0,1.0,0.5,Satisfied
Case 1122,2,¡¢,¥£¤,¥£¤,1.0,1.0,0.5,Satisfied
Case 1124,2,¡¢,¥£¤,¥£¤,1.0,1.0,0.5,Satisfied
Case 1129,2,¡¢,¥¢£¤,¥£¤,0.75,0.75,0.5,Satisfied
Case 114,2,¡¢,¥¢¥£¤,¥£¤,0.6,0.75,0.5,Satisfied
Case 1142,2,¡¢,¥­¥£¤,¥£¤,0.6,0.75,0.5,Satisfied
Case 1144,2,¡¥,£¢­¥£¤,£¤,0.33333333333333337,0.4,0.5,Satisfied
Case 1145,2,¡¢,¥£¤,¥£¤,1.0,1.0,0.5,Satisfied
Case 115,2,¡¢,¥¥£¤,¥£¤,0.75,1.0,0.5,Satisfied
Case 1156,2,¡¢,¥£¤,¥£¤,1.0,1.0,0.5,Satisfied
Case 1159,2,¡¢,¥£¤,¥£¤,1.0,1.0,0.5,Satisfied
Case 1164,2,¡¢,¥£¤,¥£¤,1.0,1.0,0.5,Satisfied
Case 1169,2,¡¥,£¤,£¤,1.0,1.0,0.5,Satisfied
Case 1176,2,¡¢,¥£¤,¥£¤,1.0,1.0,0.5,Satisfied
Case 1179,2,¡¢,¥£¤,¥£¤,1.0,1.0,0.5,Satisfied
Case 1185,2,¡¢,¥£¤,¥£¤,1.0,1.0,0.5,Satisfied
Case 1193,2,¡¢,¥£¤,¥£¤,1.0,1.0,0.5,Satisfied
Case 12,2,¡¢,¥£¤,¥£¤,1.0,1.0,0.5,Satisfied
Case 1210,2,¡¥,£¤,£¤,1.0,1.0,0.5,Satisfied
Case 1221,2,¡¢,¥£¤,¥£¤,1.0,1.0,0.5,Satisfied
Case 1235,2,¡¢,¥¥£¤,¥£¤,0.75,1.0,0.5,Satisfied
Case 1238,2,¡¢,¥­£¤,¥£¤,0.75,0.75,0.5,Satisfied
Case 1239,2,¡¢,¥£¤,¥£¤,1.0,1.0,0.5,Satisfied
Case 1246,2,¡¢,¥£¤,¥£¤,1.0,1.0,0.5,Satisfied
Case 1249,2,§¥,¥¥¥,£¤,0.0,0.0,0.5,Satisfied
Case 1250,2,¢¥,£¢¥£¤,£¤,0.4,0.5,0.5,Satisfied
Case 1254,2,¡¡,¥¥£¤,¢£¤,0.5,0.5,0.5,Satisfied
Case 1261,2,¢¢,¥£¤,£¤,0.6666666666666667,0.6666666666666666,0.5,Satisfied
Case 1269,2,¡¢,¢¥£¤,¥£¤,0.75,0.75,0.5,Satisfied
Case 1272,2,¡¢,¥£¤,¥£¤,1.0,1.0,0.5,Satisfied
Case 1275,2,¡¢,¥£¤,¥£¤,1.0,1.0,0.5,Satisfied
Case 129,2,¡¥,£¤,£¤,1.0,1.0,0.5,Satisfied
Case 1290,2,¡¢,¥£¤,¥£¤,1.0,1.0,0.5,Satisfied
Case 1292,2,¡¢,¥£¤,¥£¤,1.0,1.0,0.5,Satisfied
Case 1299,2,¡¢,¥£¤,¥£¤,1.0,1.0,0.5,Satisfied
Case 13,2,¡¢,¥£¤,¥£¤,1.0,1.0,0.5,Satisfied
Case 1301,2,¡¢,¥£¤,¥£¤,1.0,1.0,0.5,Satisfied
Case 1303,2,¡¢,­¥£¤,¥£¤,0.75,0.75,0.5,Satisfied
Case 1304,2,¡¢,¥£¤,¥£¤,1.0,1.0,0.5,Satisfied
Case 1305,2,¡¢,¥£¤,¥£¤,1.0,1.0,0.5,Satisfied
Case 1309,2,¡¥,£¤,£¤,1.0,1.0,0.5,Satisfied
Case 131,2,¡¢,¥£¤,¥£¤,1.0,1.0,0.5,Satisfied
Case 1313,2,¡¢,¥£¤,¥£¤,1.0,1.0,0.5,Satisfied
Case 1314,2,¡¢,¦¥£¤,¥£¤,0.75,0.75,0.5,Satisfied
Case 1315,2,¡¢,¥£¤,¥£¤,1.0,1.0,0.5,Satisfied
Case 1318,2,¡¢,­¥£¤,¥£¤,0.75,0.75,0.5,Satisfied
Case 1319,2,¡¢,¥£¤,¥£¤,1.0,1.0,0.5,Satisfied
Case 1323,2,¡¢,¥£¤,¥£¤,1.0,1.0,0.5,Satisfied
Case 1327,2,¡¥,£¤,£¤,1.0,1.0,0.5,Satisfied
Case 1330,2,¡¥,£¥£¤,£¤,0.5,0.6666666666666666,0.5,Satisfied
Case 1332,2,¡¢,¥£¤,¥£¤,1.0,1.0,0.5,Satisfied
Case 1338,2,¡¥,£¤,£¤,1.0,1.0,0.5,Satisfied
Case 1356,2,¡¢,¥£¤,¥£¤,1.0,1.0,0.5,Satisfied
Case 1358,2,¡¢,¥£¤,¥£¤,1.0,1.0,0.5,Satisfied
Case 1359,2,§¥,¥,£¤,0.0,0.0,0.5,Satisfied
Case 1364,2,¡¢,¥­­£¤,¥£¤,0.6,0.75,0.5,Satisfied
Case 1366,2,¡¢,¥£¤,¥£¤,1.0,1.0,0.5,Satisfied
Case 1371,2,¡¥,£¥£¤,£¤,0.5,0.6666666666666666,0.5,Satisfied
Case 1375,2,¡¢,¥£¤,¥£¤,1.0,1.0,0.5,Satisfied
Case 1384,2,¡¥,£¥£¤,£¤,0.5,0.6666666666666666,0.5,Satisfied
Case 1386,2,¡¢,¥£¥£¤,¥£¤,0.6,1.0,0.5,Satisfied
Case 1387,2,¡¢,¥£¤,¥£¤,1.0,1.0,0.5,Satisfied
Case 1388,2,¡¢,­­¥£¤,¥£¤,0.6,0.75,0.5,Satisfied
Case 1393,2,¡¡,¢¥£¤,¢£¤,0.75,0.75,0.5,Satisfied
Case 1396,2,¡¢,¥£¤,¥£¤,1.0,1.0,0.5,Satisfied
Case 1397,2,¡¢,¥£¤,¥£¤,1.0,1.0,0.5,Satisfied
Case 1398,2,¡¢,¥£¤,¥£¤,1.0,1.0,0.5,Satisfied
Case 140,2,¡¢,¥£¤,¥£¤,1.0,1.0,0.5,Satisfied
Case 1407,2,¡¢,¥¢¥£¤,¥£¤,0.6,0.75,0.5,Satisfied
Case 1409,2,¡¢,¥£¤,¥£¤,1.0,1.0,0.5,Satisfied
Case 1420,2,¡¢,¨¥£¤,¥£¤,0.75,0.75,0.5,Satisfied
Case 143,2,¡¢,¥£¤,¥£¤,1.0,1.0,0.5,Satisfied
Case 1432,2,¡¢,¥£¤,¥£¤,1.0,1.0,0.5,Satisfied
Case 1433,2,¡¢,¥£¤,¥£¤,1.0,1.0,0.5,Satisfied
Case 144,2,¡¢,¥£¤,¥£¤,1.0,1.0,0.5,Satisfied
Case 1441,2,¡¢,¥£¤,¥£¤,1.0,1.0,0.5,Satisfied
Case 1445,2,¡¢,¥£¤,¥£¤,1.0,1.0,0.5,Satisfied
Case 1449,2,¡¥,¢¥£¤,£¤,0.5,0.5,0.5,Satisfied
Case 145,2,¡¢,­¥£¤,¥£¤,0.75,0.75,0.5,Satisfied
Case 1450,2,¡¢,¥£¤,¥£¤,1.0,1.0,0.5,Satisfied
Case 1451,2,¡¢,­¥£¥£¤,¥£¤,0.5,0.75,0.5,Satisfied
Case 1457,2,¡¢,¥£¤,¥£¤,1.0,1.0,0.5,Satisfied
Case 1460,2,¡¢,¥¢¥£¤,¥£¤,0.6,0.75,0.5,Satisfied
Case 1464,2,¡¢,¥£¤,¥£¤,1.0,1.0,0.5,Satisfied
Case 1465,2,¡¢,¥£¤,¥£¤,1.0,1.0,0.5,Satisfied
Case 1466,2,¡¢,¥£¤,¥£¤,1.0,1.0,0.5,Satisfied
Case 147,2,¡¢,¥£¤,¥£¤,1.0,1.0,0.5,Satisfied
Case 1471,2,¡¢,­¥£¤,¥£¤,0.75,0.75,0.5,Satisfied
Case 1478,2,¡¡,¢¥¢¥£¤,¢£¤,0.5,0.75,0.5,Satisfied
Case 1484,2,¡¢,¥£¤,¥£¤,1.0,1.0,0.5,Satisfied
Case 1487,2,¡¢,¥£¤,¥£¤,1.0,1.0,0.5,Satisfied
Case 1495,2,¡¢,­­¥£¤,¥£¤,0.6,0.75,0.5,Satisfied
Case 15,2,¡¡,¢¥£¤,¢£¤,0.75,0.75,0.5,Satisfied
Case 1500,2,¡¥,£¥£¤,£¤,0.5,0.6666666666666666,0.5,Satisfied
Case 1501,2,¢¥,£¥£¤,£¤,0.5,0.6666666666666666,0.5,Satisfied
Case 1506,2,¡¥,¥¢£¥£¤,£¤,0.33333333333333337,0.5,0.5,Satisfied
Case 1507,2,¡¢,¥£¤,¥£¤,1.0,1.0,0.5,Satisfied
Case 1509,2,¡¢,¥£¤,¥£¤,1.0,1.0,0.5,Satisfied
Case 1510,2,¡¢,¥£¤,¥£¤,1.0,1.0,0.5,Satisfied
Case 1519,2,¡¥,£¥£¤,£¤,0.5,0.6666666666666666,0.5,Satisfied
Case 1535,2,¡¡,¡¥£¤,¢£¤,0.5,0.4,0.5,Satisfied
Case 154,2,¡¢,¥£¤,¥£¤,1.0,1.0,0.5,Satisfied
Case 1543,2,¡¢,¥£¤,¥£¤,1.0,1.0,0.5,Satisfied
Case 1553,2,¡¢,¥£¤,¥£¤,1.0,1.0,0.5,Satisfied
Case 156,2,¡¢,¥£¤,¥£¤,1.0,1.0,0.5,Satisfied
Case 1562,2,¡¢,¥£¤,¥£¤,1.0,1.0,0.5,Satisfied
Case 1570,2,¡¢,¥£¤,¥£¤,1.0,1.0,0.5,Satisfied
Case 1571,2,¡¢,¥¥¥¥¥,¥£¤,0.19999999999999996,0.33333333333333326,0.5,Satisfied
Case 1574,2,¡¢,¥£¤,¥£¤,1.0,1.0,0.5,Satisfied
Case 1577,2,§¡,¡¢¥£¤,¢£¤,0.6,0.6,0.5,Satisfied
Case 1580,2,¡¢,¥£¤,¥£¤,1.0,1.0,0.5,Satisfied
Case 1587,2,¡¢,¥£¤,¥£¤,1.0,1.0,0.5,Satisfied
Case 1603,2,¡¥,£¥£¤,£¤,0.5,0.6666666666666666,0.5,Satisfied
Case 1604,2,¡¢,¥£¤,¥£¤,1.0,1.0,0.5,Satisfied
Case 1605,2,¡¢,¢¥£¤,¥£¤,0.75,0.75,0.5,Satisfied
Case 1609,2,¡¢,¥£¤,¥£¤,1.0,1.0,0.5,Satisfied
Case 1610,2,¡¢,¥£¤,¥£¤,1.0,1.0,0.5,Satisfied
Case 1615,2,¡¢,¥£¤,¥£¤,1.0,1.0,0.5,Satisfied
Case 1650,2,¡¦,¦¬¬­¥£¤,£¤,0.2857142857142857,0.33333333333333326,0.5,Satisfied
Case 1655,2,¡¢,¥£¤,¥£¤,1.0,1.0,0.5,Satisfied
Case 1658,2,¡¢,­¥£¤,¥£¤,0.75,0.75,0.5,Satisfied
Case 1663,2,¡¥,£¤,£¤,1.0,1.0,0.5,Satisfied
Case 1664,2,¢¥,£¤,£¤,1.0,1.0,0.5,Satisfied
Case 1671,2,¡¢,¥£¤,¥£¤,1.0,1.0,0.5,Satisfied
Case 1674,2,¡¢,¥£¤,¥£¤,1.0,1.0,0.5,Satisfied
Case 1675,2,¡¢,¥£¤,¥£¤,1.0,1.0,0.5,Satisfied
Case 1679,2,¡¢,¥£¤,¥£¤,1.0,1.0,0.5,Satisfied
Case 1681,2,¡¢,¥£¤,¥£¤,1.0,1.0,0.5,Satisfied
Case 1682,2,¡¢,¥£¤,¥£¤,1.0,1.0,0.5,Satisfied
Case 169,2,¡¥,£¤,£¤,1.0,1.0,0.5,Satisfied
Case 1691,2,§¡,¢¥£¤,¢£¤,0.75,0.75,0.5,Satisfied
Case 1697,2,¡¢,¥£¤,¥£¤,1.0,1.0,0.5,Satisfied
Case 1704,2,¡¢,¥£¤,¥£¤,1.0,1.0,0.5,Satisfied
Case 1709,2,¡¢,¥£¤,¥£¤,1.0,1.0,0.5,Satisfied
Case 1711,2,¡¢,¥£¤,¥£¤,1.0,1.0,0.5,Satisfied
Case 1718,2,¡¢,¥£¤,¥£¤,1.0,1.0,0.5,Satisfied
Case 1723,2,¡¢,¥£¤,¥£¤,1.0,1.0,0.5,Satisfied
Case 1730,2,¡¢,¥£¤,¥£¤,1.0,1.0,0.5,Satisfied
Case 1735,2,¡­,¥£¥£¤,£¤,0.4,0.6666666666666666,0.5,Satisfied
Case 1746,2,¡¢,¥£¤,¥£¤,1.0,1.0,0.5,Satisfied
Case 1754,2,¡¢,¥£¤,¥£¤,1.0,1.0,0.5,Satisfied
Case 1760,2,¡¢,¥£¢¥¢£¤,¥£¤,0.4285714285714286,0.75,0.5,Satisfied
Case 1761,2,¡¢,¥£¤,¥£¤,1.0,1.0,0.5,Satisfied
Case 1764,2,¡­,¥£¥£¤,£¤,0.4,0.6666666666666666,0.5,Satisfied
Case 1771,2,¡¢,¥£¤,¥£¤,1.0,1.0,0.5,Satisfied
Case 1772,2,¡¢,¥£¤,¥£¤,1.0,1.0,0.5,Satisfied
Case 1776,2,¡¢,¥£¤,¥£¤,1.0,1.0,0.5,Satisfied
Case 1777,2,¡¢,¥£¤,¥£¤,1.0,1.0,0.5,Satisfied
Case 1787,2,¡¢,¥¥£¥£¤,¥£¤,0.5,1.0,0.5,Satisfied
Case 1788,2,¡¢,¥£¤,¥£¤,1.0,1.0,0.5,Satisfied
Case 1791,2,¡¢,¥£¤,¥£¤,1.0,1.0,0.5,Satisfied
Case 1792,2,¡¢,¥£¤,¥£¤,1.0,1.0,0.5,Satisfied
Case 1795,2,¡¢,¥£¤,¥£¤,1.0,1.0,0.5,Satisfied
Case 1799,2,¡¢,­¥£¤,¥£¤,0.75,0.75,0.5,Satisfied
Case 18,2,¡¢,¥£¥£¤,¥£¤,0.6,1.0,0.5,Satisfied
Case 1812,2,¡¢,¥£¤,¥£¤,1.0,1.0,0.5,Satisfied
Case 1813,2,¡¢,¥£¤,¥£¤,1.0,1.0,0.5,Satisfied
Case 1814,2,¡¢,¥£¤,¥£¤,1.0,1.0,0.5,Satisfied
Case 1815,2,¡¢,¥£¤,¥£¤,1.0,1.0,0.5,Satisfied
Case 1817,2,¡¢,¥£¤,¥£¤,1.0,1.0,0.5,Satisfied
Case 1823,2,¡¢,¥£¤,¥£¤,1.0,1.0,0.5,Satisfied
Case 1826,2,¡¢,¥£¤,¥£¤,1.0,1.0,0.5,Satisfied
Case 1828,2,¡¢,¥£¤,¥£¤,1.0,1.0,0.5,Satisfied
Case 1831,2,¡¢,¥£¤,¥£¤,1.0,1.0,0.5,Satisfied
Case 184,2,¡¢,¢¥£¤,¥£¤,0.75,0.75,0.5,Satisfied
Case 1843,2,¡¡,¥£¤,¢£¤,0.6666666666666667,0.5,0.5,Satisfied
Case 1848,2,¡¢,¥£¤,¥£¤,1.0,1.0,0.5,Satisfied
Case 1858,2,¡¥,£¤,£¤,1.0,1.0,0.5,Satisfied
Case 1860,2,¡¢,¥£¤,¥£¤,1.0,1.0,0.5,Satisfied
Case 1868,2,¡¢,¥£¤,¥£¤,1.0,1.0,0.5,Satisfied
Case 1869,2,¡¢,¥£¤,¥£¤,1.0,1.0,0.5,Satisfied
Case 1874,2,§¡,¢¥£¤,¢£¤,0.75,0.75,0.5,Satisfied
Case 1882,2,¡¢,¥£¤,¥£¤,1.0,1.0,0.5,Satisfied
Case 1884,2,¡¢,¥£¤,¥£¤,1.0,1.0,0.5,Satisfied
Case 1887,2,¡¢,¥£¤,¥£¤,1.0,1.0,0.5,Satisfied
Case 1892,2,¡¢,¥£¤,¥£¤,1.0,1.0,0.5,Satisfied
Case 1894,2,¡¢,¥£¤,¥£¤,1.0,1.0,0.5,Satisfied
Case 1900,2,¡¢,¥£¤,¥£¤,1.0,1.0,0.5,Satisfied
Case 1901,2,¡¢,¥£¤,¥£¤,1.0,1.0,0.5,Satisfied
Case 1903,2,¡¢,¥£¤,¥£¤,1.0,1.0,0.5,Satisfied
Case 191,2,¡¡,¢¥£¤,¢£¤,0.75,0.75,0.5,Satisfied
Case 1915,2,¡¢,¥£¤,¥£¤,1.0,1.0,0.5,Satisfied
Case 1916,2,¡¢,¥£¤,¥£¤,1.0,1.0,0.5,Satisfied
Case 1918,2,¡¥,£¤,£¤,1.0,1.0,0.5,Satisfied
Case 192,2,¡¡,¢¥£¤¢¥£¤,¢£¤,0.375,0.75,0.5,Satisfied
Case 1924,2,¡¢,¥£¤,¥£¤,1.0,1.0,0.5,Satisfied
Case 193,2,¡¢,¥£¤,¥£¤,1.0,1.0,0.5,Satisfied
Case 1946,2,¡¢,¥£¤,¥£¤,1.0,1.0,0.5,Satisfied
Case 1961,2,¡¢,¥£¤,¥£¤,1.0,1.0,0.5,Satisfied
Case 1968,2,¡¢,¥£¤,¥£¤,1.0,1.0,0.5,Satisfied
Case 1975,2,¡¢,¥£¤,¥£¤,1.0,1.0,0.5,Satisfied
Case 1978,2,¡¥,¢¥£¤,£¤,0.5,0.5,0.5,Satisfied
Case 1980,2,¡¢,¥£¤,¥£¤,1.0,1.0,0.5,Satisfied
Case 1987,2,¡¥,£¤,£¤,1.0,1.0,0.5,Satisfied
Case 20,2,¡¢,¥£¤,¥£¤,1.0,1.0,0.5,Satisfied
Case 2007,2,¡¢,­¥£¥£¤,¥£¤,0.5,0.75,0.5,Satisfied
Case 2013,2,¡¢,¥£¤,¥£¤,1.0,1.0,0.5,Satisfied
Case 202,2,¡¢,¥£¤,¥£¤,1.0,1.0,0.5,Satisfied
Case 2021,2,¡¢,¥£¤,¥£¤,1.0,1.0,0.5,Satisfied
Case 2022,2,¡¡,¡¥£¤,¢£¤,0.5,0.4,0.5,Satisfied
Case 2035,2,¡¢,¦­¥£¤,¥£¤,0.6,0.6,0.5,Satisfied
Case 2037,2,¡¥,£¤,£¤,1.0,1.0,0.5,Satisfied
Case 2050,2,¡¢,¥£¤,¥£¤,1.0,1.0,0.5,Satisfied
Case 2059,2,¡¢,¥£¤,¥£¤,1.0,1.0,0.5,Satisfied
Case 2062,2,¡¢,¥£¤,¥£¤,1.0,1.0,0.5,Satisfied
Case 2068,2,¡¢,¥£¤,¥£¤,1.0,1.0,0.5,Satisfied
Case 2074,2,¡¢,¥£¤,¥£¤,1.0,1.0,0.5,Satisfied
Case 2081,2,¡¢,­¥£¤,¥£¤,0.75,0.75,0.5,Satisfied
Case 2083,2,¡¢,¥£¤,¥£¤,1.0,1.0,0.5,Satisfied
Case 2092,2,¡¢,¥£¤,¥£¤,1.0,1.0,0.5,Satisfied
Case 2093,2,¡¢,¥£¤,¥£¤,1.0,1.0,0.5,Satisfied
Case 2097,2,¡¢,¥£¤,¥£¤,1.0,1.0,0.5,Satisfied
Case 210,2,¡¢,¥£¤,¥£¤,1.0,1.0,0.5,Satisfied
Case 2103,2,¡¢,¥£¤,¥£¤,1.0,1.0,0.5,Satisfied
Case 2104,2,¡¢,­¥£¤,¥£¤,0.75,0.75,0.5,Satisfied
Case 2105,2,¡¢,¥£¤,¥£¤,1.0,1.0,0.5,Satisfied
Case 2108,2,¡¢,¥£¤,¥£¤,1.0,1.0,0.5,Satisfied
Case 211,2,¡¥,£¤,£¤,1.0,1.0,0.5,Satisfied
Case 2112,2,¡¢,¥£¤,¥£¤,1.0,1.0,0.5,Satisfied
Case 2117,2,¡¥,¥£¢¥£¥£¤,£¤,0.25,0.5,0.5,Satisfied
Case 2121,2,¡¢,¥£¤,¥£¤,1.0,1.0,0.5,Satisfied
Case 2123,2,¡¡,¢¥£¥£¤,¢£¤,0.5,0.75,0.5,Satisfied
Case 2125,2,¡¢,¥­,¥£¤,0.33333333333333337,0.25,0.5,Satisfied
Case 2126,2,¡¢,¥£¤,¥£¤,1.0,1.0,0.5,Satisfied
Case 2134,2,¡¥,¢£¤,£¤,0.6666666666666667,0.6666666666666666,0.5,Satisfied
Case 2141,2,¡¢,¥£¤,¥£¤,1.0,1.0,0.5,Satisfied
Case 2142,2,¡¢,¥£¤,¥£¤,1.0,1.0,0.5,Satisfied
Case 2143,2,¡¢,­¥£¤,¥£¤,0.75,0.75,0.5,Satisfied
Case 2152,2,¡¢,¥£¤,¥£¤,1.0,1.0,0.5,Satisfied
Case 2156,2,¡¢,¥£¤,¥£¤,1.0,1.0,0.5,Satisfied
Case 2157,2,¡¥,£¥£¤,£¤,0.5,0.6666666666666666,0.5,Satisfied
Case 2163,2,¡¢,¥£¤,¥£¤,1.0,1.0,0.5,Satisfied
Case 2167,2,¡¢,¥£¤,¥£¤,1.0,1.0,0.5,Satisfied
Case 2168,2,¡¢,¥¥£¤,¥£¤,0.75,1.0,0.5,Satisfied
Case 2172,2,¡¢,¥£¤,¥£¤,1.0,1.0,0.5,Satisfied
Case 2176,2,¡¢,¥£¤,¥£¤,1.0,1.0,0.5,Satisfied
Case 2177,2,¡¥,¥£¤,£¤,0.6666666666666667,0.6666666666666666,0.5,Satisfied
Case 2183,2,¡¢,¥£¤,¥£¤,1.0,1.0,0.5,Satisfied
Case 2187,2,¡¢,¥£¤,¥£¤,1.0,1.0,0.5,Satisfied
Case 2191,2,¡¢,¥£¤,¥£¤,1.0,1.0,0.5,Satisfied
Case 2197,2,¡¢,¥£¤,¥£¤,1.0,1.0,0.5,Satisfied
Case 2201,2,¡¢,¥£¤,¥£¤,1.0,1.0,0.5,Satisfied
Case 2203,2,¡¢,¥£¤,¥£¤,1.0,1.0,0.5,Satisfied
Case 2210,2,¡¢,¥£¤,¥£¤,1.0,1.0,0.5,Satisfied
Case 2211,2,¡¢,¥£¤,¥£¤,1.0,1.0,0.5,Satisfied
Case 2215,2,¡¢,¥£¤,¥£¤,1.0,1.0,0.5,Satisfied
Case 2219,2,¡¢,¥¢£¤,¥£¤,0.75,0.75,0.5,Satisfied
Case 2220,2,¡¢,¥£¤,¥£¤,1.0,1.0,0.5,Satisfied
Case 2227,2,¡¥,£¥£¤,£¤,0.5,0.6666666666666666,0.5,Satisfied
Case 2228,2,¡¢,¥£¤,¥£¤,1.0,1.0,0.5,Satisfied
Case 2229,2,¡¥,£¤,£¤,1.0,1.0,0.5,Satisfied
Case 2232,2,¡¥,£¤,£¤,1.0,1.0,0.5,Satisfied
Case 2236,2,¡¢,¥£¤,¥£¤,1.0,1.0,0.5,Satisfied
Case 2239,2,¡¢,¥£¥£¢¥£¤,¥£¤,0.375,0.75,0.5,Satisfied
Case 2245,2,¡¢,¥£¤,¥£¤,1.0,1.0,0.5,Satisfied
Case 2253,2,¢¥,£¤,£¤,1.0,1.0,0.5,Satisfied
Case 2256,2,¡¥,£¤,£¤,1.0,1.0,0.5,Satisfied
Case 2267,2,¡¢,¥£¤,¥£¤,1.0,1.0,0.5,Satisfied
Case 2268,2,¡¢,¥£¤,¥£¤,1.0,1.0,0.5,Satisfied
Case 2279,2,¡¢,¥£¤,¥£¤,1.0,1.0,0.5,Satisfied
Case 2285,2,¡¥,¢¥£¤,£¤,0.5,0.5,0.5,Satisfied
Case 2290,2,¡¢,¥£¤,¥£¤,1.0,1.0,0.5,Satisfied
Case 2296,2,¡¢,¥£¤,¥£¤,1.0,1.0,0.5,Satisfied
Case 23,2,¡¢,¥£¤,¥£¤,1.0,1.0,0.5,Satisfied
Case 230,2,¡¡,¢¥£¤,¢£¤,0.75,0.75,0.5,Satisfied
Case 2300,2,¡¢,­­¦­,¥£¤,0.0,0.0,0.5,Satisfied
Case 2302,2,¡¢,¥£¤,¥£¤,1.0,1.0,0.5,Satisfied
Case 2308,2,¡¢,¥£¤,¥£¤,1.0,1.0,0.5,Satisfied
Case 2315,2,¡¢,¥£¤,¥£¤,1.0,1.0,0.5,Satisfied
Case 232,2,¡¢,¥¥£¥£¤,¥£¤,0.5,1.0,0.5,Satisfied
Case 2322,2,¡¢,¥£¤,¥£¤,1.0,1.0,0.5,Satisfied
Case 2328,2,¡¢,¥£¤,¥£¤,1.0,1.0,0.5,Satisfied
Case 233,2,¡¢,¥£¤,¥£¤,1.0,1.0,0.5,Satisfied
Case 2330,2,¡¢,¥£¤,¥£¤,1.0,1.0,0.5,Satisfied
Case 2335,2,¡¢,¥£¤,¥£¤,1.0,1.0,0.5,Satisfied
Case 2342,2,¡¢,¥¥£¤,¥£¤,0.75,1.0,0.5,Satisfied
Case 2346,2,§¡,¢¥£¤,¢£¤,0.75,0.75,0.5,Satisfied
Case 2348,2,¡¢,¥£¤,¥£¤,1.0,1.0,0.5,Satisfied
Case 235,2,§¡,¢¥£¤,¢£¤,0.75,0.75,0.5,Satisfied
Case 2356,2,¡¢,¥¥£¤,¥£¤,0.75,1.0,0.5,Satisfied
Case 2362,2,¢¥,£¤,£¤,1.0,1.0,0.5,Satisfied
Case 2367,2,¡¢,¥£¤,¥£¤,1.0,1.0,0.5,Satisfied
Case 2368,2,¡¢,¥£¥£¥£­¢¥£¤,¥£¤,0.2727272727272727,0.6,0.5,Satisfied
Case 237,2,¡¢,­¥£¤,¥£¤,0.75,0.75,0.5,Satisfied
Case 2374,2,¡¢,¥£¤,¥£¤,1.0,1.0,0.5,Satisfied
Case 2375,2,¡¡,¡¢¥£¤,¢£¤,0.6,0.6,0.5,Satisfied
Case 2380,2,¡¢,¥¢£¤,¥£¤,0.75,0.75,0.5,Satisfied
Case 2381,2,¡¡,¡¥£¥£¤,¢£¤,0.33333333333333337,0.4,0.5,Satisfied
Case 2390,2,¡¢,¥£¤,¥£¤,1.0,1.0,0.5,Satisfied
Case 2391,2,¡¢,¥£¤,¥£¤,1.0,1.0,0.5,Satisfied
Case 2398,2,¡¢,¥£¤,¥£¤,1.0,1.0,0.5,Satisfied
Case 2399,2,¡¢,¢¥£¤,¥£¤,0.75,0.75,0.5,Satisfied
Case 2403,2,¡¢,¥£¤,¥£¤,1.0,1.0,0.5,Satisfied
Case 2415,2,¡¢,¥£¤,¥£¤,1.0,1.0,0.5,Satisfied
Case 2417,2,¡¢,¥­£¤,¥£¤,0.75,0.75,0.5,Satisfied
Case 242,2,¡¢,¥£¤,¥£¤,1.0,1.0,0.5,Satisfied
Case 2431,2,¡¢,¥£¤,¥£¤,1.0,1.0,0.5,Satisfied
Case 2432,2,¡¢,¥£¤,¥£¤,1.0,1.0,0.5,Satisfied
Case 2436,2,¡¥,£¤¢,£¤,0.6666666666666667,0.6666666666666666,0.5,Satisfied
Case 2447,2,¡¢,¢¥£¤,¥£¤,0.75,0.75,0.5,Satisfied
Case 2448,2,¡¢,¥£¤,¥£¤,1.0,1.0,0.5,Satisfied
Case 2451,2,¡¢,¦­­¥£,¥£¤,0.19999999999999996,0.4,0.5,Satisfied
Case 2452,2,¡¢,¥£¤,¥£¤,1.0,1.0,0.5,Satisfied
Case 2455,2,¡¢,¥£¤,¥£¤,1.0,1.0,0.5,Satisfied
Case 2458,2,¡¢,¥£¤,¥£¤,1.0,1.0,0.5,Satisfied
Case 2465,2,¡¢,¥£¤,¥£¤,1.0,1.0,0.5,Satisfied
Case 2466,2,¡¢,­­¥£¤,¥£¤,0.6,0.75,0.5,Satisfied
Case 247,2,§¢,¥£¤,£¤,0.6666666666666667,0.6666666666666666,0.5,Satisfied
Case 2473,2,¡¢,¥¢¥£¤,¥£¤,0.6,0.75,0.5,Satisfied
Case 2474,2,¡¢,¥£¤,¥£¤,1.0,1.0,0.5,Satisfied
Case 2476,2,¡¢,­¥£¤,¥£¤,0.75,0.75,0.5,Satisfied
Case 2481,2,¡¢,­¥£¤,¥£¤,0.75,0.75,0.5,Satisfied
Case 2490,2,¡¡,¢¥£¤,¢£¤,0.75,0.75,0.5,Satisfied
Case 2492,2,¡¢,¥£¤,¥£¤,1.0,1.0,0.5,Satisfied
Case 2498,2,¡¢,¥£¤,¥£¤,1.0,1.0,0.5,Satisfied
Case 2499,2,¡¢,¥£¤,¥£¤,1.0,1.0,0.5,Satisfied
Case 2504,2,¡¢,¥£¤,¥£¤,1.0,1.0,0.5,Satisfied
Case 2508,2,¡¢,¥£¤,¥£¤,1.0,1.0,0.5,Satisfied
Case 2512,2,¡¢,¥£¥£¤,¥£¤,0.6,1.0,0.5,Satisfied
Case 2514,2,¡¢,¥¥£¤,¥£¤,0.75,1.0,0.5,Satisfied
Case 2522,2,¡¢,¥£¥£¤,¥£¤,0.6,1.0,0.5,Satisfied
Case 253,2,¡¢,¥£¤,¥£¤,1.0,1.0,0.5,Satisfied
Case 2530,2,¡¢,¥£¤,¥£¤,1.0,1.0,0.5,Satisfied
Case 2534,2,¡¢,¥£¤,¥£¤,1.0,1.0,0.5,Satisfied
Case 2541,2,¢¥,£¤,£¤,1.0,1.0,0.5,Satisfied
Case 2550,2,¡¢,¥¥£¥£¤,¥£¤,0.5,1.0,0.5,Satisfied
Case 2555,2,¡¢,¥£¤,¥£¤,1.0,1.0,0.5,Satisfied
Case 2558,2,¡¢,¥£¤,¥£¤,1.0,1.0,0.5,Satisfied
Case 2569,2,¡¢,¥£¤,¥£¤,1.0,1.0,0.5,Satisfied
Case 2571,2,¡¢,¥£¤,¥£¤,1.0,1.0,0.5,Satisfied
Case 2577,2,¡¢,¥£¤,¥£¤,1.0,1.0,0.5,Satisfied
Case 2581,2,¡¡,¢¥£¤,¢£¤,0.75,0.75,0.5,Satisfied
Case 2585,2,¡¢,¥£¤,¥£¤,1.0,1.0,0.5,Satisfied
Case 2591,2,¡¢,¥£¤,¥£¤,1.0,1.0,0.5,Satisfied
Case 2593,2,¡­,¥£¤,£¤,0.6666666666666667,0.6666666666666666,0.5,Satisfied
Case 2596,2,¡¢,¥£¤,¥£¤,1.0,1.0,0.5,Satisfied
Case 2598,2,¡¢,¥£¤,¥£¤,1.0,1.0,0.5,Satisfied
Case 2599,2,¡¢,¥£¤,¥£¤,1.0,1.0,0.5,Satisfied
Case 2603,2,¡¢,¥£¤,¥£¤,1.0,1.0,0.5,Satisfied
Case 2607,2,¡¢,¥£¤,¥£¤,1.0,1.0,0.5,Satisfied
Case 2609,2,¡¢,¥£¤,¥£¤,1.0,1.0,0.5,Satisfied
Case 261,2,¡¢,¥£¤,¥£¤,1.0,1.0,0.5,Satisfied
Case 2611,2,¡¢,¥£¤,¥£¤,1.0,1.0,0.5,Satisfied
Case 2613,2,¡¢,¥¥¥£¥£¤,¥£¤,0.4285714285714286,1.0,0.5,Satisfied
Case 2614,2,¡¢,¥£¤,¥£¤,1.0,1.0,0.5,Satisfied
Case 2616,2,¡¥,£¤,£¤,1.0,1.0,0.5,Satisfied
Case 262,2,¡¢,¥£¥£¤,¥£¤,0.6,1.0,0.5,Satisfied
Case 2620,2,¡¢,­¥£¤,¥£¤,0.75,0.75,0.5,Satisfied
Case 2622,2,¢¥,£¤,£¤,1.0,1.0,0.5,Satisfied
Case 2625,2,¡¢,¥£¤,¥£¤,1.0,1.0,0.5,Satisfied
Case 2631,2,¡¢,¥£¤,¥£¤,1.0,1.0,0.5,Satisfied
Case 2634,2,¡¢,¥£¤,¥£¤,1.0,1.0,0.5,Satisfied
Case 2643,2,¡¥,£¤,£¤,1.0,1.0,0.5,Satisfied
Case 265,2,¡¢,¥£¤,¥£¤,1.0,1.0,0.5,Satisfied
Case 2659,2,¡¢,¥¥¢£¤,¥£¤,0.6,0.75,0.5,Satisfied
Case 2665,2,¡¢,¥£¤,¥£¤,1.0,1.0,0.5,Satisfied
Case 2666,2,¡¡,¢¥¥£¤,¢£¤,0.6,0.75,0.5,Satisfied
Case 2667,2,¡¢,¥¥£¢¥£¤,¥£¤,0.4285714285714286,0.75,0.5,Satisfied
Case 2668,2,¡¡,¢­¥£¤,¢£¤,0.6,0.6,0.5,Satisfied
Case 2674,2,¡¢,¥¢£¤,¥£¤,0.75,0.75,0.5,Satisfied
Case 2676,2,¡¢,¥£¤,¥£¤,1.0,1.0,0.5,Satisfied
Case 2681,2,¡¢,¥£¤,¥£¤,1.0,1.0,0.5,Satisfied
Case 2686,2,¢¥,£¤,£¤,1.0,1.0,0.5,Satisfied
Case 2700,2,¡¢,¥£¤,¥£¤,1.0,1.0,0.5,Satisfied
Case 2713,2,¡¢,¥£¤,¥£¤,1.0,1.0,0.5,Satisfied
Case 2714,2,¡¢,¥£¤,¥£¤,1.0,1.0,0.5,Satisfied
Case 2716,2,¡¢,¥£¤,¥£¤,1.0,1.0,0.5,Satisfied
Case 2720,2,¡¢,­¥£¤,¥£¤,0.75,0.75,0.5,Satisfied
Case 2721,2,¡¢,¥£¤,¥£¤,1.0,1.0,0.5,Satisfied
Case 2734,2,¡¢,¥£¤,¥£¤,1.0,1.0,0.5,Satisfied
Case 2741,2,¡¢,¥£¤,¥£¤,1.0,1.0,0.5,Satisfied
Case 2765,2,¡¢,¥¥£¤,¥£¤,0.75,1.0,0.5,Satisfied
Case 2770,2,¡¢,¥£¤,¥£¤,1.0,1.0,0.5,Satisfied
Case 2774,2,¡¥,£¥£¢¥£¤,£¤,0.2857142857142857,0.5,0.5,Satisfied
Case 2776,2,¢¥,¢¥£¤,£¤,0.5,0.5,0.5,Satisfied
Case 2777,2,¡¢,¥£¤,¥£¤,1.0,1.0,0.5,Satisfied
Case 2788,2,¡¢,¥£¤,¥£¤,1.0,1.0,0.5,Satisfied
Case 2789,2,¡¢,¥£¤,¥£¤,1.0,1.0,0.5,Satisfied
Case 2791,2,¡¢,¥£¤,¥£¤,1.0,1.0,0.5,Satisfied
Case 2797,2,¢¥,£¤,£¤,1.0,1.0,0.5,Satisfied
Case 28,2,¡¢,¦­­¥£,¥£¤,0.19999999999999996,0.4,0.5,Satisfied
Case 2814,2,¡¢,¥£¤,¥£¤,1.0,1.0,0.5,Satisfied
Case 282,2,¡¢,¥£¤,¥£¤,1.0,1.0,0.5,Satisfied
Case 2826,2,¡¢,¥£¤,¥£¤,1.0,1.0,0.5,Satisfied
Case 2834,2,¡¢,¥£¤,¥£¤,1.0,1.0,0.5,Satisfied
Case 2839,2,¡¢,¥£¤,¥£¤,1.0,1.0,0.5,Satisfied
Case 2847,2,¡¢,¥£¤,¥£¤,1.0,1.0,0.5,Satisfied
Case 2848,2,¡¢,¥£¤,¥£¤,1.0,1.0,0.5,Satisfied
Case 2849,2,¡¥,£¥£¤,£¤,0.5,0.6666666666666666,0.5,Satisfied
Case 2851,2,¡¢,¥£¤,¥£¤,1.0,1.0,0.5,Satisfied
Case 2854,2,¡¢,¥£¤,¥£¤,1.0,1.0,0.5,Satisfied
Case 286,2,¡¢,¥£¤,¥£¤,1.0,1.0,0.5,Satisfied
Case 2860,2,¡¢,¥£¤,¥£¤,1.0,1.0,0.5,Satisfied
Case 2866,2,¡¢,¥£¤,¥£¤,1.0,1.0,0.5,Satisfied
Case 2873,2,¡¢,¥£¤,¥£¤,1.0,1.0,0.5,Satisfied
Case 2875,2,¡¢,¥£¤,¥£¤,1.0,1.0,0.5,Satisfied
Case 2881,2,¡­,­¥£¤,£¤,0.5,0.5,0.5,Satisfied
Case 2891,2,¡¢,¥£¤,¥£¤,1.0,1.0,0.5,Satisfied
Case 2897,2,¡¢,­¢¥£¤,¥£¤,0.6,0.6,0.5,Satisfied
Case 2905,2,¡¢,¥£¤,¥£¤,1.0,1.0,0.5,Satisfied
Case 2908,2,¡¢,¥£¤,¥£¤,1.0,1.0,0.5,Satisfied
Case 2910,2,¡¢,¥£¤,¥£¤,1.0,1.0,0.5,Satisfied
Case 2918,2,¡¢,­¢¥£¤,¥£¤,0.6,0.6,0.5,Satisfied
Case 292,2,¡¢,¥£¤,¥£¤,1.0,1.0,0.5,Satisfied
Case 2931,2,¡¢,¥­£¥£¤,¥£¤,0.5,0.75,0.5,Satisfied
Case 2932,2,¡¢,¥£¤,¥£¤,1.0,1.0,0.5,Satisfied
Case 2934,2,¡¢,¥£¤,¥£¤,1.0,1.0,0.5,Satisfied
Case 2949,2,¡¢,¥£¤,¥£¤,1.0,1.0,0.5,Satisfied
Case 2956,2,¡¥,£¤,£¤,1.0,1.0,0.5,Satisfied
Case 296,2,¡¢,¥£¤,¥£¤,1.0,1.0,0.5,Satisfied
Case 2962,2,¡¢,¥£¤,¥£¤,1.0,1.0,0.5,Satisfied
Case 2964,2,¡¢,¥£¤,¥£¤,1.0,1.0,0.5,Satisfied
Case 2966,2,¡¢,¥£¤,¥£¤,1.0,1.0,0.5,Satisfied
Case 2968,2,¡¢,¥£¤,¥£¤,1.0,1.0,0.5,Satisfied
Case 2970,2,¡¢,­¥£¤,¥£¤,0.75,0.75,0.5,Satisfied
Case 2971,2,¡¢,¥£¤,¥£¤,1.0,1.0,0.5,Satisfied
Case 2975,2,¡¥,¡¢¥¥¢£¤,£¤,0.2857142857142857,0.4,0.5,Satisfied
Case 2981,2,¡¡,¢­­¥£¤,¢£¤,0.5,0.6,0.5,Satisfied
Case 2984,2,¡¢,¥£¥£¤,¥£¤,0.6,1.0,0.5,Satisfied
Case 2988,2,¡¥,£¥£¤,£¤,0.5,0.6666666666666666,0.5,Satisfied
Case 299,2,¡¢,¥£¤,¥£¤,1.0,1.0,0.5,Satisfied
Case 2992,2,¡¢,¥£¤,¥£¤,1.0,1.0,0.5,Satisfied
Case 3002,2,¡¢,¥£¤,¥£¤,1.0,1.0,0.5,Satisfied
Case 3008,2,¡¢,¥£¤,¥£¤,1.0,1.0,0.5,Satisfied
Case 3009,2,¡¢,¥¢£¤,¥£¤,0.75,0.75,0.5,Satisfied
Case 3010,2,¡¢,¥£¤,¥£¤,1.0,1.0,0.5,Satisfied
Case 3013,2,¡¢,¢¥£¤,¥£¤,0.75,0.75,0.5,Satisfied
Case 3015,2,¡¢,­¥£¤,¥£¤,0.75,0.75,0.5,Satisfied
Case 3016,2,¡¡,¢¥£¤,¢£¤,0.75,0.75,0.5,Satisfied
Case 3021,2,¡¢,¥£¤,¥£¤,1.0,1.0,0.5,Satisfied
Case 3027,2,¡¢,¥£¤,¥£¤,1.0,1.0,0.5,Satisfied
Case 3034,2,¡¢,¥£¤,¥£¤,1.0,1.0,0.5,Satisfied
Case 3035,2,¡¢,¥£¤,¥£¤,1.0,1.0,0.5,Satisfied
Case 3037,2,¡¢,¥£¤,¥£¤,1.0,1.0,0.5,Satisfied
Case 3038,2,¡¢,¥¢¥£¤,¥£¤,0.6,0.75,0.5,Satisfied
Case 3043,2,¡¢,¥£¤,¥£¤,1.0,1.0,0.5,Satisfied
Case 3044,2,¡¢,¥£¤,¥£¤,1.0,1.0,0.5,Satisfied
Case 3046,2,¡¥,£¤,£¤,1.0,1.0,0.5,Satisfied
Case 3056,2,¡¢,¥£¤,¥£¤,1.0,1.0,0.5,Satisfied
Case 3058,2,¡¢,­¥£¥£¤,¥£¤,0.5,0.75,0.5,Satisfied
Case 3059,2,¡¢,­¥£¤,¥£¤,0.75,0.75,0.5,Satisfied
Case 3061,2,¡¢,­¥£¤,¥£¤,0.75,0.75,0.5,Satisfied
Case 3071,2,¡¢,¦­¥£¤,¥£¤,0.6,0.6,0.5,Satisfied
Case 3073,2,¡¢,¥£¤,¥£¤,1.0,1.0,0.5,Satisfied
Case 3077,2,¡­,¥£¤,£¤,0.6666666666666667,0.6666666666666666,0.5,Satisfied
Case 3078,2,¡¢,¥£¤,¥£¤,1.0,1.0,0.5,Satisfied
Case 308,2,¡¢,¥£¤,¥£¤,1.0,1.0,0.5,Satisfied
Case 3082,2,¡¡,¢¥£¤,¢£¤,0.75,0.75,0.5,Satisfied
Case 3083,2,¡¢,¥£¤,¥£¤,1.0,1.0,0.5,Satisfied
Case 3086,2,¡¢,¥£¤,¥£¤,1.0,1.0,0.5,Satisfied
Case 3095,2,¡¢,¥£¤,¥£¤,1.0,1.0,0.5,Satisfied
Case 31,2,¡¢,¦­¥£¤,¥£¤,0.6,0.6,0.5,Satisfied
Case 3103,2,¡¢,­¥£¤,¥£¤,0.75,0.75,0.5,Satisfied
Case 3112,2,¡¢,¥£¤,¥£¤,1.0,1.0,0.5,Satisfied
Case 3113,2,¡¢,¥¥¢¥£¤,¥£¤,0.5,0.75,0.5,Satisfied
Case 3118,2,¡¢,¥¥¦£¤,¥£¤,0.6,0.75,0.5,Satisfied
Case 3121,2,¡¢,¥£¡¢¥£¤,¥£¤,0.4285714285714286,0.6,0.5,Satisfied
Case 3126,2,¡¢,¥£¤,¥£¤,1.0,1.0,0.5,Satisfied
Case 3128,2,¡¢,¥£¤,¥£¤,1.0,1.0,0.5,Satisfied
Case 313,2,¡¢,¥­¥£¥£¤,¥£¤,0.4285714285714286,0.75,0.5,Satisfied
Case 3139,2,¡¢,­¢¥£¤,¥£¤,0.6,0.6,0.5,Satisfied
Case 3142,2,¡¢,¥£¤,¥£¤,1.0,1.0,0.5,Satisfied
Case 3145,2,¡¢,¥£¤,¥£¤,1.0,1.0,0.5,Satisfied
Case 3148,2,¢¥,£¤,£¤,1.0,1.0,0.5,Satisfied
Case 317,2,¡¢,­¥£¤,¥£¤,0.75,0.75,0.5,Satisfied
Case 3172,2,¡¢,¥£¤,¥£¤,1.0,1.0,0.5,Satisfied
Case 3176,2,¡¢,­¥£¤,¥£¤,0.75,0.75,0.5,Satisfied
Case 3180,2,¡¢,¥£¤,¥£¤,1.0,1.0,0.5,Satisfied
Case 3182,2,¡¢,¥£¤,¥£¤,1.0,1.0,0.5,Satisfied
Case 3184,2,¡¢,¥£¤,¥£¤,1.0,1.0,0.5,Satisfied
Case 3186,2,¡¢,¥£¤,¥£¤,1.0,1.0,0.5,Satisfied
Case 3188,2,¡¢,¥£¤,¥£¤,1.0,1.0,0.5,Satisfied
Case 3192,2,¡¢,¦¥£¤,¥£¤,0.75,0.75,0.5,Satisfied
Case 3212,2,¡¢,¥£¤,¥£¤,1.0,1.0,0.5,Satisfied
Case 3214,2,¡¢,¦¥£¤,¥£¤,0.75,0.75,0.5,Satisfied
Case 3222,2,¡¢,¥£¤,¥£¤,1.0,1.0,0.5,Satisfied
Case 3226,2,¡¥,£¤,£¤,1.0,1.0,0.5,Satisfied
Case 3229,2,¡¢,¥£¤,¥£¤,1.0,1.0,0.5,Satisfied
Case 323,2,¡¢,¥£¤,¥£¤,1.0,1.0,0.5,Satisfied
Case 3231,2,¡¢,¥£¤,¥£¤,1.0,1.0,0.5,Satisfied
Case 3233,2,¡¢,¥£¤,¥£¤,1.0,1.0,0.5,Satisfied
Case 3239,2,¡¥,£¤,£¤,1.0,1.0,0.5,Satisfied
Case 324,2,¢¥,£¤,£¤,1.0,1.0,0.5,Satisfied
Case 3240,2,¡¢,¥£¤,¥£¤,1.0,1.0,0.5,Satisfied
Case 3249,2,¡¢,­­¢¥£¥£¤,¥£¤,0.375,0.6,0.5,Satisfied
Case 3251,2,¡¢,¥£¤,¥£¤,1.0,1.0,0.5,Satisfied
Case 3253,2,¡¢,¥£¤,¥£¤,1.0,1.0,0.5,Satisfied
Case 3254,2,¡¢,¥,¥£¤,0.33333333333333337,0.33333333333333326,0.5,Satisfied
Case 326,2,¡¢,­­¥£¤,¥£¤,0.6,0.75,0.5,Satisfied
Case 3260,2,¡¢,¥£¤,¥£¤,1.0,1.0,0.5,Satisfied
Case 3262,2,¡¢,¥£¤,¥£¤,1.0,1.0,0.5,Satisfied
Case 3273,2,¡¢,¥£¤,¥£¤,1.0,1.0,0.5,Satisfied
Case 3276,2,¡¢,­¥£¤,¥£¤,0.75,0.75,0.5,Satisfied
Case 3288,2,¡¢,¥£¥£¤,¥£¤,0.6,1.0,0.5,Satisfied
Case 3289,2,¡¢,¥£¤,¥£¤,1.0,1.0,0.5,Satisfied
Case 3294,2,¡¢,¥¢£¤,¥£¤,0.75,0.75,0.5,Satisfied
Case 33,2,¡¢,¥£¤,¥£¤,1.0,1.0,0.5,Satisfied
Case 331,2,¡¢,­¥£¤,¥£¤,0.75,0.75,0.5,Satisfied
Case 3314,2,¡¢,¥£¤,¥£¤,1.0,1.0,0.5,Satisfied
Case 3315,2,¡¢,¥£¤,¥£¤,1.0,1.0,0.5,Satisfied
Case 332,2,¡¢,¥£¤,¥£¤,1.0,1.0,0.5,Satisfied
Case 3323,2,¡¢,¦­­¥£,¥£¤,0.19999999999999996,0.4,0.5,Satisfied
Case 3324,2,¡¢,¥£¤,¥£¤,1.0,1.0,0.5,Satisfied
Case 333,2,¡¢,¥£¤,¥£¤,1.0,1.0,0.5,Satisfied
Case 3331,2,¡¢,¥£¤,¥£¤,1.0,1.0,0.5,Satisfied
Case 3334,2,¡¢,¥£¤,¥£¤,1.0,1.0,0.5,Satisfied
Case 3336,2,¡¢,¥£¤,¥£¤,1.0,1.0,0.5,Satisfied
Case 3338,2,¡­,¥£¤,£¤,0.6666666666666667,0.6666666666666666,0.5,Satisfied
Case 3341,2,¡¢,¥£¤,¥£¤,1.0,1.0,0.5,Satisfied
Case 3344,2,¡¥,£¥£¢¥£¥£¤,£¤,0.2222222222222222,0.5,0.5,Satisfied
Case 3349,2,¡¢,¥£¤,¥£¤,1.0,1.0,0.5,Satisfied
Case 3351,2,¡¢,¥£¥£¤,¥£¤,0.6,1.0,0.5,Satisfied
Case 3357,2,¡¢,¥£¤,¥£¤,1.0,1.0,0.5,Satisfied
Case 3358,2,¡¢,­¥£¤,¥£¤,0.75,0.75,0.5,Satisfied
Case 3360,2,¡¢,¥£¤,¥£¤,1.0,1.0,0.5,Satisfied
Case 3362,2,¡¢,¥£¤,¥£¤,1.0,1.0,0.5,Satisfied
Case 337,2,¡¢,¥£¤,¥£¤,1.0,1.0,0.5,Satisfied
Case 3372,2,¡¢,¥£¤,¥£¤,1.0,1.0,0.5,Satisfied
Case 3373,2,¡¢,¥£¤,¥£¤,1.0,1.0,0.5,Satisfied
Case 3376,2,¡¢,¥£¤,¥£¤,1.0,1.0,0.5,Satisfied
Case 3382,2,¡¢,¥£¤,¥£¤,1.0,1.0,0.5,Satisfied
Case 3398,2,¡¢,¥£¤,¥£¤,1.0,1.0,0.5,Satisfied
Case 34,2,¡¢,¥¥£¤,¥£¤,0.75,1.0,0.5,Satisfied
Case 3403,2,¡¢,¥£¤,¥£¤,1.0,1.0,0.5,Satisfied
Case 3409,2,¡¢,¦¬¬­,¥£¤,0.0,0.0,0.5,Satisfied
Case 3413,2,¡¢,¥£¤,¥£¤,1.0,1.0,0.5,Satisfied
Case 3416,2,¡¥,£¤,£¤,1.0,1.0,0.5,Satisfied
Case 3418,2,¡¢,­¥£¤,¥£¤,0.75,0.75,0.5,Satisfied
Case 3419,2,¡¢,¥£¤,¥£¤,1.0,1.0,0.5,Satisfied
Case 3426,2,¡¢,¥£¤,¥£¤,1.0,1.0,0.5,Satisfied
Case 3428,2,¡¢,¥£¤,¥£¤,1.0,1.0,0.5,Satisfied
Case 343,2,¡¢,¥£¤,¥£¤,1.0,1.0,0.5,Satisfied
Case 3436,2,¡¢,¥¥¥¥£¤,¥£¤,0.5,1.0,0.5,Satisfied
Case 3439,2,¢¥,£¢¥¢¥£¤,£¤,0.2857142857142857,0.5,0.5,Satisfied
Case 3440,2,¡¢,¥£¤,¥£¤,1.0,1.0,0.5,Satisfied
Case 3442,2,¡¢,¥£¤,¥£¤,1.0,1.0,0.5,Satisfied
Case 3443,2,¡¢,­¥£,¥£¤,0.33333333333333337,0.5,0.5,Satisfied
Case 3444,2,¡¦,¦¬¬­¥£¤,£¤,0.2857142857142857,0.33333333333333326,0.5,Satisfied
Case 3448,2,¡¢,¥£¤,¥£¤,1.0,1.0,0.5,Satisfied
Case 3449,2,¡¡,¢¥£¤,¢£¤,0.75,0.75,0.5,Satisfied
Case 345,2,¡¢,¥£¤,¥£¤,1.0,1.0,0.5,Satisfied
Case 3454,2,¡¢,¢¥£¤,¥£¤,0.75,0.75,0.5,Satisfied
Case 346,2,¡¥,¥£¤,£¤,0.6666666666666667,0.6666666666666666,0.5,Satisfied
Case 3462,2,¡¢,¥£¤,¥£¤,1.0,1.0,0.5,Satisfied
Case 3465,2,¡¢,¥£¤,¥£¤,1.0,1.0,0.5,Satisfied
Case 3475,2,¡¢,¥£¤,¥£¤,1.0,1.0,0.5,Satisfied
Case 348,2,¡¢,¥£¤,¥£¤,1.0,1.0,0.5,Satisfied
Case 349,2,¡¢,¥£¤,¥£¤,1.0,1.0,0.5,Satisfied
Case 3498,2,¡¢,¥£¤,¥£¤,1.0,1.0,0.5,Satisfied
Case 3511,2,¡¢,¥£¤,¥£¤,1.0,1.0,0.5,Satisfied
Case 3516,2,¡¢,­¥£¤,¥£¤,0.75,0.75,0.5,Satisfied
Case 3517,2,¡¢,¥£¤,¥£¤,1.0,1.0,0.5,Satisfied
Case 3529,2,¡¢,¥£¤,¥£¤,1.0,1.0,0.5,Satisfied
Case 3530,2,¡¢,¥£¤,¥£¤,1.0,1.0,0.5,Satisfied
Case 3532,2,¡¢,¥£¤,¥£¤,1.0,1.0,0.5,Satisfied
Case 3535,2,¡¢,¥£¤,¥£¤,1.0,1.0,0.5,Satisfied
Case 3537,2,¡¢,¥£¤,¥£¤,1.0,1.0,0.5,Satisfied
Case 3539,2,¡¢,¥£¤,¥£¤,1.0,1.0,0.5,Satisfied
Case 3542,2,¡¢,¥£¤,¥£¤,1.0,1.0,0.5,Satisfied
Case 3543,2,¡¢,¥£¤,¥£¤,1.0,1.0,0.5,Satisfied
Case 3546,2,¡¢,¥£¤,¥£¤,1.0,1.0,0.5,Satisfied
Case 3551,2,¡¢,¥£¤,¥£¤,1.0,1.0,0.5,Satisfied
Case 3552,2,¡¢,¥£¤,¥£¤,1.0,1.0,0.5,Satisfied
Case 3562,2,¡¢,¥£¢¥£¤,¥£¤,0.5,0.75,0.5,Satisfied
Case 3563,2,¡¢,¥£¤,¥£¤,1.0,1.0,0.5,Satisfied
Case 3565,2,¡¢,¥£¤,¥£¤,1.0,1.0,0.5,Satisfied
Case 3567,2,¡¢,¥£¤,¥£¤,1.0,1.0,0.5,Satisfied
Case 3569,2,¢¥,£¤,£¤,1.0,1.0,0.5,Satisfied
Case 3582,2,¡¢,¥£¤,¥£¤,1.0,1.0,0.5,Satisfied
Case 3583,2,¡¢,¥£¤,¥£¤,1.0,1.0,0.5,Satisfied
Case 3592,2,¡¢,¥£¤,¥£¤,1.0,1.0,0.5,Satisfied
Case 3599,2,¡¢,¥£¤,¥£¤,1.0,1.0,0.5,Satisfied
Case 3600,2,¡¢,¥£¤,¥£¤,1.0,1.0,0.5,Satisfied
Case 3601,2,¡¢,¥£¤,¥£¤,1.0,1.0,0.5,Satisfied
Case 361,2,¡¢,¥£¢¥£¤,¥£¤,0.5,0.75,0.5,Satisfied
Case 3613,2,¡¢,­¥£¤,¥£¤,0.75,0.75,0.5,Satisfied
Case 3614,2,¡¢,¥£¤,¥£¤,1.0,1.0,0.5,Satisfied
Case 3634,2,¢¥,£¤,£¤,1.0,1.0,0.5,Satisfied
Case 3638,2,¡¢,¥£¤,¥£¤,1.0,1.0,0.5,Satisfied
Case 364,2,¡¢,¥£¤,¥£¤,1.0,1.0,0.5,Satisfied
Case 3641,2,¡¢,¥£¤,¥£¤,1.0,1.0,0.5,Satisfied
Case 3643,2,¡¢,¥£¤,¥£¤,1.0,1.0,0.5,Satisfied
Case 3645,2,¡¢,­¥£¤,¥£¤,0.75,0.75,0.5,Satisfied
Case 3653,2,¡¢,¥£¤,¥£¤,1.0,1.0,0.5,Satisfied
Case 3654,2,¡¢,¥£¤,¥£¤,1.0,1.0,0.5,Satisfied
Case 3656,2,¡¢,¥¥£¤,¥£¤,0.75,1.0,0.5,Satisfied
Case 3657,2,¡¢,¥£¤,¥£¤,1.0,1.0,0.5,Satisfied
Case 3662,2,¡¢,¥¥£¤,¥£¤,0.75,1.0,0.5,Satisfied
Case 3663,2,¡¢,¥£¤,¥£¤,1.0,1.0,0.5,Satisfied
Case 3666,2,¡¢,¥£¤,¥£¤,1.0,1.0,0.5,Satisfied
Case 3669,2,¡¡,¢¥¢­­£¤,¢£¤,0.4285714285714286,0.6,0.5,Satisfied
Case 367,2,¡¥,¥£¤,£¤,0.6666666666666667,0.6666666666666666,0.5,Satisfied
Case 3670,2,¡¢,¥£¤,¥£¤,1.0,1.0,0.5,Satisfied
Case 3673,2,¡¢,¥¢¥£¤,¥£¤,0.6,0.75,0.5,Satisfied
Case 3674,2,¡¢,¥£¤,¥£¤,1.0,1.0,0.5,Satisfied
Case 3676,2,¡¢,¥£¥£¤,¥£¤,0.6,1.0,0.5,Satisfied
Case 3678,2,¡¢,¥£¤,¥£¤,1.0,1.0,0.5,Satisfied
Case 3688,2,¡¡,¢¥£¤,¢£¤,0.75,0.75,0.5,Satisfied
Case 3692,2,¡¥,£¢¥£¤,£¤,0.4,0.5,0.5,Satisfied
Case 3696,2,¡¢,¥£¤,¥£¤,1.0,1.0,0.5,Satisfied
Case 370,2,¡¢,¥£¤,¥£¤,1.0,1.0,0.5,Satisfied
Case 3705,2,¡¢,¥£¢¥£¤,¥£¤,0.5,0.75,0.5,Satisfied
Case 3708,2,¡¢,¥£¤,¥£¤,1.0,1.0,0.5,Satisfied
Case 3738,2,¡¢,¥£¤,¥£¤,1.0,1.0,0.5,Satisfied
Case 374,2,¡¢,¥£¤,¥£¤,1.0,1.0,0.5,Satisfied
Case 3742,2,¡¢,¥£¤,¥£¤,1.0,1.0,0.5,Satisfied
Case 3745,2,¡¢,¥£¤,¥£¤,1.0,1.0,0.5,Satisfied
Case 3766,2,¡¢,¥£¤,¥£¤,1.0,1.0,0.5,Satisfied
Case 3770,2,¡¢,¥£¤,¥£¤,1.0,1.0,0.5,Satisfied
Case 3775,2,¡¢,¥£¤,¥£¤,1.0,1.0,0.5,Satisfied
Case 3776,2,¡¡,¢¥£¤,¢£¤,0.75,0.75,0.5,Satisfied
Case 378,2,¡¢,¥£¤,¥£¤,1.0,1.0,0.5,Satisfied
Case 3787,2,¡¢,¥¢£¤,¥£¤,0.75,0.75,0.5,Satisfied
Case 3798,2,¡¢,¥£¤,¥£¤,1.0,1.0,0.5,Satisfied
Case 380,2,¡¥,£¤,£¤,1.0,1.0,0.5,Satisfied
Case 3802,2,§¡,¥£¤,¢£¤,0.6666666666666667,0.5,0.5,Satisfied
Case 3818,2,¡¢,¥£¤,¥£¤,1.0,1.0,0.5,Satisfied
Case 3819,2,¡¢,¥£¤,¥£¤,1.0,1.0,0.5,Satisfied
Case 382,2,¡¢,¥¢­£,¥£¤,0.25,0.4,0.5,Satisfied
Case 3822,2,¡¢,¥£¤,¥£¤,1.0,1.0,0.5,Satisfied
Case 383,2,§¥,¥,£¤,0.0,0.0,0.5,Satisfied
Case 3832,2,¡¢,¥¥£¢¥£¤,¥£¤,0.4285714285714286,0.75,0.5,Satisfied
Case 384,2,¡¢,¥£¤,¥£¤,1.0,1.0,0.5,Satisfied
Case 3844,2,¡¢,¥£¤,¥£¤,1.0,1.0,0.5,Satisfied
Case 3857,2,¡¢,¥£¤,¥£¤,1.0,1.0,0.5,Satisfied
Case 3864,2,¡¢,¥£¤,¥£¤,1.0,1.0,0.5,Satisfied
Case 3865,2,¡¢,­¥£¤,¥£¤,0.75,0.75,0.5,Satisfied
Case 3877,2,¡¢,¥£¤,¥£¤,1.0,1.0,0.5,Satisfied
Case 3880,2,¡¥,£¤,£¤,1.0,1.0,0.5,Satisfied
Case 3884,2,¡¢,¥¢£¤,¥£¤,0.75,0.75,0.5,Satisfied
Case 3885,2,¡¢,¥£¤,¥£¤,1.0,1.0,0.5,Satisfied
Case 3888,2,¡¥,£¤,£¤,1.0,1.0,0.5,Satisfied
Case 3890,2,¡¢,¥£¤,¥£¤,1.0,1.0,0.5,Satisfied
Case 3896,2,¡¢,¥£¤,¥£¤,1.0,1.0,0.5,Satisfied
Case 3898,2,¡¢,¥£¤,¥£¤,1.0,1.0,0.5,Satisfied
Case 3899,2,¡¢,¥£¤,¥£¤,1.0,1.0,0.5,Satisfied
Case 39,2,¡¢,¥£¤,¥£¤,1.0,1.0,0.5,Satisfied
Case 3905,2,¡¢,¥£¤,¥£¤,1.0,1.0,0.5,Satisfied
Case 3912,2,¡¢,¥£¤,¥£¤,1.0,1.0,0.5,Satisfied
Case 3913,2,¡¥,£¤,£¤,1.0,1.0,0.5,Satisfied
Case 3928,2,¡¢,¥£¤,¥£¤,1.0,1.0,0.5,Satisfied
Case 3930,2,¡¢,¥£¤,¥£¤,1.0,1.0,0.5,Satisfied
Case 3933,2,¡¢,¥£¤,¥£¤,1.0,1.0,0.5,Satisfied
Case 3943,2,¡¢,¥£¤,¥£¤,1.0,1.0,0.5,Satisfied
Case 3946,2,¡¢,¥£¤,¥£¤,1.0,1.0,0.5,Satisfied
Case 3957,2,¡¢,¢¥£¤,¥£¤,0.75,0.75,0.5,Satisfied
Case 3963,2,¡¢,­­¥£¥£¤,¥£¤,0.4285714285714286,0.75,0.5,Satisfied
Case 397,2,¡¢,¥£¤,¥£¤,1.0,1.0,0.5,Satisfied
Case 3974,2,¡¢,¥£¤,¥£¤,1.0,1.0,0.5,Satisfied
Case 3976,2,¡¢,¥£¤,¥£¤,1.0,1.0,0.5,Satisfied
Case 3983,2,¡¢,¥£¤,¥£¤,1.0,1.0,0.5,Satisfied
Case 399,2,¡¢,¥£¤,¥£¤,1.0,1.0,0.5,Satisfied
Case 3992,2,¡¢,­£¤,¥£¤,0.6666666666666667,0.5,0.5,Satisfied
Case 40,2,¡¢,£¤,¥£¤,0.6666666666666667,0.6666666666666666,0.5,Satisfied
Case 4004,2,¢£,£¤,¤,0.5,0.5,0.5,Satisfied
Case 4006,2,¡¢,¥¢¥£¤,¥£¤,0.6,0.75,0.5,Satisfied
Case 4009,2,¡¢,¥£¤,¥£¤,1.0,1.0,0.5,Satisfied
Case 4017,2,¡¢,¥£¤,¥£¤,1.0,1.0,0.5,Satisfied
Case 402,2,¡¢,£¤,¥£¤,0.6666666666666667,0.6666666666666666,0.5,Satisfied
Case 4026,2,¡¢,¥¦­£¤,¥£¤,0.6,0.6,0.5,Satisfied
Case 4030,2,¡¢,£¤,¥£¤,0.6666666666666667,0.6666666666666666,0.5,Satisfied
Case 4031,2,¡£,£¤,¤,0.5,0.5,0.5,Satisfied
Case 4032,2,¡¥,£¤,£¤,1.0,1.0,0.5,Satisfied
Case 4037,2,¡¢,£¤,¥£¤,0.6666666666666667,0.6666666666666666,0.5,Satisfied
Case 4048,2,¡¢,£¤,¥£¤,0.6666666666666667,0.6666666666666666,0.5,Satisfied
Case 4054,2,¡¢,£¤,¥£¤,0.6666666666666667,0.6666666666666666,0.5,Satisfied
Case 4067,2,¡¢,£¤,¥£¤,0.6666666666666667,0.6666666666666666,0.5,Satisfied
Case 4068,2,¡¢,£¤,¥£¤,0.6666666666666667,0.6666666666666666,0.5,Satisfied
Case 4069,2,¡¢,£¤,¥£¤,0.6666666666666667,0.6666666666666666,0.5,Satisfied
Case 407,2,¡¢,¥£¤,¥£¤,1.0,1.0,0.5,Satisfied
Case 4073,2,¡¢,¥£¤,¥£¤,1.0,1.0,0.5,Satisfied
Case 4074,2,¡¢,¥£¤,¥£¤,1.0,1.0,0.5,Satisfied
Case 408,2,¡¡,¢¥£¤,¢£¤,0.75,0.75,0.5,Satisfied
Case 4082,2,¡¢,­£¤,¥£¤,0.6666666666666667,0.5,0.5,Satisfied
Case 4084,2,¡¢,¥£¤,¥£¤,1.0,1.0,0.5,Satisfied
Case 4106,2,¡¢,£¤,¥£¤,0.6666666666666667,0.6666666666666666,0.5,Satisfied
Case 4107,2,¡¢,¥¥£¤,¥£¤,0.75,1.0,0.5,Satisfied
Case 412,2,¡¢,¥£¤,¥£¤,1.0,1.0,0.5,Satisfied
Case 4127,2,¡¢,£¤,¥£¤,0.6666666666666667,0.6666666666666666,0.5,Satisfied
Case 414,2,¡¡,¢£¤,¢£¤,1.0,1.0,0.5,Satisfied
Case 4145,2,¡¢,£¤,¥£¤,0.6666666666666667,0.6666666666666666,0.5,Satisfied
Case 4147,2,¡¢,¥£¤,¥£¤,1.0,1.0,0.5,Satisfied
Case 4149,2,¡¢,¥£¤,¥£¤,1.0,1.0,0.5,Satisfied
Case 4154,2,¡¢,£¤,¥£¤,0.6666666666666667,0.6666666666666666,0.5,Satisfied
Case 4156,2,¡¢,¥£¤,¥£¤,1.0,1.0,0.5,Satisfied
Case 4160,2,¡¢,£¤,¥£¤,0.6666666666666667,0.6666666666666666,0.5,Satisfied
Case 4161,2,¡¢,£¤,¥£¤,0.6666666666666667,0.6666666666666666,0.5,Satisfied
Case 4162,2,¡¢,£¤,¥£¤,0.6666666666666667,0.6666666666666666,0.5,Satisfied
Case 4165,2,¡¡,¢¥£¤,¢£¤,0.75,0.75,0.5,Satisfied
Case 4172,2,¡¢,¥£¤,¥£¤,1.0,1.0,0.5,Satisfied
Case 4183,2,¡­,£¤,£¤,1.0,1.0,0.5,Satisfied
Case 4185,2,¡¢,­£¤,¥£¤,0.6666666666666667,0.5,0.5,Satisfied
Case 4187,2,¡¢,¥¢¥,¥£¤,0.33333333333333337,0.25,0.5,Satisfied
Case 4194,2,¡¢,£¤,¥£¤,0.6666666666666667,0.6666666666666666,0.5,Satisfied
Case 4197,2,¡¡,¡¢£¤,¢£¤,0.75,0.75,0.5,Satisfied
Case 4206,2,¡¢,£¤,¥£¤,0.6666666666666667,0.6666666666666666,0.5,Satisfied
Case 421,2,¡¢,£¤,¥£¤,0.6666666666666667,0.6666666666666666,0.5,Satisfied
Case 4212,2,¡¢,£¤,¥£¤,0.6666666666666667,0.6666666666666666,0.5,Satisfied
Case 4241,2,¡¢,£¤,¥£¤,0.6666666666666667,0.6666666666666666,0.5,Satisfied
Case 4248,2,¡£,¤,¤,1.0,1.0,0.5,Satisfied
Case 4255,2,¡¢,££¤,¥£¤,0.6666666666666667,0.6666666666666666,0.5,Satisfied
Case 4257,2,¡¢,¥£¤,¥£¤,1.0,1.0,0.5,Satisfied
Case 4259,2,¡¢,¢£¤,¥£¤,0.6666666666666667,0.5,0.5,Satisfied
Case 4268,2,¢¥,£¤,£¤,1.0,1.0,0.5,Satisfied
Case 4269,2,¡¢,¥£¤,¥£¤,1.0,1.0,0.5,Satisfied
Case 427,2,¡¢,£¤,¥£¤,0.6666666666666667,0.6666666666666666,0.5,Satisfied
Case 4282,2,¡¢,£¤,¥£¤,0.6666666666666667,0.6666666666666666,0.5,Satisfied
Case 4300,2,¡¢,¥¥£¤,¥£¤,0.75,1.0,0.5,Satisfied
Case 4301,2,¡¢,¥£¤,¥£¤,1.0,1.0,0.5,Satisfied
Case 4324,2,¡¢,£¤,¥£¤,0.6666666666666667,0.6666666666666666,0.5,Satisfied
Case 4325,2,¡¢,£¤,¥£¤,0.6666666666666667,0.6666666666666666,0.5,Satisfied
Case 4326,2,¡¢,¥£¤,¥£¤,1.0,1.0,0.5,Satisfied
Case 433,2,¡¢,¥¥£¤,¥£¤,0.75,1.0,0.5,Satisfied
Case 4332,2,¡¢,£¤,¥£¤,0.6666666666666667,0.6666666666666666,0.5,Satisfied
Case 4337,2,¡¢,¥£¤,¥£¤,1.0,1.0,0.5,Satisfied
Case 4338,2,¡¢,¥¢¥£¤,¥£¤,0.6,0.75,0.5,Satisfied
Case 4348,2,¡¢,­£¤,¥£¤,0.6666666666666667,0.5,0.5,Satisfied
Case 435,2,¡¢,­£¤,¥£¤,0.6666666666666667,0.5,0.5,Satisfied
Case 4351,2,¡¢,¥£¤,¥£¤,1.0,1.0,0.5,Satisfied
Case 4352,2,¡¢,¥£¤,¥£¤,1.0,1.0,0.5,Satisfied
Case 4353,2,¡¢,¢¥¥£¤,¥£¤,0.6,0.75,0.5,Satisfied
Case 4354,2,¡¢,­£,¥£¤,0.33333333333333337,0.25,0.5,Satisfied
Case 4355,2,¡¢,£¤,¥£¤,0.6666666666666667,0.6666666666666666,0.5,Satisfied
Case 4359,2,¡¢,¥£¤,¥£¤,1.0,1.0,0.5,Satisfied
Case 4361,2,¡¢,­£¤,¥£¤,0.6666666666666667,0.5,0.5,Satisfied
Case 4365,2,¡¢,¥£¤,¥£¤,1.0,1.0,0.5,Satisfied
Case 4369,2,¡¢,¥£¤,¥£¤,1.0,1.0,0.5,Satisfied
Case 4370,2,§¥,¥,£¤,0.0,0.0,0.5,Satisfied
Case 4371,2,¡£,£¤,¤,0.5,0.5,0.5,Satisfied
Case 438,2,¡¢,­¥£¤,¥£¤,0.75,0.75,0.5,Satisfied
Case 4383,2,¡¢,£¤,¥£¤,0.6666666666666667,0.6666666666666666,0.5,Satisfied
Case 4385,2,¡¡,¢£¤,¢£¤,1.0,1.0,0.5,Satisfied
Case 4389,2,¡¢,­£¤,¥£¤,0.6666666666666667,0.5,0.5,Satisfied
Case 4394,2,¡¢,£¤,¥£¤,0.6666666666666667,0.6666666666666666,0.5,Satisfied
Case 4396,2,¡¢,£¤,¥£¤,0.6666666666666667,0.6666666666666666,0.5,Satisfied
Case 4398,2,¡¢,¥¢¥£¤,¥£¤,0.6,0.75,0.5,Satisfied
Case 4407,2,¡¢,¥£¤,¥£¤,1.0,1.0,0.5,Satisfied
Case 441,2,¢£,£¤,¤,0.5,0.5,0.5,Satisfied
Case 4410,2,¡¢,¥¢£¤,¥£¤,0.75,0.75,0.5,Satisfied
Case 4415,2,¡¢,£¤,¥£¤,0.6666666666666667,0.6666666666666666,0.5,Satisfied
Case 4417,2,¡¥,££¤,£¤,0.6666666666666667,1.0,0.5,Satisfied
Case 4419,2,¡¥,£¤,£¤,1.0,1.0,0.5,Satisfied
Case 4421,2,¡¢,¥£¤,¥£¤,1.0,1.0,0.5,Satisfied
Case 4422,2,¡¢,£¤,¥£¤,0.6666666666666667,0.6666666666666666,0.5,Satisfied
Case 4423,2,¡¡,¢£¤,¢£¤,1.0,1.0,0.5,Satisfied
Case 4424,2,¡¢,¥£¤,¥£¤,1.0,1.0,0.5,Satisfied
Case 4426,2,¡¢,¥£¤,¥£¤,1.0,1.0,0.5,Satisfied
Case 4431,2,¡¢,¥£¤,¥£¤,1.0,1.0,0.5,Satisfied
Case 4456,2,¡¢,¥£¤,¥£¤,1.0,1.0,0.5,Satisfied
Case 446,2,¡¢,¥£¤,¥£¤,1.0,1.0,0.5,Satisfied
Case 4463,2,¡¢,¦¦¬¬­¦£,¥£¤,0.0,0.16666666666666663,0.5,Satisfied
Case 4465,2,¡¢,¥£¤,¥£¤,1.0,1.0,0.5,Satisfied
Case 4469,2,¡¢,£¤,¥£¤,0.6666666666666667,0.6666666666666666,0.5,Satisfied
Case 447,2,¡£,¤,¤,1.0,1.0,0.5,Satisfied
Case 4478,2,¡¢,¥¢£¤,¥£¤,0.75,0.75,0.5,Satisfied
Case 4485,2,¡¢,¥£¤,¥£¤,1.0,1.0,0.5,Satisfied
Case 4487,2,¡¢,£¤,¥£¤,0.6666666666666667,0.6666666666666666,0.5,Satisfied
Case 4501,2,¢¥,¢¥£¤,£¤,0.5,0.5,0.5,Satisfied
Case 4506,2,¡¢,¥£¤,¥£¤,1.0,1.0,0.5,Satisfied
Case 4511,2,¡¢,­££¤,¥£¤,0.5,0.5,0.5,Satisfied
Case 4530,2,¡¡,£¤,¢£¤,0.6666666666666667,0.6666666666666666,0.5,Satisfied
Case 4532,2,¡£,¤,¤,1.0,1.0,0.5,Satisfied
Case 4535,2,¡¢,£¤,¥£¤,0.6666666666666667,0.6666666666666666,0.5,Satisfied
Case 4537,2,¡¢,£¤,¥£¤,0.6666666666666667,0.6666666666666666,0.5,Satisfied
Case 4544,2,¡¢,£,¥£¤,0.33333333333333337,0.33333333333333326,0.5,Satisfied
Case 4558,2,¡¢,¥£¤,¥£¤,1.0,1.0,0.5,Satisfied
Case 456,2,¡¢,£¤,¥£¤,0.6666666666666667,0.6666666666666666,0.5,Satisfied
Case 4563,2,¡¢,¥£¤,¥£¤,1.0,1.0,0.5,Satisfied
Case 4575,2,¡¢,¥£¤,¥£¤,1.0,1.0,0.5,Satisfied
Case 46,2,¡¢,¢¥£¤,¥£¤,0.75,0.75,0.5,Satisfied
Case 467,2,¡¢,¥¢­£¤,¥£¤,0.6,0.6,0.5,Satisfied
Case 470,2,¡¢,¥£¤,¥£¤,1.0,1.0,0.5,Satisfied
Case 474,2,¡¡,¡¢¥£¤,¢£¤,0.6,0.6,0.5,Satisfied
Case 478,2,¡¡,¢¥£¤,¢£¤,0.75,0.75,0.5,Satisfied
Case 480,2,¡¢,£¤,¥£¤,0.6666666666666667,0.6666666666666666,0.5,Satisfied
Case 483,2,¡¢,£¤,¥£¤,0.6666666666666667,0.6666666666666666,0.5,Satisfied
Case 484,2,¡¢,¥£¤,¥£¤,1.0,1.0,0.5,Satisfied
Case 487,2,¡¢,£¤,¥£¤,0.6666666666666667,0.6666666666666666,0.5,Satisfied
Case 496,2,¡¢,¥£¤,¥£¤,1.0,1.0,0.5,Satisfied
Case 498,2,¡¢,££¤,¥£¤,0.6666666666666667,0.6666666666666666,0.5,Satisfied
Case 502,2,¡¢,£¤,¥£¤,0.6666666666666667,0.6666666666666666,0.5,Satisfied
Case 503,2,¡¢,¦­£¤,¥£¤,0.5,0.4,0.5,Satisfied
Case 504,2,¡¢,¥£¤,¥£¤,1.0,1.0,0.5,Satisfied
Case 506,2,¡¢,­£¤,¥£¤,0.6666666666666667,0.5,0.5,Satisfied
Case 507,2,¡¢,£¤,¥£¤,0.6666666666666667,0.6666666666666666,0.5,Satisfied
Case 520,2,¡¢,££¤,¥£¤,0.6666666666666667,0.6666666666666666,0.5,Satisfied
Case 523,2,¢¥,£¤,£¤,1.0,1.0,0.5,Satisfied
Case 525,2,¡¡,¢¥¥,¢£¤,0.33333333333333337,0.25,0.5,Satisfied
Case 527,2,¡¥,¡¡¢£¤,£¤,0.4,0.5,0.5,Satisfied
Case 529,2,¡¥,¥£¤,£¤,0.6666666666666667,0.6666666666666666,0.5,Satisfied
Case 530,2,¡¢,¥¥¥£¤,¥£¤,0.6,1.0,0.5,Satisfied
Case 532,2,¡¢,£¢¥£¤,¥£¤,0.6,0.75,0.5,Satisfied
Case 533,2,¡¢,£¤,¥£¤,0.6666666666666667,0.6666666666666666,0.5,Satisfied
Case 54,2,¡¢,£¤,¥£¤,0.6666666666666667,0.6666666666666666,0.5,Satisfied
Case 553,2,¡¢,¥£¤,¥£¤,1.0,1.0,0.5,Satisfied
Case 554,2,¡£,¤,¤,1.0,1.0,0.5,Satisfied
Case 557,2,¢£,¤,¤,1.0,1.0,0.5,Satisfied
Case 558,2,¡¢,¢£¤,¥£¤,0.6666666666666667,0.5,0.5,Satisfied
Case 559,2,¡¢,¥£¤,¥£¤,1.0,1.0,0.5,Satisfied
Case 566,2,¡¢,¥¢¥£¤,¥£¤,0.6,0.75,0.5,Satisfied
Case 575,2,¡¢,¥£¤,¥£¤,1.0,1.0,0.5,Satisfied
Case 58,2,¡¦,­£¤,£¤,0.6666666666666667,0.6666666666666666,0.5,Satisfied
Case 593,2,¡¢,£¤,¥£¤,0.6666666666666667,0.6666666666666666,0.5,Satisfied
Case 594,2,¡¢,£¤,¥£¤,0.6666666666666667,0.6666666666666666,0.5,Satisfied
Case 595,2,¡¢,¥£¤,¥£¤,1.0,1.0,0.5,Satisfied
Case 603,2,¡¢,££¤,¥£¤,0.6666666666666667,0.6666666666666666,0.5,Satisfied
Case 606,2,¡¢,£¤,¥£¤,0.6666666666666667,0.6666666666666666,0.5,Satisfied
Case 622,2,¡¢,¦£¤,¥£¤,0.6666666666666667,0.5,0.5,Satisfied
Case 624,2,¡¢,¥£¤,¥£¤,1.0,1.0,0.5,Satisfied
Case 626,2,¡¢,¥£¤,¥£¤,1.0,1.0,0.5,Satisfied
Case 63,2,¡¢,£¤,¥£¤,0.6666666666666667,0.6666666666666666,0.5,Satisfied
Case 630,2,¡¢,£¤,¥£¤,0.6666666666666667,0.6666666666666666,0.5,Satisfied
Case 631,2,¢¥,¢¥£¤,£¤,0.5,0.5,0.5,Satisfied
Case 638,2,¡¢,¥¢¥£¤,¥£¤,0.6,0.75,0.5,Satisfied
Case 639,2,¡¢,¥£¤,¥£¤,1.0,1.0,0.5,Satisfied
Case 645,2,¡¢,£¤,¥£¤,0.6666666666666667,0.6666666666666666,0.5,Satisfied
Case 65,2,¡¢,¥£¤,¥£¤,1.0,1.0,0.5,Satisfied
Case 656,2,¡¢,¥££¤,¥£¤,0.75,1.0,0.5,Satisfied
Case 664,2,¡¢,¥£¤,¥£¤,1.0,1.0,0.5,Satisfied
Case 676,2,¢¥,£¤,£¤,1.0,1.0,0.5,Satisfied
Case 679,2,¡¢,£¤,¥£¤,0.6666666666666667,0.6666666666666666,0.5,Satisfied
Case 685,2,¢¥,£¤,£¤,1.0,1.0,0.5,Satisfied
Case 69,2,¡¢,£¤,¥£¤,0.6666666666666667,0.6666666666666666,0.5,Satisfied
Case 691,2,¡¢,£¤,¥£¤,0.6666666666666667,0.6666666666666666,0.5,Satisfied
Case 696,2,¡¢,£¤,¥£¤,0.6666666666666667,0.6666666666666666,0.5,Satisfied
Case 7,2,¡¡,¡¢£¤,¢£¤,0.75,0.75,0.5,Satisfied
Case 701,2,¡¢,£¤,¥£¤,0.6666666666666667,0.6666666666666666,0.5,Satisfied
Case 708,2,¡¢,¥£¤,¥£¤,1.0,1.0,0.5,Satisfied
Case 728,2,¡¢,£¤,¥£¤,0.6666666666666667,0.6666666666666666,0.5,Satisfied
Case 73,2,¡£,¤,¤,1.0,1.0,0.5,Satisfied
Case 732,2,¡¦,¢¦­®«£¤,£¤,0.2857142857142857,0.2857142857142857,0.5,Satisfied
Case 747,2,¡¢,¥£¤,¥£¤,1.0,1.0,0.5,Satisfied
Case 755,2,¡¢,£¤,¥£¤,0.6666666666666667,0.6666666666666666,0.5,Satisfied
Case 757,2,¡¢,­¥£¤,¥£¤,0.75,0.75,0.5,Satisfied
Case 769,2,¡¢,£¤,¥£¤,0.6666666666666667,0.6666666666666666,0.5,Satisfied
Case 77,2,¡¢,¥£¤,¥£¤,1.0,1.0,0.5,Satisfied
Case 775,2,¡¢,¥£¤,¥£¤,1.0,1.0,0.5,Satisfied
Case 780,2,¡¢,¥£¤,¥£¤,1.0,1.0,0.5,Satisfied
Case 782,2,¡¢,¥£¤,¥£¤,1.0,1.0,0.5,Satisfied
Case 79,2,¡¢,¥¥£¤,¥£¤,0.75,1.0,0.5,Satisfied
Case 80,2,¡¢,£¤,¥£¤,0.6666666666666667,0.6666666666666666,0.5,Satisfied
Case 805,2,¡¢,¥£¤,¥£¤,1.0,1.0,0.5,Satisfied
Case 807,2,¡­,£¤,£¤,1.0,1.0,0.5,Satisfied
Case 809,2,¡¢,¥£¤,¥£¤,1.0,1.0,0.5,Satisfied
Case 82,2,¡¢,¥£¤,¥£¤,1.0,1.0,0.5,Satisfied
Case 821,2,¡¢,£¤,¥£¤,0.6666666666666667,0.6666666666666666,0.5,Satisfied
Case 824,2,¡¢,£¤,¥£¤,0.6666666666666667,0.6666666666666666,0.5,Satisfied
Case 825,2,¡¢,£¤,¥£¤,0.6666666666666667,0.6666666666666666,0.5,Satisfied
Case 826,2,¡¢,¥£¤,¥£¤,1.0,1.0,0.5,Satisfied
Case 829,2,¡¢,£¤,¥£¤,0.6666666666666667,0.6666666666666666,0.5,Satisfied
Case 83,2,¡¢,¥£¤,¥£¤,1.0,1.0,0.5,Satisfied
Case 831,2,¡¢,¥£¤,¥£¤,1.0,1.0,0.5,Satisfied
Case 839,2,¢¥,£¤,£¤,1.0,1.0,0.5,Satisfied
Case 841,2,¡¢,£¤,¥£¤,0.6666666666666667,0.6666666666666666,0.5,Satisfied
Case 845,2,¡¢,¥£¤,¥£¤,1.0,1.0,0.5,Satisfied
Case 849,2,¡¢,£¤,¥£¤,0.6666666666666667,0.6666666666666666,0.5,Satisfied
Case 856,2,¡¢,¥£¤,¥£¤,1.0,1.0,0.5,Satisfied
Case 868,2,¡¢,¦£¤,¥£¤,0.6666666666666667,0.5,0.5,Satisfied
Case 875,2,¡¢,£¤,¥£¤,0.6666666666666667,0.6666666666666666,0.5,Satisfied
Case 876,2,¡¢,¥£¤,¥£¤,1.0,1.0,0.5,Satisfied
Case 881,2,¡¢,¥£¤,¥£¤,1.0,1.0,0.5,Satisfied
Case 89,2,¡¢,£¤,¥£¤,0.6666666666666667,0.6666666666666666,0.5,Satisfied
Case 894,2,¡¢,¥¥£¤,¥£¤,0.75,1.0,0.5,Satisfied
Case 901,2,¡£,£¤,¤,0.5,0.5,0.5,Satisfied
Case 906,2,¡¢,£¤,¥£¤,0.6666666666666667,0.6666666666666666,0.5,Satisfied
Case 910,2,¡¢,£¤,¥£¤,0.6666666666666667,0.6666666666666666,0.5,Satisfied
Case 911,2,¡¢,¢£¤,¥£¤,0.6666666666666667,0.5,0.5,Satisfied
Case 930,2,¡¢,£¤,¥£¤,0.6666666666666667,0.6666666666666666,0.5,Satisfied
Case 939,2,¡¢,¥¥£¤,¥£¤,0.75,1.0,0.5,Satisfied
Case 949,2,¡¢,£¤,¥£¤,0.6666666666666667,0.6666666666666666,0.5,Satisfied
Case 951,2,¡¢,¥£¤,¥£¤,1.0,1.0,0.5,Satisfied
Case 954,2,¡¢,£¤,¥£¤,0.6666666666666667,0.6666666666666666,0.5,Satisfied
Case 959,2,¡¢,£¤,¥£¤,0.6666666666666667,0.6666666666666666,0.5,Satisfied
Case 961,2,¡¢,¥£¤,¥£¤,1.0,1.0,0.5,Satisfied
Case 962,2,¡¢,£¤,¥£¤,0.6666666666666667,0.6666666666666666,0.5,Satisfied
Case 963,2,¡¢,£¤,¥£¤,0.6666666666666667,0.6666666666666666,0.5,Satisfied
Case 964,2,¡¢,£¤,¥£¤,0.6666666666666667,0.6666666666666666,0.5,Satisfied
Case 97,2,¡¢,£¤,¥£¤,0.6666666666666667,0.6666666666666666,0.5,Satisfied
Case 979,2,¡¢,£¤,¥£¤,0.6666666666666667,0.6666666666666666,0.5,Satisfied
Case 980,2,¡¡,£¤,¢£¤,0.6666666666666667,0.6666666666666666,0.5,Satisfied
Case 984,2,¢£,¤,¤,1.0,1.0,0.5,Satisfied
Case 986,2,¡¢,¥£¤,¥£¤,1.0,1.0,0.5,Satisfied
Case 988,2,¡¢,¥£¤,¥£¤,1.0,1.0,0.5,Satisfied
Case 989,2,¡¢,¥£¤,¥£¤,1.0,1.0,0.5,Satisfied
Case 998,2,¡¢,¥£¤,¥£¤,1.0,1.0,0.5,Satisfied
Case 999,2,¡¢,£¤,¥£¤,0.6666666666666667,0.6666666666666666,0.5,Satisfied
Case 1,2,¡¢,¢¥£¤,¥£¤,0.75,0.75,0.6,Satisfied
Case 100,2,¡¢,­¥£¤,¥£¤,0.75,0.75,0.6,Satisfied
Case 1001,2,¡¢,¥£¤,¥£¤,1.0,1.0,0.6,Satisfied
Case 1007,2,¡¢,¥£¤,¥£¤,1.0,1.0,0.6,Satisfied
Case 1010,2,¡¢,­¥£¤,¥£¤,0.75,0.75,0.6,Satisfied
Case 1017,2,¡¢,¥£¥£¤,¥£¤,0.6,1.0,0.6,Satisfied
Case 1019,2,¡¢,¥£¤,¥£¤,1.0,1.0,0.6,Satisfied
Case 1023,2,¡¥,£¥£¤,£¤,0.5,0.6666666666666666,0.6,Satisfied
Case 1026,2,¡¢,­¥£¤,¥£¤,0.75,0.75,0.6,Satisfied
Case 1027,2,¡¢,¥£¤,¥£¤,1.0,1.0,0.6,Satisfied
Case 1043,2,¡¢,¥£¤,¥£¤,1.0,1.0,0.6,Satisfied
Case 105,2,¡¢,¥£¤,¥£¤,1.0,1.0,0.6,Satisfied
Case 1054,2,¡¢,¥£¤,¥£¤,1.0,1.0,0.6,Satisfied
Case 1057,2,¡¢,­¥£¤,¥£¤,0.75,0.75,0.6,Satisfied
Case 106,2,¡¥,£¤,£¤,1.0,1.0,0.6,Satisfied
Case 107,2,¡¢,¥£¤,¥£¤,1.0,1.0,0.6,Satisfied
Case 1070,2,¡¢,¥£¢¥£¤,¥£¤,0.5,0.75,0.6,Satisfied
Case 1075,2,¡¢,¥£¤,¥£¤,1.0,1.0,0.6,Satisfied
Case 1079,2,¡¢,¥¥£¤,¥£¤,0.75,1.0,0.6,Satisfied
Case 1087,2,¡¢,¥£¢¥£¤,¥£¤,0.5,0.75,0.6,Satisfied
Case 1088,2,¡¥,£¥£¤,£¤,0.5,0.6666666666666666,0.6,Satisfied
Case 1096,2,¡¢,¥£¤,¥£¤,1.0,1.0,0.6,Satisfied
Case 1101,2,¡¢,¥£¤,¥£¤,1.0,1.0,0.6,Satisfied
Case 1102,2,¡¢,¥£¥£¤,¥£¤,0.6,1.0,0.6,Satisfied
Case 1104,2,¡¢,¥£¤,¥£¤,1.0,1.0,0.6,Satisfied
Case 1109,2,¡¢,¥£¤,¥£¤,1.0,1.0,0.6,Satisfied
Case 1110,2,¡¢,¥£¤,¥£¤,1.0,1.0,0.6,Satisfied
Case 1111,2,¡¢,¥¢£¤,¥£¤,0.75,0.75,0.6,Satisfied
Case 1112,2,¡¢,¥¥£¤,¥£¤,0.75,1.0,0.6,Satisfied
Case 1113,2,¡¢,¥£¤,¥£¤,1.0,1.0,0.6,Satisfied
Case 1116,2,¡¢,¥£¤,¥£¤,1.0,1.0,0.6,Satisfied
Case 1122,2,¡¢,¥£¤,¥£¤,1.0,1.0,0.6,Satisfied
Case 1124,2,¡¢,¥£¤,¥£¤,1.0,1.0,0.6,Satisfied
Case 1129,2,¡¢,¥¢£¤,¥£¤,0.75,0.75,0.6,Satisfied
Case 114,2,¡¢,¥¢¥£¤,¥£¤,0.6,0.75,0.6,Satisfied
Case 1142,2,¡¢,¥­¥£¤,¥£¤,0.6,0.75,0.6,Satisfied
Case 1144,2,¡¥,£¢­¥£¤,£¤,0.33333333333333337,0.4,0.6,Satisfied
Case 1145,2,¡¢,¥£¤,¥£¤,1.0,1.0,0.6,Satisfied
Case 115,2,¡¢,¥¥£¤,¥£¤,0.75,1.0,0.6,Satisfied
Case 1156,2,¡¢,¥£¤,¥£¤,1.0,1.0,0.6,Satisfied
Case 1159,2,¡¢,¥£¤,¥£¤,1.0,1.0,0.6,Satisfied
Case 1164,2,¡¢,¥£¤,¥£¤,1.0,1.0,0.6,Satisfied
Case 1169,2,¡¥,£¤,£¤,1.0,1.0,0.6,Satisfied
Case 1176,2,¡¢,¥£¤,¥£¤,1.0,1.0,0.6,Satisfied
Case 1179,2,¡¢,¥£¤,¥£¤,1.0,1.0,0.6,Satisfied
Case 1185,2,¡¢,¥£¤,¥£¤,1.0,1.0,0.6,Satisfied
Case 1193,2,¡¢,¥£¤,¥£¤,1.0,1.0,0.6,Satisfied
Case 12,2,¡¢,¥£¤,¥£¤,1.0,1.0,0.6,Satisfied
Case 1210,2,¡¥,£¤,£¤,1.0,1.0,0.6,Satisfied
Case 1221,2,¡¢,¥£¤,¥£¤,1.0,1.0,0.6,Satisfied
Case 1235,2,¡¢,¥¥£¤,¥£¤,0.75,1.0,0.6,Satisfied
Case 1238,2,¡¢,¥­£¤,¥£¤,0.75,0.75,0.6,Satisfied
Case 1239,2,¡¢,¥£¤,¥£¤,1.0,1.0,0.6,Satisfied
Case 1246,2,¡¢,¥£¤,¥£¤,1.0,1.0,0.6,Satisfied
Case 1249,2,§¥,¥¥¥,£¤,0.0,0.0,0.6,Satisfied
Case 1250,2,¢¥,£¢¥£¤,£¤,0.4,0.5,0.6,Satisfied
Case 1254,2,¡¡,¥¥£¤,¢£¤,0.5,0.5,0.6,Satisfied
Case 1261,2,¢¢,¥£¤,£¤,0.6666666666666667,0.6666666666666666,0.6,Satisfied
Case 1269,2,¡¢,¢¥£¤,¥£¤,0.75,0.75,0.6,Satisfied
Case 1272,2,¡¢,¥£¤,¥£¤,1.0,1.0,0.6,Satisfied
Case 1275,2,¡¢,¥£¤,¥£¤,1.0,1.0,0.6,Satisfied
Case 129,2,¡¥,£¤,£¤,1.0,1.0,0.6,Satisfied
Case 1290,2,¡¢,¥£¤,¥£¤,1.0,1.0,0.6,Satisfied
Case 1292,2,¡¢,¥£¤,¥£¤,1.0,1.0,0.6,Satisfied
Case 1299,2,¡¢,¥£¤,¥£¤,1.0,1.0,0.6,Satisfied
Case 13,2,¡¢,¥£¤,¥£¤,1.0,1.0,0.6,Satisfied
Case 1301,2,¡¢,¥£¤,¥£¤,1.0,1.0,0.6,Satisfied
Case 1303,2,¡¢,­¥£¤,¥£¤,0.75,0.75,0.6,Satisfied
Case 1304,2,¡¢,¥£¤,¥£¤,1.0,1.0,0.6,Satisfied
Case 1305,2,¡¢,¥£¤,¥£¤,1.0,1.0,0.6,Satisfied
Case 1309,2,¡¥,£¤,£¤,1.0,1.0,0.6,Satisfied
Case 131,2,¡¢,¥£¤,¥£¤,1.0,1.0,0.6,Satisfied
Case 1313,2,¡¢,¥£¤,¥£¤,1.0,1.0,0.6,Satisfied
Case 1314,2,¡¢,¦¥£¤,¥£¤,0.75,0.75,0.6,Satisfied
Case 1315,2,¡¢,¥£¤,¥£¤,1.0,1.0,0.6,Satisfied
Case 1318,2,¡¢,­¥£¤,¥£¤,0.75,0.75,0.6,Satisfied
Case 1319,2,¡¢,¥£¤,¥£¤,1.0,1.0,0.6,Satisfied
Case 1323,2,¡¢,¥£¤,¥£¤,1.0,1.0,0.6,Satisfied
Case 1327,2,¡¥,£¤,£¤,1.0,1.0,0.6,Satisfied
Case 1330,2,¡¥,£¥£¤,£¤,0.5,0.6666666666666666,0.6,Satisfied
Case 1332,2,¡¢,¥£¤,¥£¤,1.0,1.0,0.6,Satisfied
Case 1338,2,¡¥,£¤,£¤,1.0,1.0,0.6,Satisfied
Case 1356,2,¡¢,¥£¤,¥£¤,1.0,1.0,0.6,Satisfied
Case 1358,2,¡¢,¥£¤,¥£¤,1.0,1.0,0.6,Satisfied
Case 1359,2,§¥,¥,£¤,0.0,0.0,0.6,Satisfied
Case 1364,2,¡¢,¥­­£¤,¥£¤,0.6,0.75,0.6,Satisfied
Case 1366,2,¡¢,¥£¤,¥£¤,1.0,1.0,0.6,Satisfied
Case 1371,2,¡¥,£¥£¤,£¤,0.5,0.6666666666666666,0.6,Satisfied
Case 1375,2,¡¢,¥£¤,¥£¤,1.0,1.0,0.6,Satisfied
Case 1384,2,¡¥,£¥£¤,£¤,0.5,0.6666666666666666,0.6,Satisfied
Case 1386,2,¡¢,¥£¥£¤,¥£¤,0.6,1.0,0.6,Satisfied
Case 1387,2,¡¢,¥£¤,¥£¤,1.0,1.0,0.6,Satisfied
Case 1388,2,¡¢,­­¥£¤,¥£¤,0.6,0.75,0.6,Satisfied
Case 1393,2,¡¡,¢¥£¤,¢£¤,0.75,0.75,0.6,Satisfied
Case 1396,2,¡¢,¥£¤,¥£¤,1.0,1.0,0.6,Satisfied
Case 1397,2,¡¢,¥£¤,¥£¤,1.0,1.0,0.6,Satisfied
Case 1398,2,¡¢,¥£¤,¥£¤,1.0,1.0,0.6,Satisfied
Case 140,2,¡¢,¥£¤,¥£¤,1.0,1.0,0.6,Satisfied
Case 1407,2,¡¢,¥¢¥£¤,¥£¤,0.6,0.75,0.6,Satisfied
Case 1409,2,¡¢,¥£¤,¥£¤,1.0,1.0,0.6,Satisfied
Case 1420,2,¡¢,¨¥£¤,¥£¤,0.75,0.75,0.6,Satisfied
Case 143,2,¡¢,¥£¤,¥£¤,1.0,1.0,0.6,Satisfied
Case 1432,2,¡¢,¥£¤,¥£¤,1.0,1.0,0.6,Satisfied
Case 1433,2,¡¢,¥£¤,¥£¤,1.0,1.0,0.6,Satisfied
Case 144,2,¡¢,¥£¤,¥£¤,1.0,1.0,0.6,Satisfied
Case 1441,2,¡¢,¥£¤,¥£¤,1.0,1.0,0.6,Satisfied
Case 1445,2,¡¢,¥£¤,¥£¤,1.0,1.0,0.6,Satisfied
Case 1449,2,¡¥,¢¥£¤,£¤,0.5,0.5,0.6,Satisfied
Case 145,2,¡¢,­¥£¤,¥£¤,0.75,0.75,0.6,Satisfied
Case 1450,2,¡¢,¥£¤,¥£¤,1.0,1.0,0.6,Satisfied
Case 1451,2,¡¢,­¥£¥£¤,¥£¤,0.5,0.75,0.6,Satisfied
Case 1457,2,¡¢,¥£¤,¥£¤,1.0,1.0,0.6,Satisfied
Case 1460,2,¡¢,¥¢¥£¤,¥£¤,0.6,0.75,0.6,Satisfied
Case 1464,2,¡¢,¥£¤,¥£¤,1.0,1.0,0.6,Satisfied
Case 1465,2,¡¢,¥£¤,¥£¤,1.0,1.0,0.6,Satisfied
Case 1466,2,¡¢,¥£¤,¥£¤,1.0,1.0,0.6,Satisfied
Case 147,2,¡¢,¥£¤,¥£¤,1.0,1.0,0.6,Satisfied
Case 1471,2,¡¢,­¥£¤,¥£¤,0.75,0.75,0.6,Satisfied
Case 1478,2,¡¡,¢¥¢¥£¤,¢£¤,0.5,0.75,0.6,Satisfied
Case 1484,2,¡¢,¥£¤,¥£¤,1.0,1.0,0.6,Satisfied
Case 1487,2,¡¢,¥£¤,¥£¤,1.0,1.0,0.6,Satisfied
Case 1495,2,¡¢,­­¥£¤,¥£¤,0.6,0.75,0.6,Satisfied
Case 15,2,¡¡,¢¥£¤,¢£¤,0.75,0.75,0.6,Satisfied
Case 1500,2,¡¥,£¥£¤,£¤,0.5,0.6666666666666666,0.6,Satisfied
Case 1501,2,¢¥,£¥£¤,£¤,0.5,0.6666666666666666,0.6,Satisfied
Case 1506,2,¡¥,¥¢£¥£¤,£¤,0.33333333333333337,0.5,0.6,Satisfied
Case 1507,2,¡¢,¥£¤,¥£¤,1.0,1.0,0.6,Satisfied
Case 1509,2,¡¢,¥£¤,¥£¤,1.0,1.0,0.6,Satisfied
Case 1510,2,¡¢,¥£¤,¥£¤,1.0,1.0,0.6,Satisfied
Case 1519,2,¡¥,£¥£¤,£¤,0.5,0.6666666666666666,0.6,Satisfied
Case 1535,2,¡¡,¡¥£¤,¢£¤,0.5,0.4,0.6,Satisfied
Case 154,2,¡¢,¥£¤,¥£¤,1.0,1.0,0.6,Satisfied
Case 1543,2,¡¢,¥£¤,¥£¤,1.0,1.0,0.6,Satisfied
Case 1553,2,¡¢,¥£¤,¥£¤,1.0,1.0,0.6,Satisfied
Case 156,2,¡¢,¥£¤,¥£¤,1.0,1.0,0.6,Satisfied
Case 1562,2,¡¢,¥£¤,¥£¤,1.0,1.0,0.6,Satisfied
Case 1570,2,¡¢,¥£¤,¥£¤,1.0,1.0,0.6,Satisfied
Case 1571,2,¡¢,¥¥¥¥¥,¥£¤,0.19999999999999996,0.33333333333333326,0.6,Satisfied
Case 1574,2,¡¢,¥£¤,¥£¤,1.0,1.0,0.6,Satisfied
Case 1577,2,§¡,¡¢¥£¤,¢¥£¤,0.8,0.8,0.6,Satisfied
Case 1580,2,¡¢,¥£¤,¥£¤,1.0,1.0,0.6,Satisfied
Case 1587,2,¡¢,¥£¤,¥£¤,1.0,1.0,0.6,Satisfied
Case 1603,2,¡¥,£¥£¤,£¤,0.5,0.6666666666666666,0.6,Satisfied
Case 1604,2,¡¢,¥£¤,¥£¤,1.0,1.0,0.6,Satisfied
Case 1605,2,¡¢,¢¥£¤,¥£¤,0.75,0.75,0.6,Satisfied
Case 1609,2,¡¢,¥£¤,¥£¤,1.0,1.0,0.6,Satisfied
Case 1610,2,¡¢,¥£¤,¥£¤,1.0,1.0,0.6,Satisfied
Case 1615,2,¡¢,¥£¤,¥£¤,1.0,1.0,0.6,Satisfied
Case 1650,2,¡¦,¦¬¬­¥£¤,¥£¤,0.4285714285714286,0.5,0.6,Satisfied
Case 1655,2,¡¢,¥£¤,¥£¤,1.0,1.0,0.6,Satisfied
Case 1658,2,¡¢,­¥£¤,¥£¤,0.75,0.75,0.6,Satisfied
Case 1663,2,¡¥,£¤,£¤,1.0,1.0,0.6,Satisfied
Case 1664,2,¢¥,£¤,£¤,1.0,1.0,0.6,Satisfied
Case 1671,2,¡¢,¥£¤,¥£¤,1.0,1.0,0.6,Satisfied
Case 1674,2,¡¢,¥£¤,¥£¤,1.0,1.0,0.6,Satisfied
Case 1675,2,¡¢,¥£¤,¥£¤,1.0,1.0,0.6,Satisfied
Case 1679,2,¡¢,¥£¤,¥£¤,1.0,1.0,0.6,Satisfied
Case 1681,2,¡¢,¥£¤,¥£¤,1.0,1.0,0.6,Satisfied
Case 1682,2,¡¢,¥£¤,¥£¤,1.0,1.0,0.6,Satisfied
Case 169,2,¡¥,£¤,£¤,1.0,1.0,0.6,Satisfied
Case 1691,2,§¡,¢¥£¤,¢¥£¤,1.0,1.0,0.6,Satisfied
Case 1697,2,¡¢,¥£¤,¥£¤,1.0,1.0,0.6,Satisfied
Case 1704,2,¡¢,¥£¤,¥£¤,1.0,1.0,0.6,Satisfied
Case 1709,2,¡¢,¥£¤,¥£¤,1.0,1.0,0.6,Satisfied
Case 1711,2,¡¢,¥£¤,¥£¤,1.0,1.0,0.6,Satisfied
Case 1718,2,¡¢,¥£¤,¥£¤,1.0,1.0,0.6,Satisfied
Case 1723,2,¡¢,¥£¤,¥£¤,1.0,1.0,0.6,Satisfied
Case 1730,2,¡¢,¥£¤,¥£¤,1.0,1.0,0.6,Satisfied
Case 1735,2,¡­,¥£¥£¤,¥£¤,0.6,1.0,0.6,Satisfied
Case 1746,2,¡¢,¥£¤,¥£¤,1.0,1.0,0.6,Satisfied
Case 1754,2,¡¢,¥£¤,¥£¤,1.0,1.0,0.6,Satisfied
Case 1760,2,¡¢,¥£¢¥¢£¤,¥£¤,0.4285714285714286,0.75,0.6,Satisfied
Case 1761,2,¡¢,¥£¤,¥£¤,1.0,1.0,0.6,Satisfied
Case 1764,2,¡­,¥£¥£¤,¥£¤,0.6,1.0,0.6,Satisfied
Case 1771,2,¡¢,¥£¤,¥£¤,1.0,1.0,0.6,Satisfied
Case 1772,2,¡¢,¥£¤,¥£¤,1.0,1.0,0.6,Satisfied
Case 1776,2,¡¢,¥£¤,¥£¤,1.0,1.0,0.6,Satisfied
Case 1777,2,¡¢,¥£¤,¥£¤,1.0,1.0,0.6,Satisfied
Case 1787,2,¡¢,¥¥£¥£¤,¥£¤,0.5,1.0,0.6,Satisfied
Case 1788,2,¡¢,¥£¤,¥£¤,1.0,1.0,0.6,Satisfied
Case 1791,2,¡¢,¥£¤,¥£¤,1.0,1.0,0.6,Satisfied
Case 1792,2,¡¢,¥£¤,¥£¤,1.0,1.0,0.6,Satisfied
Case 1795,2,¡¢,¥£¤,¥£¤,1.0,1.0,0.6,Satisfied
Case 1799,2,¡¢,­¥£¤,¥£¤,0.75,0.75,0.6,Satisfied
Case 18,2,¡¢,¥£¥£¤,¥£¤,0.6,1.0,0.6,Satisfied
Case 1812,2,¡¢,¥£¤,¥£¤,1.0,1.0,0.6,Satisfied
Case 1813,2,¡¢,¥£¤,¥£¤,1.0,1.0,0.6,Satisfied
Case 1814,2,¡¢,¥£¤,¥£¤,1.0,1.0,0.6,Satisfied
Case 1815,2,¡¢,¥£¤,¥£¤,1.0,1.0,0.6,Satisfied
Case 1817,2,¡¢,¥£¤,¥£¤,1.0,1.0,0.6,Satisfied
Case 1823,2,¡¢,¥£¤,¥£¤,1.0,1.0,0.6,Satisfied
Case 1826,2,¡¢,¥£¤,¥£¤,1.0,1.0,0.6,Satisfied
Case 1828,2,¡¢,¥£¤,¥£¤,1.0,1.0,0.6,Satisfied
Case 1831,2,¡¢,¥£¤,¥£¤,1.0,1.0,0.6,Satisfied
Case 184,2,¡¢,¢¥£¤,¥£¤,0.75,0.75,0.6,Satisfied
Case 1843,2,¡¡,¥£¤,¢£¤,0.6666666666666667,0.5,0.6,Satisfied
Case 1848,2,¡¢,¥£¤,¥£¤,1.0,1.0,0.6,Satisfied
Case 1858,2,¡¥,£¤,£¤,1.0,1.0,0.6,Satisfied
Case 1860,2,¡¢,¥£¤,¥£¤,1.0,1.0,0.6,Satisfied
Case 1868,2,¡¢,¥£¤,¥£¤,1.0,1.0,0.6,Satisfied
Case 1869,2,¡¢,¥£¤,¥£¤,1.0,1.0,0.6,Satisfied
Case 1874,2,§¡,¢¥£¤,¢¥£¤,1.0,1.0,0.6,Satisfied
Case 1882,2,¡¢,¥£¤,¥£¤,1.0,1.0,0.6,Satisfied
Case 1884,2,¡¢,¥£¤,¥£¤,1.0,1.0,0.6,Satisfied
Case 1887,2,¡¢,¥£¤,¥£¤,1.0,1.0,0.6,Satisfied
Case 1892,2,¡¢,¥£¤,¥£¤,1.0,1.0,0.6,Satisfied
Case 1894,2,¡¢,¥£¤,¥£¤,1.0,1.0,0.6,Satisfied
Case 1900,2,¡¢,¥£¤,¥£¤,1.0,1.0,0.6,Satisfied
Case 1901,2,¡¢,¥£¤,¥£¤,1.0,1.0,0.6,Satisfied
Case 1903,2,¡¢,¥£¤,¥£¤,1.0,1.0,0.6,Satisfied
Case 191,2,¡¡,¢¥£¤,¢£¤,0.75,0.75,0.6,Satisfied
Case 1915,2,¡¢,¥£¤,¥£¤,1.0,1.0,0.6,Satisfied
Case 1916,2,¡¢,¥£¤,¥£¤,1.0,1.0,0.6,Satisfied
Case 1918,2,¡¥,£¤,£¤,1.0,1.0,0.6,Satisfied
Case 192,2,¡¡,¢¥£¤¢¥£¤,¢£¤,0.375,0.75,0.6,Satisfied
Case 1924,2,¡¢,¥£¤,¥£¤,1.0,1.0,0.6,Satisfied
Case 193,2,¡¢,¥£¤,¥£¤,1.0,1.0,0.6,Satisfied
Case 1946,2,¡¢,¥£¤,¥£¤,1.0,1.0,0.6,Satisfied
Case 1961,2,¡¢,¥£¤,¥£¤,1.0,1.0,0.6,Satisfied
Case 1968,2,¡¢,¥£¤,¥£¤,1.0,1.0,0.6,Satisfied
Case 1975,2,¡¢,¥£¤,¥£¤,1.0,1.0,0.6,Satisfied
Case 1978,2,¡¥,¢¥£¤,£¤,0.5,0.5,0.6,Satisfied
Case 1980,2,¡¢,¥£¤,¥£¤,1.0,1.0,0.6,Satisfied
Case 1987,2,¡¥,£¤,£¤,1.0,1.0,0.6,Satisfied
Case 20,2,¡¢,¥£¤,¥£¤,1.0,1.0,0.6,Satisfied
Case 2007,2,¡¢,­¥£¥£¤,¥£¤,0.5,0.75,0.6,Satisfied
Case 2013,2,¡¢,¥£¤,¥£¤,1.0,1.0,0.6,Satisfied
Case 202,2,¡¢,¥£¤,¥£¤,1.0,1.0,0.6,Satisfied
Case 2021,2,¡¢,¥£¤,¥£¤,1.0,1.0,0.6,Satisfied
Case 2022,2,¡¡,¡¥£¤,¢£¤,0.5,0.4,0.6,Satisfied
Case 2035,2,¡¢,¦­¥£¤,¥£¤,0.6,0.6,0.6,Satisfied
Case 2037,2,¡¥,£¤,£¤,1.0,1.0,0.6,Satisfied
Case 2050,2,¡¢,¥£¤,¥£¤,1.0,1.0,0.6,Satisfied
Case 2059,2,¡¢,¥£¤,¥£¤,1.0,1.0,0.6,Satisfied
Case 2062,2,¡¢,¥£¤,¥£¤,1.0,1.0,0.6,Satisfied
Case 2068,2,¡¢,¥£¤,¥£¤,1.0,1.0,0.6,Satisfied
Case 2074,2,¡¢,¥£¤,¥£¤,1.0,1.0,0.6,Satisfied
Case 2081,2,¡¢,­¥£¤,¥£¤,0.75,0.75,0.6,Satisfied
Case 2083,2,¡¢,¥£¤,¥£¤,1.0,1.0,0.6,Satisfied
Case 2092,2,¡¢,¥£¤,¥£¤,1.0,1.0,0.6,Satisfied
Case 2093,2,¡¢,¥£¤,¥£¤,1.0,1.0,0.6,Satisfied
Case 2097,2,¡¢,¥£¤,¥£¤,1.0,1.0,0.6,Satisfied
Case 210,2,¡¢,¥£¤,¥£¤,1.0,1.0,0.6,Satisfied
Case 2103,2,¡¢,¥£¤,¥£¤,1.0,1.0,0.6,Satisfied
Case 2104,2,¡¢,­¥£¤,¥£¤,0.75,0.75,0.6,Satisfied
Case 2105,2,¡¢,¥£¤,¥£¤,1.0,1.0,0.6,Satisfied
Case 2108,2,¡¢,¥£¤,¥£¤,1.0,1.0,0.6,Satisfied
Case 211,2,¡¥,£¤,£¤,1.0,1.0,0.6,Satisfied
Case 2112,2,¡¢,¥£¤,¥£¤,1.0,1.0,0.6,Satisfied
Case 2117,2,¡¥,¥£¢¥£¥£¤,£¤,0.25,0.5,0.6,Satisfied
Case 2121,2,¡¢,¥£¤,¥£¤,1.0,1.0,0.6,Satisfied
Case 2123,2,¡¡,¢¥£¥£¤,¢£¤,0.5,0.75,0.6,Satisfied
Case 2125,2,¡¢,¥­,¥£¤,0.33333333333333337,0.25,0.6,Satisfied
Case 2126,2,¡¢,¥£¤,¥£¤,1.0,1.0,0.6,Satisfied
Case 2134,2,¡¥,¢£¤,£¤,0.6666666666666667,0.6666666666666666,0.6,Satisfied
Case 2141,2,¡¢,¥£¤,¥£¤,1.0,1.0,0.6,Satisfied
Case 2142,2,¡¢,¥£¤,¥£¤,1.0,1.0,0.6,Satisfied
Case 2143,2,¡¢,­¥£¤,¥£¤,0.75,0.75,0.6,Satisfied
Case 2152,2,¡¢,¥£¤,¥£¤,1.0,1.0,0.6,Satisfied
Case 2156,2,¡¢,¥£¤,¥£¤,1.0,1.0,0.6,Satisfied
Case 2157,2,¡¥,£¥£¤,£¤,0.5,0.6666666666666666,0.6,Satisfied
Case 2163,2,¡¢,¥£¤,¥£¤,1.0,1.0,0.6,Satisfied
Case 2167,2,¡¢,¥£¤,¥£¤,1.0,1.0,0.6,Satisfied
Case 2168,2,¡¢,¥¥£¤,¥£¤,0.75,1.0,0.6,Satisfied
Case 2172,2,¡¢,¥£¤,¥£¤,1.0,1.0,0.6,Satisfied
Case 2176,2,¡¢,¥£¤,¥£¤,1.0,1.0,0.6,Satisfied
Case 2177,2,¡¥,¥£¤,£¤,0.6666666666666667,0.6666666666666666,0.6,Satisfied
Case 2183,2,¡¢,¥£¤,¥£¤,1.0,1.0,0.6,Satisfied
Case 2187,2,¡¢,¥£¤,¥£¤,1.0,1.0,0.6,Satisfied
Case 2191,2,¡¢,¥£¤,¥£¤,1.0,1.0,0.6,Satisfied
Case 2197,2,¡¢,¥£¤,¥£¤,1.0,1.0,0.6,Satisfied
Case 2201,2,¡¢,¥£¤,¥£¤,1.0,1.0,0.6,Satisfied
Case 2203,2,¡¢,¥£¤,¥£¤,1.0,1.0,0.6,Satisfied
Case 2210,2,¡¢,¥£¤,¥£¤,1.0,1.0,0.6,Satisfied
Case 2211,2,¡¢,¥£¤,¥£¤,1.0,1.0,0.6,Satisfied
Case 2215,2,¡¢,¥£¤,¥£¤,1.0,1.0,0.6,Satisfied
Case 2219,2,¡¢,¥¢£¤,¥£¤,0.75,0.75,0.6,Satisfied
Case 2220,2,¡¢,¥£¤,¥£¤,1.0,1.0,0.6,Satisfied
Case 2227,2,¡¥,£¥£¤,£¤,0.5,0.6666666666666666,0.6,Satisfied
Case 2228,2,¡¢,¥£¤,¥£¤,1.0,1.0,0.6,Satisfied
Case 2229,2,¡¥,£¤,£¤,1.0,1.0,0.6,Satisfied
Case 2232,2,¡¥,£¤,£¤,1.0,1.0,0.6,Satisfied
Case 2236,2,¡¢,¥£¤,¥£¤,1.0,1.0,0.6,Satisfied
Case 2239,2,¡¢,¥£¥£¢¥£¤,¥£¤,0.375,0.75,0.6,Satisfied
Case 2245,2,¡¢,¥£¤,¥£¤,1.0,1.0,0.6,Satisfied
Case 2253,2,¢¥,£¤,£¤,1.0,1.0,0.6,Satisfied
Case 2256,2,¡¥,£¤,£¤,1.0,1.0,0.6,Satisfied
Case 2267,2,¡¢,¥£¤,¥£¤,1.0,1.0,0.6,Satisfied
Case 2268,2,¡¢,¥£¤,¥£¤,1.0,1.0,0.6,Satisfied
Case 2279,2,¡¢,¥£¤,¥£¤,1.0,1.0,0.6,Satisfied
Case 2285,2,¡¥,¢¥£¤,£¤,0.5,0.5,0.6,Satisfied
Case 2290,2,¡¢,¥£¤,¥£¤,1.0,1.0,0.6,Satisfied
Case 2296,2,¡¢,¥£¤,¥£¤,1.0,1.0,0.6,Satisfied
Case 23,2,¡¢,¥£¤,¥£¤,1.0,1.0,0.6,Satisfied
Case 230,2,¡¡,¢¥£¤,¢£¤,0.75,0.75,0.6,Satisfied
Case 2300,2,¡¢,­­¦­,¥£¤,0.0,0.0,0.6,Satisfied
Case 2302,2,¡¢,¥£¤,¥£¤,1.0,1.0,0.6,Satisfied
Case 2308,2,¡¢,¥£¤,¥£¤,1.0,1.0,0.6,Satisfied
Case 2315,2,¡¢,¥£¤,¥£¤,1.0,1.0,0.6,Satisfied
Case 232,2,¡¢,¥¥£¥£¤,¥£¤,0.5,1.0,0.6,Satisfied
Case 2322,2,¡¢,¥£¤,¥£¤,1.0,1.0,0.6,Satisfied
Case 2328,2,¡¢,¥£¤,¥£¤,1.0,1.0,0.6,Satisfied
Case 233,2,¡¢,¥£¤,¥£¤,1.0,1.0,0.6,Satisfied
Case 2330,2,¡¢,¥£¤,¥£¤,1.0,1.0,0.6,Satisfied
Case 2335,2,¡¢,¥£¤,¥£¤,1.0,1.0,0.6,Satisfied
Case 2342,2,¡¢,¥¥£¤,¥£¤,0.75,1.0,0.6,Satisfied
Case 2346,2,§¡,¢¥£¤,¢¥£¤,1.0,1.0,0.6,Satisfied
Case 2348,2,¡¢,¥£¤,¥£¤,1.0,1.0,0.6,Satisfied
Case 235,2,§¡,¢¥£¤,¢¥£¤,1.0,1.0,0.6,Satisfied
Case 2356,2,¡¢,¥¥£¤,¥£¤,0.75,1.0,0.6,Satisfied
Case 2362,2,¢¥,£¤,£¤,1.0,1.0,0.6,Satisfied
Case 2367,2,¡¢,¥£¤,¥£¤,1.0,1.0,0.6,Satisfied
Case 2368,2,¡¢,¥£¥£¥£­¢¥£¤,¥£¤,0.2727272727272727,0.6,0.6,Satisfied
Case 237,2,¡¢,­¥£¤,¥£¤,0.75,0.75,0.6,Satisfied
Case 2374,2,¡¢,¥£¤,¥£¤,1.0,1.0,0.6,Satisfied
Case 2375,2,¡¡,¡¢¥£¤,¢£¤,0.6,0.6,0.6,Satisfied
Case 2380,2,¡¢,¥¢£¤,¥£¤,0.75,0.75,0.6,Satisfied
Case 2381,2,¡¡,¡¥£¥£¤,¢£¤,0.33333333333333337,0.4,0.6,Satisfied
Case 2390,2,¡¢,¥£¤,¥£¤,1.0,1.0,0.6,Satisfied
Case 2391,2,¡¢,¥£¤,¥£¤,1.0,1.0,0.6,Satisfied
Case 2398,2,¡¢,¥£¤,¥£¤,1.0,1.0,0.6,Satisfied
Case 2399,2,¡¢,¢¥£¤,¥£¤,0.75,0.75,0.6,Satisfied
Case 2403,2,¡¢,¥£¤,¥£¤,1.0,1.0,0.6,Satisfied
Case 2415,2,¡¢,¥£¤,¥£¤,1.0,1.0,0.6,Satisfied
Case 2417,2,¡¢,¥­£¤,¥£¤,0.75,0.75,0.6,Satisfied
Case 242,2,¡¢,¥£¤,¥£¤,1.0,1.0,0.6,Satisfied
Case 2431,2,¡¢,¥£¤,¥£¤,1.0,1.0,0.6,Satisfied
Case 2432,2,¡¢,¥£¤,¥£¤,1.0,1.0,0.6,Satisfied
Case 2436,2,¡¥,£¤¢,£¤,0.6666666666666667,0.6666666666666666,0.6,Satisfied
Case 2447,2,¡¢,¢¥£¤,¥£¤,0.75,0.75,0.6,Satisfied
Case 2448,2,¡¢,¥£¤,¥£¤,1.0,1.0,0.6,Satisfied
Case 2451,2,¡¢,¦­­¥£,¥£¤,0.19999999999999996,0.4,0.6,Satisfied
Case 2452,2,¡¢,¥£¤,¥£¤,1.0,1.0,0.6,Satisfied
Case 2455,2,¡¢,¥£¤,¥£¤,1.0,1.0,0.6,Satisfied
Case 2458,2,¡¢,¥£¤,¥£¤,1.0,1.0,0.6,Satisfied
Case 2465,2,¡¢,¥£¤,¥£¤,1.0,1.0,0.6,Satisfied
Case 2466,2,¡¢,­­¥£¤,¥£¤,0.6,0.75,0.6,Satisfied
Case 247,2,§¢,¥£¤,¥£¤,1.0,1.0,0.6,Satisfied
Case 2473,2,¡¢,¥¢¥£¤,¥£¤,0.6,0.75,0.6,Satisfied
Case 2474,2,¡¢,¥£¤,¥£¤,1.0,1.0,0.6,Satisfied
Case 2476,2,¡¢,­¥£¤,¥£¤,0.75,0.75,0.6,Satisfied
Case 2481,2,¡¢,­¥£¤,¥£¤,0.75,0.75,0.6,Satisfied
Case 2490,2,¡¡,¢¥£¤,¢£¤,0.75,0.75,0.6,Satisfied
Case 2492,2,¡¢,¥£¤,¥£¤,1.0,1.0,0.6,Satisfied
Case 2498,2,¡¢,¥£¤,¥£¤,1.0,1.0,0.6,Satisfied
Case 2499,2,¡¢,¥£¤,¥£¤,1.0,1.0,0.6,Satisfied
Case 2504,2,¡¢,¥£¤,¥£¤,1.0,1.0,0.6,Satisfied
Case 2508,2,¡¢,¥£¤,¥£¤,1.0,1.0,0.6,Satisfied
Case 2512,2,¡¢,¥£¥£¤,¥£¤,0.6,1.0,0.6,Satisfied
Case 2514,2,¡¢,¥¥£¤,¥£¤,0.75,1.0,0.6,Satisfied
Case 2522,2,¡¢,¥£¥£¤,¥£¤,0.6,1.0,0.6,Satisfied
Case 253,2,¡¢,¥£¤,¥£¤,1.0,1.0,0.6,Satisfied
Case 2530,2,¡¢,¥£¤,¥£¤,1.0,1.0,0.6,Satisfied
Case 2534,2,¡¢,¥£¤,¥£¤,1.0,1.0,0.6,Satisfied
Case 2541,2,¢¥,£¤,£¤,1.0,1.0,0.6,Satisfied
Case 2550,2,¡¢,¥¥£¥£¤,¥£¤,0.5,1.0,0.6,Satisfied
Case 2555,2,¡¢,¥£¤,¥£¤,1.0,1.0,0.6,Satisfied
Case 2558,2,¡¢,¥£¤,¥£¤,1.0,1.0,0.6,Satisfied
Case 2569,2,¡¢,¥£¤,¥£¤,1.0,1.0,0.6,Satisfied
Case 2571,2,¡¢,¥£¤,¥£¤,1.0,1.0,0.6,Satisfied
Case 2577,2,¡¢,¥£¤,¥£¤,1.0,1.0,0.6,Satisfied
Case 2581,2,¡¡,¢¥£¤,¢£¤,0.75,0.75,0.6,Satisfied
Case 2585,2,¡¢,¥£¤,¥£¤,1.0,1.0,0.6,Satisfied
Case 2591,2,¡¢,¥£¤,¥£¤,1.0,1.0,0.6,Satisfied
Case 2593,2,¡­,¥£¤,¥£¤,1.0,1.0,0.6,Satisfied
Case 2596,2,¡¢,¥£¤,¥£¤,1.0,1.0,0.6,Satisfied
Case 2598,2,¡¢,¥£¤,¥£¤,1.0,1.0,0.6,Satisfied
Case 2599,2,¡¢,¥£¤,¥£¤,1.0,1.0,0.6,Satisfied
Case 2603,2,¡¢,¥£¤,¥£¤,1.0,1.0,0.6,Satisfied
Case 2607,2,¡¢,¥£¤,¥£¤,1.0,1.0,0.6,Satisfied
Case 2609,2,¡¢,¥£¤,¥£¤,1.0,1.0,0.6,Satisfied
Case 261,2,¡¢,¥£¤,¥£¤,1.0,1.0,0.6,Satisfied
Case 2611,2,¡¢,¥£¤,¥£¤,1.0,1.0,0.6,Satisfied
Case 2613,2,¡¢,¥¥¥£¥£¤,¥£¤,0.4285714285714286,1.0,0.6,Satisfied
Case 2614,2,¡¢,¥£¤,¥£¤,1.0,1.0,0.6,Satisfied
Case 2616,2,¡¥,£¤,£¤,1.0,1.0,0.6,Satisfied
Case 262,2,¡¢,¥£¥£¤,¥£¤,0.6,1.0,0.6,Satisfied
Case 2620,2,¡¢,­¥£¤,¥£¤,0.75,0.75,0.6,Satisfied
Case 2622,2,¢¥,£¤,£¤,1.0,1.0,0.6,Satisfied
Case 2625,2,¡¢,¥£¤,¥£¤,1.0,1.0,0.6,Satisfied
Case 2631,2,¡¢,¥£¤,¥£¤,1.0,1.0,0.6,Satisfied
Case 2634,2,¡¢,¥£¤,¥£¤,1.0,1.0,0.6,Satisfied
Case 2643,2,¡¥,£¤,£¤,1.0,1.0,0.6,Satisfied
Case 265,2,¡¢,¥£¤,¥£¤,1.0,1.0,0.6,Satisfied
Case 2659,2,¡¢,¥¥¢£¤,¥£¤,0.6,0.75,0.6,Satisfied
Case 2665,2,¡¢,¥£¤,¥£¤,1.0,1.0,0.6,Satisfied
Case 2666,2,¡¡,¢¥¥£¤,¢£¤,0.6,0.75,0.6,Satisfied
Case 2667,2,¡¢,¥¥£¢¥£¤,¥£¤,0.4285714285714286,0.75,0.6,Satisfied
Case 2668,2,¡¡,¢­¥£¤,¢£¤,0.6,0.6,0.6,Satisfied
Case 2674,2,¡¢,¥¢£¤,¥£¤,0.75,0.75,0.6,Satisfied
Case 2676,2,¡¢,¥£¤,¥£¤,1.0,1.0,0.6,Satisfied
Case 2681,2,¡¢,¥£¤,¥£¤,1.0,1.0,0.6,Satisfied
Case 2686,2,¢¥,£¤,£¤,1.0,1.0,0.6,Satisfied
Case 2700,2,¡¢,¥£¤,¥£¤,1.0,1.0,0.6,Satisfied
Case 2713,2,¡¢,¥£¤,¥£¤,1.0,1.0,0.6,Satisfied
Case 2714,2,¡¢,¥£¤,¥£¤,1.0,1.0,0.6,Satisfied
Case 2716,2,¡¢,¥£¤,¥£¤,1.0,1.0,0.6,Satisfied
Case 2720,2,¡¢,­¥£¤,¥£¤,0.75,0.75,0.6,Satisfied
Case 2721,2,¡¢,¥£¤,¥£¤,1.0,1.0,0.6,Satisfied
Case 2734,2,¡¢,¥£¤,¥£¤,1.0,1.0,0.6,Satisfied
Case 2741,2,¡¢,¥£¤,¥£¤,1.0,1.0,0.6,Satisfied
Case 2765,2,¡¢,¥¥£¤,¥£¤,0.75,1.0,0.6,Satisfied
Case 2770,2,¡¢,¥£¤,¥£¤,1.0,1.0,0.6,Satisfied
Case 2774,2,¡¥,£¥£¢¥£¤,£¤,0.2857142857142857,0.5,0.6,Satisfied
Case 2776,2,¢¥,¢¥£¤,£¤,0.5,0.5,0.6,Satisfied
Case 2777,2,¡¢,¥£¤,¥£¤,1.0,1.0,0.6,Satisfied
Case 2788,2,¡¢,¥£¤,¥£¤,1.0,1.0,0.6,Satisfied
Case 2789,2,¡¢,¥£¤,¥£¤,1.0,1.0,0.6,Satisfied
Case 2791,2,¡¢,¥£¤,¥£¤,1.0,1.0,0.6,Satisfied
Case 2797,2,¢¥,£¤,£¤,1.0,1.0,0.6,Satisfied
Case 28,2,¡¢,¦­­¥£,¥£¤,0.19999999999999996,0.4,0.6,Satisfied
Case 2814,2,¡¢,¥£¤,¥£¤,1.0,1.0,0.6,Satisfied
Case 282,2,¡¢,¥£¤,¥£¤,1.0,1.0,0.6,Satisfied
Case 2826,2,¡¢,¥£¤,¥£¤,1.0,1.0,0.6,Satisfied
Case 2834,2,¡¢,¥£¤,¥£¤,1.0,1.0,0.6,Satisfied
Case 2839,2,¡¢,¥£¤,¥£¤,1.0,1.0,0.6,Satisfied
Case 2847,2,¡¢,¥£¤,¥£¤,1.0,1.0,0.6,Satisfied
Case 2848,2,¡¢,¥£¤,¥£¤,1.0,1.0,0.6,Satisfied
Case 2849,2,¡¥,£¥£¤,£¤,0.5,0.6666666666666666,0.6,Satisfied
Case 2851,2,¡¢,¥£¤,¥£¤,1.0,1.0,0.6,Satisfied
Case 2854,2,¡¢,¥£¤,¥£¤,1.0,1.0,0.6,Satisfied
Case 286,2,¡¢,¥£¤,¥£¤,1.0,1.0,0.6,Satisfied
Case 2860,2,¡¢,¥£¤,¥£¤,1.0,1.0,0.6,Satisfied
Case 2866,2,¡¢,¥£¤,¥£¤,1.0,1.0,0.6,Satisfied
Case 2873,2,¡¢,¥£¤,¥£¤,1.0,1.0,0.6,Satisfied
Case 2875,2,¡¢,¥£¤,¥£¤,1.0,1.0,0.6,Satisfied
Case 2881,2,¡­,­¥£¤,¥£¤,0.75,0.75,0.6,Satisfied
Case 2891,2,¡¢,¥£¤,¥£¤,1.0,1.0,0.6,Satisfied
Case 2897,2,¡¢,­¢¥£¤,¥£¤,0.6,0.6,0.6,Satisfied
Case 2905,2,¡¢,¥£¤,¥£¤,1.0,1.0,0.6,Satisfied
Case 2908,2,¡¢,¥£¤,¥£¤,1.0,1.0,0.6,Satisfied
Case 2910,2,¡¢,¥£¤,¥£¤,1.0,1.0,0.6,Satisfied
Case 2918,2,¡¢,­¢¥£¤,¥£¤,0.6,0.6,0.6,Satisfied
Case 292,2,¡¢,¥£¤,¥£¤,1.0,1.0,0.6,Satisfied
Case 2931,2,¡¢,¥­£¥£¤,¥£¤,0.5,0.75,0.6,Satisfied
Case 2932,2,¡¢,¥£¤,¥£¤,1.0,1.0,0.6,Satisfied
Case 2934,2,¡¢,¥£¤,¥£¤,1.0,1.0,0.6,Satisfied
Case 2949,2,¡¢,¥£¤,¥£¤,1.0,1.0,0.6,Satisfied
Case 2956,2,¡¥,£¤,£¤,1.0,1.0,0.6,Satisfied
Case 296,2,¡¢,¥£¤,¥£¤,1.0,1.0,0.6,Satisfied
Case 2962,2,¡¢,¥£¤,¥£¤,1.0,1.0,0.6,Satisfied
Case 2964,2,¡¢,¥£¤,¥£¤,1.0,1.0,0.6,Satisfied
Case 2966,2,¡¢,¥£¤,¥£¤,1.0,1.0,0.6,Satisfied
Case 2968,2,¡¢,¥£¤,¥£¤,1.0,1.0,0.6,Satisfied
Case 2970,2,¡¢,­¥£¤,¥£¤,0.75,0.75,0.6,Satisfied
Case 2971,2,¡¢,¥£¤,¥£¤,1.0,1.0,0.6,Satisfied
Case 2975,2,¡¥,¡¢¥¥¢£¤,£¤,0.2857142857142857,0.4,0.6,Satisfied
Case 2981,2,¡¡,¢­­¥£¤,¢£¤,0.5,0.6,0.6,Satisfied
Case 2984,2,¡¢,¥£¥£¤,¥£¤,0.6,1.0,0.6,Satisfied
Case 2988,2,¡¥,£¥£¤,£¤,0.5,0.6666666666666666,0.6,Satisfied
Case 299,2,¡¢,¥£¤,¥£¤,1.0,1.0,0.6,Satisfied
Case 2992,2,¡¢,¥£¤,¥£¤,1.0,1.0,0.6,Satisfied
Case 3002,2,¡¢,¥£¤,¥£¤,1.0,1.0,0.6,Satisfied
Case 3008,2,¡¢,¥£¤,¥£¤,1.0,1.0,0.6,Satisfied
Case 3009,2,¡¢,¥¢£¤,¥£¤,0.75,0.75,0.6,Satisfied
Case 3010,2,¡¢,¥£¤,¥£¤,1.0,1.0,0.6,Satisfied
Case 3013,2,¡¢,¢¥£¤,¥£¤,0.75,0.75,0.6,Satisfied
Case 3015,2,¡¢,­¥£¤,¥£¤,0.75,0.75,0.6,Satisfied
Case 3016,2,¡¡,¢¥£¤,¢£¤,0.75,0.75,0.6,Satisfied
Case 3021,2,¡¢,¥£¤,¥£¤,1.0,1.0,0.6,Satisfied
Case 3027,2,¡¢,¥£¤,¥£¤,1.0,1.0,0.6,Satisfied
Case 3034,2,¡¢,¥£¤,¥£¤,1.0,1.0,0.6,Satisfied
Case 3035,2,¡¢,¥£¤,¥£¤,1.0,1.0,0.6,Satisfied
Case 3037,2,¡¢,¥£¤,¥£¤,1.0,1.0,0.6,Satisfied
Case 3038,2,¡¢,¥¢¥£¤,¥£¤,0.6,0.75,0.6,Satisfied
Case 3043,2,¡¢,¥£¤,¥£¤,1.0,1.0,0.6,Satisfied
Case 3044,2,¡¢,¥£¤,¥£¤,1.0,1.0,0.6,Satisfied
Case 3046,2,¡¥,£¤,£¤,1.0,1.0,0.6,Satisfied
Case 3056,2,¡¢,¥£¤,¥£¤,1.0,1.0,0.6,Satisfied
Case 3058,2,¡¢,­¥£¥£¤,¥£¤,0.5,0.75,0.6,Satisfied
Case 3059,2,¡¢,­¥£¤,¥£¤,0.75,0.75,0.6,Satisfied
Case 3061,2,¡¢,­¥£¤,¥£¤,0.75,0.75,0.6,Satisfied
Case 3071,2,¡¢,¦­¥£¤,¥£¤,0.6,0.6,0.6,Satisfied
Case 3073,2,¡¢,¥£¤,¥£¤,1.0,1.0,0.6,Satisfied
Case 3077,2,¡­,¥£¤,¥£¤,1.0,1.0,0.6,Satisfied
Case 3078,2,¡¢,¥£¤,¥£¤,1.0,1.0,0.6,Satisfied
Case 308,2,¡¢,¥£¤,¥£¤,1.0,1.0,0.6,Satisfied
Case 3082,2,¡¡,¢¥£¤,¢£¤,0.75,0.75,0.6,Satisfied
Case 3083,2,¡¢,¥£¤,¥£¤,1.0,1.0,0.6,Satisfied
Case 3086,2,¡¢,¥£¤,¥£¤,1.0,1.0,0.6,Satisfied
Case 3095,2,¡¢,¥£¤,¥£¤,1.0,1.0,0.6,Satisfied
Case 31,2,¡¢,¦­¥£¤,¥£¤,0.6,0.6,0.6,Satisfied
Case 3103,2,¡¢,­¥£¤,¥£¤,0.75,0.75,0.6,Satisfied
Case 3112,2,¡¢,¥£¤,¥£¤,1.0,1.0,0.6,Satisfied
Case 3113,2,¡¢,¥¥¢¥£¤,¥£¤,0.5,0.75,0.6,Satisfied
Case 3118,2,¡¢,¥¥¦£¤,¥£¤,0.6,0.75,0.6,Satisfied
Case 3121,2,¡¢,¥£¡¢¥£¤,¥£¤,0.4285714285714286,0.6,0.6,Satisfied
Case 3126,2,¡¢,¥£¤,¥£¤,1.0,1.0,0.6,Satisfied
Case 3128,2,¡¢,¥£¤,¥£¤,1.0,1.0,0.6,Satisfied
Case 313,2,¡¢,¥­¥£¥£¤,¥£¤,0.4285714285714286,0.75,0.6,Satisfied
Case 3139,2,¡¢,­¢¥£¤,¥£¤,0.6,0.6,0.6,Satisfied
Case 3142,2,¡¢,¥£¤,¥£¤,1.0,1.0,0.6,Satisfied
Case 3145,2,¡¢,¥£¤,¥£¤,1.0,1.0,0.6,Satisfied
Case 3148,2,¢¥,£¤,£¤,1.0,1.0,0.6,Satisfied
Case 317,2,¡¢,­¥£¤,¥£¤,0.75,0.75,0.6,Satisfied
Case 3172,2,¡¢,¥£¤,¥£¤,1.0,1.0,0.6,Satisfied
Case 3176,2,¡¢,­¥£¤,¥£¤,0.75,0.75,0.6,Satisfied
Case 3180,2,¡¢,¥£¤,¥£¤,1.0,1.0,0.6,Satisfied
Case 3182,2,¡¢,¥£¤,¥£¤,1.0,1.0,0.6,Satisfied
Case 3184,2,¡¢,¥£¤,¥£¤,1.0,1.0,0.6,Satisfied
Case 3186,2,¡¢,¥£¤,¥£¤,1.0,1.0,0.6,Satisfied
Case 3188,2,¡¢,¥£¤,¥£¤,1.0,1.0,0.6,Satisfied
Case 3192,2,¡¢,¦¥£¤,¥£¤,0.75,0.75,0.6,Satisfied
Case 3212,2,¡¢,¥£¤,¥£¤,1.0,1.0,0.6,Satisfied
Case 3214,2,¡¢,¦¥£¤,¥£¤,0.75,0.75,0.6,Satisfied
Case 3222,2,¡¢,¥£¤,¥£¤,1.0,1.0,0.6,Satisfied
Case 3226,2,¡¥,£¤,£¤,1.0,1.0,0.6,Satisfied
Case 3229,2,¡¢,¥£¤,¥£¤,1.0,1.0,0.6,Satisfied
Case 323,2,¡¢,¥£¤,¥£¤,1.0,1.0,0.6,Satisfied
Case 3231,2,¡¢,¥£¤,¥£¤,1.0,1.0,0.6,Satisfied
Case 3233,2,¡¢,¥£¤,¥£¤,1.0,1.0,0.6,Satisfied
Case 3239,2,¡¥,£¤,£¤,1.0,1.0,0.6,Satisfied
Case 324,2,¢¥,£¤,£¤,1.0,1.0,0.6,Satisfied
Case 3240,2,¡¢,¥£¤,¥£¤,1.0,1.0,0.6,Satisfied
Case 3249,2,¡¢,­­¢¥£¥£¤,¥£¤,0.375,0.6,0.6,Satisfied
Case 3251,2,¡¢,¥£¤,¥£¤,1.0,1.0,0.6,Satisfied
Case 3253,2,¡¢,¥£¤,¥£¤,1.0,1.0,0.6,Satisfied
Case 3254,2,¡¢,¥,¥£¤,0.33333333333333337,0.33333333333333326,0.6,Satisfied
Case 326,2,¡¢,­­¥£¤,¥£¤,0.6,0.75,0.6,Satisfied
Case 3260,2,¡¢,¥£¤,¥£¤,1.0,1.0,0.6,Satisfied
Case 3262,2,¡¢,¥£¤,¥£¤,1.0,1.0,0.6,Satisfied
Case 3273,2,¡¢,¥£¤,¥£¤,1.0,1.0,0.6,Satisfied
Case 3276,2,¡¢,­¥£¤,¥£¤,0.75,0.75,0.6,Satisfied
Case 3288,2,¡¢,¥£¥£¤,¥£¤,0.6,1.0,0.6,Satisfied
Case 3289,2,¡¢,¥£¤,¥£¤,1.0,1.0,0.6,Satisfied
Case 3294,2,¡¢,¥¢£¤,¥£¤,0.75,0.75,0.6,Satisfied
Case 33,2,¡¢,¥£¤,¥£¤,1.0,1.0,0.6,Satisfied
Case 331,2,¡¢,­¥£¤,¥£¤,0.75,0.75,0.6,Satisfied
Case 3314,2,¡¢,¥£¤,¥£¤,1.0,1.0,0.6,Satisfied
Case 3315,2,¡¢,¥£¤,¥£¤,1.0,1.0,0.6,Satisfied
Case 332,2,¡¢,¥£¤,¥£¤,1.0,1.0,0.6,Satisfied
Case 3323,2,¡¢,¦­­¥£,¥£¤,0.19999999999999996,0.4,0.6,Satisfied
Case 3324,2,¡¢,¥£¤,¥£¤,1.0,1.0,0.6,Satisfied
Case 333,2,¡¢,¥£¤,¥£¤,1.0,1.0,0.6,Satisfied
Case 3331,2,¡¢,¥£¤,¥£¤,1.0,1.0,0.6,Satisfied
Case 3334,2,¡¢,¥£¤,¥£¤,1.0,1.0,0.6,Satisfied
Case 3336,2,¡¢,¥£¤,¥£¤,1.0,1.0,0.6,Satisfied
Case 3338,2,¡­,¥£¤,¥£¤,1.0,1.0,0.6,Satisfied
Case 3341,2,¡¢,¥£¤,¥£¤,1.0,1.0,0.6,Satisfied
Case 3344,2,¡¥,£¥£¢¥£¥£¤,£¤,0.2222222222222222,0.5,0.6,Satisfied
Case 3349,2,¡¢,¥£¤,¥£¤,1.0,1.0,0.6,Satisfied
Case 3351,2,¡¢,¥£¥£¤,¥£¤,0.6,1.0,0.6,Satisfied
Case 3357,2,¡¢,¥£¤,¥£¤,1.0,1.0,0.6,Satisfied
Case 3358,2,¡¢,­¥£¤,¥£¤,0.75,0.75,0.6,Satisfied
Case 3360,2,¡¢,¥£¤,¥£¤,1.0,1.0,0.6,Satisfied
Case 3362,2,¡¢,¥£¤,¥£¤,1.0,1.0,0.6,Satisfied
Case 337,2,¡¢,¥£¤,¥£¤,1.0,1.0,0.6,Satisfied
Case 3372,2,¡¢,¥£¤,¥£¤,1.0,1.0,0.6,Satisfied
Case 3373,2,¡¢,¥£¤,¥£¤,1.0,1.0,0.6,Satisfied
Case 3376,2,¡¢,¥£¤,¥£¤,1.0,1.0,0.6,Satisfied
Case 3382,2,¡¢,¥£¤,¥£¤,1.0,1.0,0.6,Satisfied
Case 3398,2,¡¢,¥£¤,¥£¤,1.0,1.0,0.6,Satisfied
Case 34,2,¡¢,¥¥£¤,¥£¤,0.75,1.0,0.6,Satisfied
Case 3403,2,¡¢,¥£¤,¥£¤,1.0,1.0,0.6,Satisfied
Case 3409,2,¡¢,¦¬¬­,¥£¤,0.0,0.0,0.6,Satisfied
Case 3413,2,¡¢,¥£¤,¥£¤,1.0,1.0,0.6,Satisfied
Case 3416,2,¡¥,£¤,£¤,1.0,1.0,0.6,Satisfied
Case 3418,2,¡¢,­¥£¤,¥£¤,0.75,0.75,0.6,Satisfied
Case 3419,2,¡¢,¥£¤,¥£¤,1.0,1.0,0.6,Satisfied
Case 3426,2,¡¢,¥£¤,¥£¤,1.0,1.0,0.6,Satisfied
Case 3428,2,¡¢,¥£¤,¥£¤,1.0,1.0,0.6,Satisfied
Case 343,2,¡¢,¥£¤,¥£¤,1.0,1.0,0.6,Satisfied
Case 3436,2,¡¢,¥¥¥¥£¤,¥£¤,0.5,1.0,0.6,Satisfied
Case 3439,2,¢¥,£¢¥¢¥£¤,£¤,0.2857142857142857,0.5,0.6,Satisfied
Case 3440,2,¡¢,¥£¤,¥£¤,1.0,1.0,0.6,Satisfied
Case 3442,2,¡¢,¥£¤,¥£¤,1.0,1.0,0.6,Satisfied
Case 3443,2,¡¢,­¥£,¥£¤,0.33333333333333337,0.5,0.6,Satisfied
Case 3444,2,¡¦,¦¬¬­¥£¤,¥£¤,0.4285714285714286,0.5,0.6,Satisfied
Case 3448,2,¡¢,¥£¤,¥£¤,1.0,1.0,0.6,Satisfied
Case 3449,2,¡¡,¢¥£¤,¢£¤,0.75,0.75,0.6,Satisfied
Case 345,2,¡¢,¥£¤,¥£¤,1.0,1.0,0.6,Satisfied
Case 3454,2,¡¢,¢¥£¤,¥£¤,0.75,0.75,0.6,Satisfied
Case 346,2,¡¥,¥£¤,£¤,0.6666666666666667,0.6666666666666666,0.6,Satisfied
Case 3462,2,¡¢,¥£¤,¥£¤,1.0,1.0,0.6,Satisfied
Case 3465,2,¡¢,¥£¤,¥£¤,1.0,1.0,0.6,Satisfied
Case 3475,2,¡¢,¥£¤,¥£¤,1.0,1.0,0.6,Satisfied
Case 348,2,¡¢,¥£¤,¥£¤,1.0,1.0,0.6,Satisfied
Case 349,2,¡¢,¥£¤,¥£¤,1.0,1.0,0.6,Satisfied
Case 3498,2,¡¢,¥£¤,¥£¤,1.0,1.0,0.6,Satisfied
Case 3511,2,¡¢,¥£¤,¥£¤,1.0,1.0,0.6,Satisfied
Case 3516,2,¡¢,­¥£¤,¥£¤,0.75,0.75,0.6,Satisfied
Case 3517,2,¡¢,¥£¤,¥£¤,1.0,1.0,0.6,Satisfied
Case 3529,2,¡¢,¥£¤,¥£¤,1.0,1.0,0.6,Satisfied
Case 3530,2,¡¢,¥£¤,¥£¤,1.0,1.0,0.6,Satisfied
Case 3532,2,¡¢,¥£¤,¥£¤,1.0,1.0,0.6,Satisfied
Case 3535,2,¡¢,¥£¤,¥£¤,1.0,1.0,0.6,Satisfied
Case 3537,2,¡¢,¥£¤,¥£¤,1.0,1.0,0.6,Satisfied
Case 3539,2,¡¢,¥£¤,¥£¤,1.0,1.0,0.6,Satisfied
Case 3542,2,¡¢,¥£¤,¥£¤,1.0,1.0,0.6,Satisfied
Case 3543,2,¡¢,¥£¤,¥£¤,1.0,1.0,0.6,Satisfied
Case 3546,2,¡¢,¥£¤,¥£¤,1.0,1.0,0.6,Satisfied
Case 3551,2,¡¢,¥£¤,¥£¤,1.0,1.0,0.6,Satisfied
Case 3552,2,¡¢,¥£¤,¥£¤,1.0,1.0,0.6,Satisfied
Case 3562,2,¡¢,¥£¢¥£¤,¥£¤,0.5,0.75,0.6,Satisfied
Case 3563,2,¡¢,¥£¤,¥£¤,1.0,1.0,0.6,Satisfied
Case 3565,2,¡¢,¥£¤,¥£¤,1.0,1.0,0.6,Satisfied
Case 3567,2,¡¢,¥£¤,¥£¤,1.0,1.0,0.6,Satisfied
Case 3569,2,¢¥,£¤,£¤,1.0,1.0,0.6,Satisfied
Case 3582,2,¡¢,¥£¤,¥£¤,1.0,1.0,0.6,Satisfied
Case 3583,2,¡¢,¥£¤,¥£¤,1.0,1.0,0.6,Satisfied
Case 3592,2,¡¢,¥£¤,¥£¤,1.0,1.0,0.6,Satisfied
Case 3599,2,¡¢,¥£¤,¥£¤,1.0,1.0,0.6,Satisfied
Case 3600,2,¡¢,¥£¤,¥£¤,1.0,1.0,0.6,Satisfied
Case 3601,2,¡¢,¥£¤,¥£¤,1.0,1.0,0.6,Satisfied
Case 361,2,¡¢,¥£¢¥£¤,¥£¤,0.5,0.75,0.6,Satisfied
Case 3613,2,¡¢,­¥£¤,¥£¤,0.75,0.75,0.6,Satisfied
Case 3614,2,¡¢,¥£¤,¥£¤,1.0,1.0,0.6,Satisfied
Case 3634,2,¢¥,£¤,£¤,1.0,1.0,0.6,Satisfied
Case 3638,2,¡¢,¥£¤,¥£¤,1.0,1.0,0.6,Satisfied
Case 364,2,¡¢,¥£¤,¥£¤,1.0,1.0,0.6,Satisfied
Case 3641,2,¡¢,¥£¤,¥£¤,1.0,1.0,0.6,Satisfied
Case 3643,2,¡¢,¥£¤,¥£¤,1.0,1.0,0.6,Satisfied
Case 3645,2,¡¢,­¥£¤,¥£¤,0.75,0.75,0.6,Satisfied
Case 3653,2,¡¢,¥£¤,¥£¤,1.0,1.0,0.6,Satisfied
Case 3654,2,¡¢,¥£¤,¥£¤,1.0,1.0,0.6,Satisfied
Case 3656,2,¡¢,¥¥£¤,¥£¤,0.75,1.0,0.6,Satisfied
Case 3657,2,¡¢,¥£¤,¥£¤,1.0,1.0,0.6,Satisfied
Case 3662,2,¡¢,¥¥£¤,¥£¤,0.75,1.0,0.6,Satisfied
Case 3663,2,¡¢,¥£¤,¥£¤,1.0,1.0,0.6,Satisfied
Case 3666,2,¡¢,¥£¤,¥£¤,1.0,1.0,0.6,Satisfied
Case 3669,2,¡¡,¢¥¢­­£¤,¢£¤,0.4285714285714286,0.6,0.6,Satisfied
Case 367,2,¡¥,¥£¤,£¤,0.6666666666666667,0.6666666666666666,0.6,Satisfied
Case 3670,2,¡¢,¥£¤,¥£¤,1.0,1.0,0.6,Satisfied
Case 3673,2,¡¢,¥¢¥£¤,¥£¤,0.6,0.75,0.6,Satisfied
Case 3674,2,¡¢,¥£¤,¥£¤,1.0,1.0,0.6,Satisfied
Case 3676,2,¡¢,¥£¥£¤,¥£¤,0.6,1.0,0.6,Satisfied
Case 3678,2,¡¢,¥£¤,¥£¤,1.0,1.0,0.6,Satisfied
Case 3688,2,¡¡,¢¥£¤,¢£¤,0.75,0.75,0.6,Satisfied
Case 3692,2,¡¥,£¢¥£¤,£¤,0.4,0.5,0.6,Satisfied
Case 3696,2,¡¢,¥£¤,¥£¤,1.0,1.0,0.6,Satisfied
Case 370,2,¡¢,¥£¤,¥£¤,1.0,1.0,0.6,Satisfied
Case 3705,2,¡¢,¥£¢¥£¤,¥£¤,0.5,0.75,0.6,Satisfied
Case 3708,2,¡¢,¥£¤,¥£¤,1.0,1.0,0.6,Satisfied
Case 3738,2,¡¢,¥£¤,¥£¤,1.0,1.0,0.6,Satisfied
Case 374,2,¡¢,¥£¤,¥£¤,1.0,1.0,0.6,Satisfied
Case 3742,2,¡¢,¥£¤,¥£¤,1.0,1.0,0.6,Satisfied
Case 3745,2,¡¢,¥£¤,¥£¤,1.0,1.0,0.6,Satisfied
Case 3766,2,¡¢,¥£¤,¥£¤,1.0,1.0,0.6,Satisfied
Case 3770,2,¡¢,¥£¤,¥£¤,1.0,1.0,0.6,Satisfied
Case 3775,2,¡¢,¥£¤,¥£¤,1.0,1.0,0.6,Satisfied
Case 3776,2,¡¡,¢¥£¤,¢£¤,0.75,0.75,0.6,Satisfied
Case 378,2,¡¢,¥£¤,¥£¤,1.0,1.0,0.6,Satisfied
Case 3787,2,¡¢,¥¢£¤,¥£¤,0.75,0.75,0.6,Satisfied
Case 3798,2,¡¢,¥£¤,¥£¤,1.0,1.0,0.6,Satisfied
Case 380,2,¡¥,£¤,£¤,1.0,1.0,0.6,Satisfied
Case 3802,2,§¡,¥£¤,¢¥£¤,0.75,0.75,0.6,Satisfied
Case 3818,2,¡¢,¥£¤,¥£¤,1.0,1.0,0.6,Satisfied
Case 3819,2,¡¢,¥£¤,¥£¤,1.0,1.0,0.6,Satisfied
Case 382,2,¡¢,¥¢­£,¥£¤,0.25,0.4,0.6,Satisfied
Case 3822,2,¡¢,¥£¤,¥£¤,1.0,1.0,0.6,Satisfied
Case 383,2,§¥,¥,£¤,0.0,0.0,0.6,Satisfied
Case 3832,2,¡¢,¥¥£¢¥£¤,¥£¤,0.4285714285714286,0.75,0.6,Satisfied
Case 384,2,¡¢,¥£¤,¥£¤,1.0,1.0,0.6,Satisfied
Case 3844,2,¡¢,¥£¤,¥£¤,1.0,1.0,0.6,Satisfied
Case 3857,2,¡¢,¥£¤,¥£¤,1.0,1.0,0.6,Satisfied
Case 3864,2,¡¢,¥£¤,¥£¤,1.0,1.0,0.6,Satisfied
Case 3865,2,¡¢,­¥£¤,¥£¤,0.75,0.75,0.6,Satisfied
Case 3877,2,¡¢,¥£¤,¥£¤,1.0,1.0,0.6,Satisfied
Case 3880,2,¡¥,£¤,£¤,1.0,1.0,0.6,Satisfied
Case 3884,2,¡¢,¥¢£¤,¥£¤,0.75,0.75,0.6,Satisfied
Case 3885,2,¡¢,¥£¤,¥£¤,1.0,1.0,0.6,Satisfied
Case 3888,2,¡¥,£¤,£¤,1.0,1.0,0.6,Satisfied
Case 3890,2,¡¢,¥£¤,¥£¤,1.0,1.0,0.6,Satisfied
Case 3896,2,¡¢,¥£¤,¥£¤,1.0,1.0,0.6,Satisfied
Case 3898,2,¡¢,¥£¤,¥£¤,1.0,1.0,0.6,Satisfied
Case 3899,2,¡¢,¥£¤,¥£¤,1.0,1.0,0.6,Satisfied
Case 39,2,¡¢,¥£¤,¥£¤,1.0,1.0,0.6,Satisfied
Case 3905,2,¡¢,¥£¤,¥£¤,1.0,1.0,0.6,Satisfied
Case 3912,2,¡¢,¥£¤,¥£¤,1.0,1.0,0.6,Satisfied
Case 3913,2,¡¥,£¤,£¤,1.0,1.0,0.6,Satisfied
Case 3928,2,¡¢,¥£¤,¥£¤,1.0,1.0,0.6,Satisfied
Case 3930,2,¡¢,¥£¤,¥£¤,1.0,1.0,0.6,Satisfied
Case 3933,2,¡¢,¥£¤,¥£¤,1.0,1.0,0.6,Satisfied
Case 3943,2,¡¢,¥£¤,¥£¤,1.0,1.0,0.6,Satisfied
Case 3946,2,¡¢,¥£¤,¥£¤,1.0,1.0,0.6,Satisfied
Case 3957,2,¡¢,¢¥£¤,¥£¤,0.75,0.75,0.6,Satisfied
Case 3963,2,¡¢,­­¥£¥£¤,¥£¤,0.4285714285714286,0.75,0.6,Satisfied
Case 397,2,¡¢,¥£¤,¥£¤,1.0,1.0,0.6,Satisfied
Case 3974,2,¡¢,¥£¤,¥£¤,1.0,1.0,0.6,Satisfied
Case 3976,2,¡¢,¥£¤,¥£¤,1.0,1.0,0.6,Satisfied
Case 3983,2,¡¢,¥£¤,¥£¤,1.0,1.0,0.6,Satisfied
Case 399,2,¡¢,¥£¤,¥£¤,1.0,1.0,0.6,Satisfied
Case 3992,2,¡¢,­£¤,¥£¤,0.6666666666666667,0.5,0.6,Satisfied
Case 40,2,¡¢,£¤,¥£¤,0.6666666666666667,0.6666666666666666,0.6,Satisfied
Case 4004,2,¢£,£¤,¤,0.5,0.5,0.6,Satisfied
Case 4006,2,¡¢,¥¢¥£¤,¥£¤,0.6,0.75,0.6,Satisfied
Case 4009,2,¡¢,¥£¤,¥£¤,1.0,1.0,0.6,Satisfied
Case 4017,2,¡¢,¥£¤,¥£¤,1.0,1.0,0.6,Satisfied
Case 402,2,¡¢,£¤,¥£¤,0.6666666666666667,0.6666666666666666,0.6,Satisfied
Case 4026,2,¡¢,¥¦­£¤,¥£¤,0.6,0.6,0.6,Satisfied
Case 4030,2,¡¢,£¤,¥£¤,0.6666666666666667,0.6666666666666666,0.6,Satisfied
Case 4031,2,¡£,£¤,¤,0.5,0.5,0.6,Satisfied
Case 4032,2,¡¥,£¤,£¤,1.0,1.0,0.6,Satisfied
Case 4037,2,¡¢,£¤,¥£¤,0.6666666666666667,0.6666666666666666,0.6,Satisfied
Case 4048,2,¡¢,£¤,¥£¤,0.6666666666666667,0.6666666666666666,0.6,Satisfied
Case 4054,2,¡¢,£¤,¥£¤,0.6666666666666667,0.6666666666666666,0.6,Satisfied
Case 4067,2,¡¢,£¤,¥£¤,0.6666666666666667,0.6666666666666666,0.6,Satisfied
Case 4068,2,¡¢,£¤,¥£¤,0.6666666666666667,0.6666666666666666,0.6,Satisfied
Case 4069,2,¡¢,£¤,¥£¤,0.6666666666666667,0.6666666666666666,0.6,Satisfied
Case 407,2,¡¢,¥£¤,¥£¤,1.0,1.0,0.6,Satisfied
Case 4073,2,¡¢,¥£¤,¥£¤,1.0,1.0,0.6,Satisfied
Case 4074,2,¡¢,¥£¤,¥£¤,1.0,1.0,0.6,Satisfied
Case 408,2,¡¡,¢¥£¤,¢£¤,0.75,0.75,0.6,Satisfied
Case 4082,2,¡¢,­£¤,¥£¤,0.6666666666666667,0.5,0.6,Satisfied
Case 4084,2,¡¢,¥£¤,¥£¤,1.0,1.0,0.6,Satisfied
Case 4106,2,¡¢,£¤,¥£¤,0.6666666666666667,0.6666666666666666,0.6,Satisfied
Case 4107,2,¡¢,¥¥£¤,¥£¤,0.75,1.0,0.6,Satisfied
Case 412,2,¡¢,¥£¤,¥£¤,1.0,1.0,0.6,Satisfied
Case 4127,2,¡¢,£¤,¥£¤,0.6666666666666667,0.6666666666666666,0.6,Satisfied
Case 414,2,¡¡,¢£¤,¢£¤,1.0,1.0,0.6,Satisfied
Case 4145,2,¡¢,£¤,¥£¤,0.6666666666666667,0.6666666666666666,0.6,Satisfied
Case 4147,2,¡¢,¥£¤,¥£¤,1.0,1.0,0.6,Satisfied
Case 4149,2,¡¢,¥£¤,¥£¤,1.0,1.0,0.6,Satisfied
Case 4154,2,¡¢,£¤,¥£¤,0.6666666666666667,0.6666666666666666,0.6,Satisfied
Case 4156,2,¡¢,¥£¤,¥£¤,1.0,1.0,0.6,Satisfied
Case 4160,2,¡¢,£¤,¥£¤,0.6666666666666667,0.6666666666666666,0.6,Satisfied
Case 4161,2,¡¢,£¤,¥£¤,0.6666666666666667,0.6666666666666666,0.6,Satisfied
Case 4162,2,¡¢,£¤,¥£¤,0.6666666666666667,0.6666666666666666,0.6,Satisfied
Case 4165,2,¡¡,¢¥£¤,¢£¤,0.75,0.75,0.6,Satisfied
Case 4172,2,¡¢,¥£¤,¥£¤,1.0,1.0,0.6,Satisfied
Case 4183,2,¡­,£¤,¥£¤,0.6666666666666667,0.6666666666666666,0.6,Satisfied
Case 4185,2,¡¢,­£¤,¥£¤,0.6666666666666667,0.5,0.6,Satisfied
Case 4187,2,¡¢,¥¢¥,¥£¤,0.33333333333333337,0.25,0.6,Satisfied
Case 4194,2,¡¢,£¤,¥£¤,0.6666666666666667,0.6666666666666666,0.6,Satisfied
Case 4197,2,¡¡,¡¢£¤,¢£¤,0.75,0.75,0.6,Satisfied
Case 4206,2,¡¢,£¤,¥£¤,0.6666666666666667,0.6666666666666666,0.6,Satisfied
Case 421,2,¡¢,£¤,¥£¤,0.6666666666666667,0.6666666666666666,0.6,Satisfied
Case 4212,2,¡¢,£¤,¥£¤,0.6666666666666667,0.6666666666666666,0.6,Satisfied
Case 4241,2,¡¢,£¤,¥£¤,0.6666666666666667,0.6666666666666666,0.6,Satisfied
Case 4248,2,¡£,¤,¤,1.0,1.0,0.6,Satisfied
Case 4255,2,¡¢,££¤,¥£¤,0.6666666666666667,0.6666666666666666,0.6,Satisfied
Case 4257,2,¡¢,¥£¤,¥£¤,1.0,1.0,0.6,Satisfied
Case 4259,2,¡¢,¢£¤,¥£¤,0.6666666666666667,0.5,0.6,Satisfied
Case 4268,2,¢¥,£¤,£¤,1.0,1.0,0.6,Satisfied
Case 4269,2,¡¢,¥£¤,¥£¤,1.0,1.0,0.6,Satisfied
Case 427,2,¡¢,£¤,¥£¤,0.6666666666666667,0.6666666666666666,0.6,Satisfied
Case 4282,2,¡¢,£¤,¥£¤,0.6666666666666667,0.6666666666666666,0.6,Satisfied
Case 4300,2,¡¢,¥¥£¤,¥£¤,0.75,1.0,0.6,Satisfied
Case 4301,2,¡¢,¥£¤,¥£¤,1.0,1.0,0.6,Satisfied
Case 4324,2,¡¢,£¤,¥£¤,0.6666666666666667,0.6666666666666666,0.6,Satisfied
Case 4325,2,¡¢,£¤,¥£¤,0.6666666666666667,0.6666666666666666,0.6,Satisfied
Case 4326,2,¡¢,¥£¤,¥£¤,1.0,1.0,0.6,Satisfied
Case 433,2,¡¢,¥¥£¤,¥£¤,0.75,1.0,0.6,Satisfied
Case 4332,2,¡¢,£¤,¥£¤,0.6666666666666667,0.6666666666666666,0.6,Satisfied
Case 4337,2,¡¢,¥£¤,¥£¤,1.0,1.0,0.6,Satisfied
Case 4338,2,¡¢,¥¢¥£¤,¥£¤,0.6,0.75,0.6,Satisfied
Case 4348,2,¡¢,­£¤,¥£¤,0.6666666666666667,0.5,0.6,Satisfied
Case 435,2,¡¢,­£¤,¥£¤,0.6666666666666667,0.5,0.6,Satisfied
Case 4351,2,¡¢,¥£¤,¥£¤,1.0,1.0,0.6,Satisfied
Case 4352,2,¡¢,¥£¤,¥£¤,1.0,1.0,0.6,Satisfied
Case 4353,2,¡¢,¢¥¥£¤,¥£¤,0.6,0.75,0.6,Satisfied
Case 4354,2,¡¢,­£,¥£¤,0.33333333333333337,0.25,0.6,Satisfied
Case 4355,2,¡¢,£¤,¥£¤,0.6666666666666667,0.6666666666666666,0.6,Satisfied
Case 4359,2,¡¢,¥£¤,¥£¤,1.0,1.0,0.6,Satisfied
Case 4361,2,¡¢,­£¤,¥£¤,0.6666666666666667,0.5,0.6,Satisfied
Case 4365,2,¡¢,¥£¤,¥£¤,1.0,1.0,0.6,Satisfied
Case 4369,2,¡¢,¥£¤,¥£¤,1.0,1.0,0.6,Satisfied
Case 4370,2,§¥,¥,£¤,0.0,0.0,0.6,Satisfied
Case 4371,2,¡£,£¤,¤,0.5,0.5,0.6,Satisfied
Case 438,2,¡¢,­¥£¤,¥£¤,0.75,0.75,0.6,Satisfied
Case 4383,2,¡¢,£¤,¥£¤,0.6666666666666667,0.6666666666666666,0.6,Satisfied
Case 4385,2,¡¡,¢£¤,¢£¤,1.0,1.0,0.6,Satisfied
Case 4389,2,¡¢,­£¤,¥£¤,0.6666666666666667,0.5,0.6,Satisfied
Case 4394,2,¡¢,£¤,¥£¤,0.6666666666666667,0.6666666666666666,0.6,Satisfied
Case 4396,2,¡¢,£¤,¥£¤,0.6666666666666667,0.6666666666666666,0.6,Satisfied
Case 4398,2,¡¢,¥¢¥£¤,¥£¤,0.6,0.75,0.6,Satisfied
Case 4407,2,¡¢,¥£¤,¥£¤,1.0,1.0,0.6,Satisfied
Case 441,2,¢£,£¤,¤,0.5,0.5,0.6,Satisfied
Case 4410,2,¡¢,¥¢£¤,¥£¤,0.75,0.75,0.6,Satisfied
Case 4415,2,¡¢,£¤,¥£¤,0.6666666666666667,0.6666666666666666,0.6,Satisfied
Case 4417,2,¡¥,££¤,£¤,0.6666666666666667,1.0,0.6,Satisfied
Case 4419,2,¡¥,£¤,£¤,1.0,1.0,0.6,Satisfied
Case 4421,2,¡¢,¥£¤,¥£¤,1.0,1.0,0.6,Satisfied
Case 4422,2,¡¢,£¤,¥£¤,0.6666666666666667,0.6666666666666666,0.6,Satisfied
Case 4423,2,¡¡,¢£¤,¢£¤,1.0,1.0,0.6,Satisfied
Case 4424,2,¡¢,¥£¤,¥£¤,1.0,1.0,0.6,Satisfied
Case 4426,2,¡¢,¥£¤,¥£¤,1.0,1.0,0.6,Satisfied
Case 4431,2,¡¢,¥£¤,¥£¤,1.0,1.0,0.6,Satisfied
Case 4456,2,¡¢,¥£¤,¥£¤,1.0,1.0,0.6,Satisfied
Case 446,2,¡¢,¥£¤,¥£¤,1.0,1.0,0.6,Satisfied
Case 4463,2,¡¢,¦¦¬¬­¦£,¥£¤,0.0,0.16666666666666663,0.6,Satisfied
Case 4465,2,¡¢,¥£¤,¥£¤,1.0,1.0,0.6,Satisfied
Case 4469,2,¡¢,£¤,¥£¤,0.6666666666666667,0.6666666666666666,0.6,Satisfied
Case 447,2,¡£,¤,¤,1.0,1.0,0.6,Satisfied
Case 4478,2,¡¢,¥¢£¤,¥£¤,0.75,0.75,0.6,Satisfied
Case 4485,2,¡¢,¥£¤,¥£¤,1.0,1.0,0.6,Satisfied
Case 4487,2,¡¢,£¤,¥£¤,0.6666666666666667,0.6666666666666666,0.6,Satisfied
Case 4501,2,¢¥,¢¥£¤,£¤,0.5,0.5,0.6,Satisfied
Case 4506,2,¡¢,¥£¤,¥£¤,1.0,1.0,0.6,Satisfied
Case 4511,2,¡¢,­££¤,¥£¤,0.5,0.5,0.6,Satisfied
Case 4530,2,¡¡,£¤,¢£¤,0.6666666666666667,0.6666666666666666,0.6,Satisfied
Case 4532,2,¡£,¤,¤,1.0,1.0,0.6,Satisfied
Case 4535,2,¡¢,£¤,¥£¤,0.6666666666666667,0.6666666666666666,0.6,Satisfied
Case 4537,2,¡¢,£¤,¥£¤,0.6666666666666667,0.6666666666666666,0.6,Satisfied
Case 4544,2,¡¢,£,¥£¤,0.33333333333333337,0.33333333333333326,0.6,Satisfied
Case 4558,2,¡¢,¥£¤,¥£¤,1.0,1.0,0.6,Satisfied
Case 456,2,¡¢,£¤,¥£¤,0.6666666666666667,0.6666666666666666,0.6,Satisfied
Case 4563,2,¡¢,¥£¤,¥£¤,1.0,1.0,0.6,Satisfied
Case 4575,2,¡¢,¥£¤,¥£¤,1.0,1.0,0.6,Satisfied
Case 46,2,¡¢,¢¥£¤,¥£¤,0.75,0.75,0.6,Satisfied
Case 467,2,¡¢,¥¢­£¤,¥£¤,0.6,0.6,0.6,Satisfied
Case 470,2,¡¢,¥£¤,¥£¤,1.0,1.0,0.6,Satisfied
Case 474,2,¡¡,¡¢¥£¤,¢£¤,0.6,0.6,0.6,Satisfied
Case 478,2,¡¡,¢¥£¤,¢£¤,0.75,0.75,0.6,Satisfied
Case 480,2,¡¢,£¤,¥£¤,0.6666666666666667,0.6666666666666666,0.6,Satisfied
Case 483,2,¡¢,£¤,¥£¤,0.6666666666666667,0.6666666666666666,0.6,Satisfied
Case 484,2,¡¢,¥£¤,¥£¤,1.0,1.0,0.6,Satisfied
Case 487,2,¡¢,£¤,¥£¤,0.6666666666666667,0.6666666666666666,0.6,Satisfied
Case 496,2,¡¢,¥£¤,¥£¤,1.0,1.0,0.6,Satisfied
Case 498,2,¡¢,££¤,¥£¤,0.6666666666666667,0.6666666666666666,0.6,Satisfied
Case 502,2,¡¢,£¤,¥£¤,0.6666666666666667,0.6666666666666666,0.6,Satisfied
Case 503,2,¡¢,¦­£¤,¥£¤,0.5,0.4,0.6,Satisfied
Case 504,2,¡¢,¥£¤,¥£¤,1.0,1.0,0.6,Satisfied
Case 506,2,¡¢,­£¤,¥£¤,0.6666666666666667,0.5,0.6,Satisfied
Case 507,2,¡¢,£¤,¥£¤,0.6666666666666667,0.6666666666666666,0.6,Satisfied
Case 520,2,¡¢,££¤,¥£¤,0.6666666666666667,0.6666666666666666,0.6,Satisfied
Case 523,2,¢¥,£¤,£¤,1.0,1.0,0.6,Satisfied
Case 525,2,¡¡,¢¥¥,¢£¤,0.33333333333333337,0.25,0.6,Satisfied
Case 527,2,¡¥,¡¡¢£¤,£¤,0.4,0.5,0.6,Satisfied
Case 529,2,¡¥,¥£¤,£¤,0.6666666666666667,0.6666666666666666,0.6,Satisfied
Case 530,2,¡¢,¥¥¥£¤,¥£¤,0.6,1.0,0.6,Satisfied
Case 532,2,¡¢,£¢¥£¤,¥£¤,0.6,0.75,0.6,Satisfied
Case 533,2,¡¢,£¤,¥£¤,0.6666666666666667,0.6666666666666666,0.6,Satisfied
Case 54,2,¡¢,£¤,¥£¤,0.6666666666666667,0.6666666666666666,0.6,Satisfied
Case 553,2,¡¢,¥£¤,¥£¤,1.0,1.0,0.6,Satisfied
Case 554,2,¡£,¤,¤,1.0,1.0,0.6,Satisfied
Case 557,2,¢£,¤,¤,1.0,1.0,0.6,Satisfied
Case 558,2,¡¢,¢£¤,¥£¤,0.6666666666666667,0.5,0.6,Satisfied
Case 559,2,¡¢,¥£¤,¥£¤,1.0,1.0,0.6,Satisfied
Case 566,2,¡¢,¥¢¥£¤,¥£¤,0.6,0.75,0.6,Satisfied
Case 575,2,¡¢,¥£¤,¥£¤,1.0,1.0,0.6,Satisfied
Case 58,2,¡¦,­£¤,¥£¤,0.6666666666666667,0.5,0.6,Satisfied
Case 593,2,¡¢,£¤,¥£¤,0.6666666666666667,0.6666666666666666,0.6,Satisfied
Case 594,2,¡¢,£¤,¥£¤,0.6666666666666667,0.6666666666666666,0.6,Satisfied
Case 595,2,¡¢,¥£¤,¥£¤,1.0,1.0,0.6,Satisfied
Case 603,2,¡¢,££¤,¥£¤,0.6666666666666667,0.6666666666666666,0.6,Satisfied
Case 606,2,¡¢,£¤,¥£¤,0.6666666666666667,0.6666666666666666,0.6,Satisfied
Case 622,2,¡¢,¦£¤,¥£¤,0.6666666666666667,0.5,0.6,Satisfied
Case 624,2,¡¢,¥£¤,¥£¤,1.0,1.0,0.6,Satisfied
Case 626,2,¡¢,¥£¤,¥£¤,1.0,1.0,0.6,Satisfied
Case 63,2,¡¢,£¤,¥£¤,0.6666666666666667,0.6666666666666666,0.6,Satisfied
Case 630,2,¡¢,£¤,¥£¤,0.6666666666666667,0.6666666666666666,0.6,Satisfied
Case 631,2,¢¥,¢¥£¤,£¤,0.5,0.5,0.6,Satisfied
Case 638,2,¡¢,¥¢¥£¤,¥£¤,0.6,0.75,0.6,Satisfied
Case 639,2,¡¢,¥£¤,¥£¤,1.0,1.0,0.6,Satisfied
Case 645,2,¡¢,£¤,¥£¤,0.6666666666666667,0.6666666666666666,0.6,Satisfied
Case 65,2,¡¢,¥£¤,¥£¤,1.0,1.0,0.6,Satisfied
Case 656,2,¡¢,¥££¤,¥£¤,0.75,1.0,0.6,Satisfied
Case 664,2,¡¢,¥£¤,¥£¤,1.0,1.0,0.6,Satisfied
Case 676,2,¢¥,£¤,£¤,1.0,1.0,0.6,Satisfied
Case 679,2,¡¢,£¤,¥£¤,0.6666666666666667,0.6666666666666666,0.6,Satisfied
Case 685,2,¢¥,£¤,£¤,1.0,1.0,0.6,Satisfied
Case 69,2,¡¢,£¤,¥£¤,0.6666666666666667,0.6666666666666666,0.6,Satisfied
Case 691,2,¡¢,£¤,¥£¤,0.6666666666666667,0.6666666666666666,0.6,Satisfied
Case 696,2,¡¢,£¤,¥£¤,0.6666666666666667,0.6666666666666666,0.6,Satisfied
Case 7,2,¡¡,¡¢£¤,¢£¤,0.75,0.75,0.6,Satisfied
Case 701,2,¡¢,£¤,¥£¤,0.6666666666666667,0.6666666666666666,0.6,Satisfied
Case 708,2,¡¢,¥£¤,¥£¤,1.0,1.0,0.6,Satisfied
Case 728,2,¡¢,£¤,¥£¤,0.6666666666666667,0.6666666666666666,0.6,Satisfied
Case 73,2,¡£,¤,¤,1.0,1.0,0.6,Satisfied
Case 732,2,¡¦,¢¦­®«£¤,¥£¤,0.2857142857142857,0.25,0.6,Satisfied
Case 747,2,¡¢,¥£¤,¥£¤,1.0,1.0,0.6,Satisfied
Case 755,2,¡¢,£¤,¥£¤,0.6666666666666667,0.6666666666666666,0.6,Satisfied
Case 757,2,¡¢,­¥£¤,¥£¤,0.75,0.75,0.6,Satisfied
Case 769,2,¡¢,£¤,¥£¤,0.6666666666666667,0.6666666666666666,0.6,Satisfied
Case 77,2,¡¢,¥£¤,¥£¤,1.0,1.0,0.6,Satisfied
Case 775,2,¡¢,¥£¤,¥£¤,1.0,1.0,0.6,Satisfied
Case 780,2,¡¢,¥£¤,¥£¤,1.0,1.0,0.6,Satisfied
Case 782,2,¡¢,¥£¤,¥£¤,1.0,1.0,0.6,Satisfied
Case 79,2,¡¢,¥¥£¤,¥£¤,0.75,1.0,0.6,Satisfied
Case 80,2,¡¢,£¤,¥£¤,0.6666666666666667,0.6666666666666666,0.6,Satisfied
Case 805,2,¡¢,¥£¤,¥£¤,1.0,1.0,0.6,Satisfied
Case 807,2,¡­,£¤,¥£¤,0.6666666666666667,0.6666666666666666,0.6,Satisfied
Case 809,2,¡¢,¥£¤,¥£¤,1.0,1.0,0.6,Satisfied
Case 82,2,¡¢,¥£¤,¥£¤,1.0,1.0,0.6,Satisfied
Case 821,2,¡¢,£¤,¥£¤,0.6666666666666667,0.6666666666666666,0.6,Satisfied
Case 824,2,¡¢,£¤,¥£¤,0.6666666666666667,0.6666666666666666,0.6,Satisfied
Case 825,2,¡¢,£¤,¥£¤,0.6666666666666667,0.6666666666666666,0.6,Satisfied
Case 826,2,¡¢,¥£¤,¥£¤,1.0,1.0,0.6,Satisfied
Case 829,2,¡¢,£¤,¥£¤,0.6666666666666667,0.6666666666666666,0.6,Satisfied
Case 83,2,¡¢,¥£¤,¥£¤,1.0,1.0,0.6,Satisfied
Case 831,2,¡¢,¥£¤,¥£¤,1.0,1.0,0.6,Satisfied
Case 839,2,¢¥,£¤,£¤,1.0,1.0,0.6,Satisfied
Case 841,2,¡¢,£¤,¥£¤,0.6666666666666667,0.6666666666666666,0.6,Satisfied
Case 845,2,¡¢,¥£¤,¥£¤,1.0,1.0,0.6,Satisfied
Case 849,2,¡¢,£¤,¥£¤,0.6666666666666667,0.6666666666666666,0.6,Satisfied
Case 856,2,¡¢,¥£¤,¥£¤,1.0,1.0,0.6,Satisfied
Case 868,2,¡¢,¦£¤,¥£¤,0.6666666666666667,0.5,0.6,Satisfied
Case 875,2,¡¢,£¤,¥£¤,0.6666666666666667,0.6666666666666666,0.6,Satisfied
Case 876,2,¡¢,¥£¤,¥£¤,1.0,1.0,0.6,Satisfied
Case 881,2,¡¢,¥£¤,¥£¤,1.0,1.0,0.6,Satisfied
Case 89,2,¡¢,£¤,¥£¤,0.6666666666666667,0.6666666666666666,0.6,Satisfied
Case 894,2,¡¢,¥¥£¤,¥£¤,0.75,1.0,0.6,Satisfied
Case 901,2,¡£,£¤,¤,0.5,0.5,0.6,Satisfied
Case 906,2,¡¢,£¤,¥£¤,0.6666666666666667,0.6666666666666666,0.6,Satisfied
Case 910,2,¡¢,£¤,¥£¤,0.6666666666666667,0.6666666666666666,0.6,Satisfied
Case 911,2,¡¢,¢£¤,¥£¤,0.6666666666666667,0.5,0.6,Satisfied
Case 930,2,¡¢,£¤,¥£¤,0.6666666666666667,0.6666666666666666,0.6,Satisfied
Case 939,2,¡¢,¥¥£¤,¥£¤,0.75,1.0,0.6,Satisfied
Case 949,2,¡¢,£¤,¥£¤,0.6666666666666667,0.6666666666666666,0.6,Satisfied
Case 951,2,¡¢,¥£¤,¥£¤,1.0,1.0,0.6,Satisfied
Case 954,2,¡¢,£¤,¥£¤,0.6666666666666667,0.6666666666666666,0.6,Satisfied
Case 959,2,¡¢,£¤,¥£¤,0.6666666666666667,0.6666666666666666,0.6,Satisfied
Case 961,2,¡¢,¥£¤,¥£¤,1.0,1.0,0.6,Satisfied
Case 962,2,¡¢,£¤,¥£¤,0.6666666666666667,0.6666666666666666,0.6,Satisfied
Case 963,2,¡¢,£¤,¥£¤,0.6666666666666667,0.6666666666666666,0.6,Satisfied
Case 964,2,¡¢,£¤,¥£¤,0.6666666666666667,0.6666666666666666,0.6,Satisfied
Case 97,2,¡¢,£¤,¥£¤,0.6666666666666667,0.6666666666666666,0.6,Satisfied
Case 979,2,¡¢,£¤,¥£¤,0.6666666666666667,0.6666666666666666,0.6,Satisfied
Case 980,2,¡¡,£¤,¢£¤,0.6666666666666667,0.6666666666666666,0.6,Satisfied
Case 984,2,¢£,¤,¤,1.0,1.0,0.6,Satisfied
Case 986,2,¡¢,¥£¤,¥£¤,1.0,1.0,0.6,Satisfied
Case 988,2,¡¢,¥£¤,¥£¤,1.0,1.0,0.6,Satisfied
Case 989,2,¡¢,¥£¤,¥£¤,1.0,1.0,0.6,Satisfied
Case 998,2,¡¢,¥£¤,¥£¤,1.0,1.0,0.6,Satisfied
Case 999,2,¡¢,£¤,¥£¤,0.6666666666666667,0.6666666666666666,0.6,Satisfied
Case 1,2,¡¢,¢¥£¤,¥£¤,0.75,0.75,0.7,Satisfied
Case 100,2,¡¢,­¥£¤,¥£¤,0.75,0.75,0.7,Satisfied
Case 1001,2,¡¢,¥£¤,¥£¤,1.0,1.0,0.7,Satisfied
Case 1007,2,¡¢,¥£¤,¥£¤,1.0,1.0,0.7,Satisfied
Case 1010,2,¡¢,­¥£¤,¥£¤,0.75,0.75,0.7,Satisfied
Case 1017,2,¡¢,¥£¥£¤,¥£¤,0.6,1.0,0.7,Satisfied
Case 1019,2,¡¢,¥£¤,¥£¤,1.0,1.0,0.7,Satisfied
Case 1023,2,¡¥,£¥£¤,£¤,0.5,0.6666666666666666,0.7,Satisfied
Case 1026,2,¡¢,­¥£¤,¥£¤,0.75,0.75,0.7,Satisfied
Case 1027,2,¡¢,¥£¤,¥£¤,1.0,1.0,0.7,Satisfied
Case 1043,2,¡¢,¥£¤,¥£¤,1.0,1.0,0.7,Satisfied
Case 105,2,¡¢,¥£¤,¥£¤,1.0,1.0,0.7,Satisfied
Case 1054,2,¡¢,¥£¤,¥£¤,1.0,1.0,0.7,Satisfied
Case 1057,2,¡¢,­¥£¤,¥£¤,0.75,0.75,0.7,Satisfied
Case 106,2,¡¥,£¤,£¤,1.0,1.0,0.7,Satisfied
Case 107,2,¡¢,¥£¤,¥£¤,1.0,1.0,0.7,Satisfied
Case 1070,2,¡¢,¥£¢¥£¤,¥£¤,0.5,0.75,0.7,Satisfied
Case 1075,2,¡¢,¥£¤,¥£¤,1.0,1.0,0.7,Satisfied
Case 1079,2,¡¢,¥¥£¤,¥£¤,0.75,1.0,0.7,Satisfied
Case 1087,2,¡¢,¥£¢¥£¤,¥£¤,0.5,0.75,0.7,Satisfied
Case 1088,2,¡¥,£¥£¤,£¤,0.5,0.6666666666666666,0.7,Satisfied
Case 1096,2,¡¢,¥£¤,¥£¤,1.0,1.0,0.7,Satisfied
Case 1101,2,¡¢,¥£¤,¥£¤,1.0,1.0,0.7,Satisfied
Case 1102,2,¡¢,¥£¥£¤,¥£¤,0.6,1.0,0.7,Satisfied
Case 1104,2,¡¢,¥£¤,¥£¤,1.0,1.0,0.7,Satisfied
Case 1109,2,¡¢,¥£¤,¥£¤,1.0,1.0,0.7,Satisfied
Case 1110,2,¡¢,¥£¤,¥£¤,1.0,1.0,0.7,Satisfied
Case 1111,2,¡¢,¥¢£¤,¥£¤,0.75,0.75,0.7,Satisfied
Case 1112,2,¡¢,¥¥£¤,¥£¤,0.75,1.0,0.7,Satisfied
Case 1113,2,¡¢,¥£¤,¥£¤,1.0,1.0,0.7,Satisfied
Case 1116,2,¡¢,¥£¤,¥£¤,1.0,1.0,0.7,Satisfied
Case 1122,2,¡¢,¥£¤,¥£¤,1.0,1.0,0.7,Satisfied
Case 1124,2,¡¢,¥£¤,¥£¤,1.0,1.0,0.7,Satisfied
Case 1129,2,¡¢,¥¢£¤,¥£¤,0.75,0.75,0.7,Satisfied
Case 114,2,¡¢,¥¢¥£¤,¥£¤,0.6,0.75,0.7,Satisfied
Case 1142,2,¡¢,¥­¥£¤,¥£¤,0.6,0.75,0.7,Satisfied
Case 1144,2,¡¥,£¢­¥£¤,£¤,0.33333333333333337,0.4,0.7,Satisfied
Case 1145,2,¡¢,¥£¤,¥£¤,1.0,1.0,0.7,Satisfied
Case 115,2,¡¢,¥¥£¤,¥£¤,0.75,1.0,0.7,Satisfied
Case 1156,2,¡¢,¥£¤,¥£¤,1.0,1.0,0.7,Satisfied
Case 1159,2,¡¢,¥£¤,¥£¤,1.0,1.0,0.7,Satisfied
Case 1164,2,¡¢,¥£¤,¥£¤,1.0,1.0,0.7,Satisfied
Case 1169,2,¡¥,£¤,£¤,1.0,1.0,0.7,Satisfied
Case 1176,2,¡¢,¥£¤,¥£¤,1.0,1.0,0.7,Satisfied
Case 1179,2,¡¢,¥£¤,¥£¤,1.0,1.0,0.7,Satisfied
Case 1185,2,¡¢,¥£¤,¥£¤,1.0,1.0,0.7,Satisfied
Case 1193,2,¡¢,¥£¤,¥£¤,1.0,1.0,0.7,Satisfied
Case 12,2,¡¢,¥£¤,¥£¤,1.0,1.0,0.7,Satisfied
Case 1210,2,¡¥,£¤,£¤,1.0,1.0,0.7,Satisfied
Case 1221,2,¡¢,¥£¤,¥£¤,1.0,1.0,0.7,Satisfied
Case 1235,2,¡¢,¥¥£¤,¥£¤,0.75,1.0,0.7,Satisfied
Case 1238,2,¡¢,¥­£¤,¥£¤,0.75,0.75,0.7,Satisfied
Case 1239,2,¡¢,¥£¤,¥£¤,1.0,1.0,0.7,Satisfied
Case 1246,2,¡¢,¥£¤,¥£¤,1.0,1.0,0.7,Satisfied
Case 1249,2,§¥,¥¥¥,£¤,0.0,0.0,0.7,Satisfied
Case 1250,2,¢¥,£¢¥£¤,£¤,0.4,0.5,0.7,Satisfied
Case 1254,2,¡¡,¥¥£¤,¢£¤,0.5,0.5,0.7,Satisfied
Case 1261,2,¢¢,¥£¤,£¤,0.6666666666666667,0.6666666666666666,0.7,Satisfied
Case 1269,2,¡¢,¢¥£¤,¥£¤,0.75,0.75,0.7,Satisfied
Case 1272,2,¡¢,¥£¤,¥£¤,1.0,1.0,0.7,Satisfied
Case 1275,2,¡¢,¥£¤,¥£¤,1.0,1.0,0.7,Satisfied
Case 129,2,¡¥,£¤,£¤,1.0,1.0,0.7,Satisfied
Case 1290,2,¡¢,¥£¤,¥£¤,1.0,1.0,0.7,Satisfied
Case 1292,2,¡¢,¥£¤,¥£¤,1.0,1.0,0.7,Satisfied
Case 1299,2,¡¢,¥£¤,¥£¤,1.0,1.0,0.7,Satisfied
Case 13,2,¡¢,¥£¤,¥£¤,1.0,1.0,0.7,Satisfied
Case 1301,2,¡¢,¥£¤,¥£¤,1.0,1.0,0.7,Satisfied
Case 1303,2,¡¢,­¥£¤,¥£¤,0.75,0.75,0.7,Satisfied
Case 1304,2,¡¢,¥£¤,¥£¤,1.0,1.0,0.7,Satisfied
Case 1305,2,¡¢,¥£¤,¥£¤,1.0,1.0,0.7,Satisfied
Case 1309,2,¡¥,£¤,£¤,1.0,1.0,0.7,Satisfied
Case 131,2,¡¢,¥£¤,¥£¤,1.0,1.0,0.7,Satisfied
Case 1313,2,¡¢,¥£¤,¥£¤,1.0,1.0,0.7,Satisfied
Case 1314,2,¡¢,¦¥£¤,¥£¤,0.75,0.75,0.7,Satisfied
Case 1315,2,¡¢,¥£¤,¥£¤,1.0,1.0,0.7,Satisfied
Case 1318,2,¡¢,­¥£¤,¥£¤,0.75,0.75,0.7,Satisfied
Case 1319,2,¡¢,¥£¤,¥£¤,1.0,1.0,0.7,Satisfied
Case 1323,2,¡¢,¥£¤,¥£¤,1.0,1.0,0.7,Satisfied
Case 1327,2,¡¥,£¤,£¤,1.0,1.0,0.7,Satisfied
Case 1330,2,¡¥,£¥£¤,£¤,0.5,0.6666666666666666,0.7,Satisfied
Case 1332,2,¡¢,¥£¤,¥£¤,1.0,1.0,0.7,Satisfied
Case 1338,2,¡¥,£¤,£¤,1.0,1.0,0.7,Satisfied
Case 1356,2,¡¢,¥£¤,¥£¤,1.0,1.0,0.7,Satisfied
Case 1358,2,¡¢,¥£¤,¥£¤,1.0,1.0,0.7,Satisfied
Case 1359,2,§¥,¥,£¤,0.0,0.0,0.7,Satisfied
Case 1364,2,¡¢,¥­­£¤,¥£¤,0.6,0.75,0.7,Satisfied
Case 1366,2,¡¢,¥£¤,¥£¤,1.0,1.0,0.7,Satisfied
Case 1371,2,¡¥,£¥£¤,£¤,0.5,0.6666666666666666,0.7,Satisfied
Case 1375,2,¡¢,¥£¤,¥£¤,1.0,1.0,0.7,Satisfied
Case 1384,2,¡¥,£¥£¤,£¤,0.5,0.6666666666666666,0.7,Satisfied
Case 1386,2,¡¢,¥£¥£¤,¥£¤,0.6,1.0,0.7,Satisfied
Case 1387,2,¡¢,¥£¤,¥£¤,1.0,1.0,0.7,Satisfied
Case 1388,2,¡¢,­­¥£¤,¥£¤,0.6,0.75,0.7,Satisfied
Case 1393,2,¡¡,¢¥£¤,¢£¤,0.75,0.75,0.7,Satisfied
Case 1396,2,¡¢,¥£¤,¥£¤,1.0,1.0,0.7,Satisfied
Case 1397,2,¡¢,¥£¤,¥£¤,1.0,1.0,0.7,Satisfied
Case 1398,2,¡¢,¥£¤,¥£¤,1.0,1.0,0.7,Satisfied
Case 140,2,¡¢,¥£¤,¥£¤,1.0,1.0,0.7,Satisfied
Case 1407,2,¡¢,¥¢¥£¤,¥£¤,0.6,0.75,0.7,Satisfied
Case 1409,2,¡¢,¥£¤,¥£¤,1.0,1.0,0.7,Satisfied
Case 1420,2,¡¢,¨¥£¤,¥£¤,0.75,0.75,0.7,Satisfied
Case 143,2,¡¢,¥£¤,¥£¤,1.0,1.0,0.7,Satisfied
Case 1432,2,¡¢,¥£¤,¥£¤,1.0,1.0,0.7,Satisfied
Case 1433,2,¡¢,¥£¤,¥£¤,1.0,1.0,0.7,Satisfied
Case 144,2,¡¢,¥£¤,¥£¤,1.0,1.0,0.7,Satisfied
Case 1441,2,¡¢,¥£¤,¥£¤,1.0,1.0,0.7,Satisfied
Case 1445,2,¡¢,¥£¤,¥£¤,1.0,1.0,0.7,Satisfied
Case 1449,2,¡¥,¢¥£¤,£¤,0.5,0.5,0.7,Satisfied
Case 145,2,¡¢,­¥£¤,¥£¤,0.75,0.75,0.7,Satisfied
Case 1450,2,¡¢,¥£¤,¥£¤,1.0,1.0,0.7,Satisfied
Case 1451,2,¡¢,­¥£¥£¤,¥£¤,0.5,0.75,0.7,Satisfied
Case 1457,2,¡¢,¥£¤,¥£¤,1.0,1.0,0.7,Satisfied
Case 1460,2,¡¢,¥¢¥£¤,¥£¤,0.6,0.75,0.7,Satisfied
Case 1464,2,¡¢,¥£¤,¥£¤,1.0,1.0,0.7,Satisfied
Case 1465,2,¡¢,¥£¤,¥£¤,1.0,1.0,0.7,Satisfied
Case 1466,2,¡¢,¥£¤,¥£¤,1.0,1.0,0.7,Satisfied
Case 147,2,¡¢,¥£¤,¥£¤,1.0,1.0,0.7,Satisfied
Case 1471,2,¡¢,­¥£¤,¥£¤,0.75,0.75,0.7,Satisfied
Case 1478,2,¡¡,¢¥¢¥£¤,¢£¤,0.5,0.75,0.7,Satisfied
Case 1484,2,¡¢,¥£¤,¥£¤,1.0,1.0,0.7,Satisfied
Case 1487,2,¡¢,¥£¤,¥£¤,1.0,1.0,0.7,Satisfied
Case 1495,2,¡¢,­­¥£¤,¥£¤,0.6,0.75,0.7,Satisfied
Case 15,2,¡¡,¢¥£¤,¢£¤,0.75,0.75,0.7,Satisfied
Case 1500,2,¡¥,£¥£¤,£¤,0.5,0.6666666666666666,0.7,Satisfied
Case 1501,2,¢¥,£¥£¤,£¤,0.5,0.6666666666666666,0.7,Satisfied
Case 1506,2,¡¥,¥¢£¥£¤,£¤,0.33333333333333337,0.5,0.7,Satisfied
Case 1507,2,¡¢,¥£¤,¥£¤,1.0,1.0,0.7,Satisfied
Case 1509,2,¡¢,¥£¤,¥£¤,1.0,1.0,0.7,Satisfied
Case 1510,2,¡¢,¥£¤,¥£¤,1.0,1.0,0.7,Satisfied
Case 1519,2,¡¥,£¥£¤,£¤,0.5,0.6666666666666666,0.7,Satisfied
Case 1535,2,¡¡,¡¥£¤,¢£¤,0.5,0.4,0.7,Satisfied
Case 154,2,¡¢,¥£¤,¥£¤,1.0,1.0,0.7,Satisfied
Case 1543,2,¡¢,¥£¤,¥£¤,1.0,1.0,0.7,Satisfied
Case 1553,2,¡¢,¥£¤,¥£¤,1.0,1.0,0.7,Satisfied
Case 156,2,¡¢,¥£¤,¥£¤,1.0,1.0,0.7,Satisfied
Case 1562,2,¡¢,¥£¤,¥£¤,1.0,1.0,0.7,Satisfied
Case 1570,2,¡¢,¥£¤,¥£¤,1.0,1.0,0.7,Satisfied
Case 1571,2,¡¢,¥¥¥¥¥,¥£¤,0.19999999999999996,0.33333333333333326,0.7,Satisfied
Case 1574,2,¡¢,¥£¤,¥£¤,1.0,1.0,0.7,Satisfied
Case 1577,2,§¡,¡¢¥£¤,¢¥£¤,0.8,0.8,0.7,Satisfied
Case 1580,2,¡¢,¥£¤,¥£¤,1.0,1.0,0.7,Satisfied
Case 1587,2,¡¢,¥£¤,¥£¤,1.0,1.0,0.7,Satisfied
Case 1603,2,¡¥,£¥£¤,£¤,0.5,0.6666666666666666,0.7,Satisfied
Case 1604,2,¡¢,¥£¤,¥£¤,1.0,1.0,0.7,Satisfied
Case 1605,2,¡¢,¢¥£¤,¥£¤,0.75,0.75,0.7,Satisfied
Case 1609,2,¡¢,¥£¤,¥£¤,1.0,1.0,0.7,Satisfied
Case 1610,2,¡¢,¥£¤,¥£¤,1.0,1.0,0.7,Satisfied
Case 1615,2,¡¢,¥£¤,¥£¤,1.0,1.0,0.7,Satisfied
Case 1650,2,¡¦,¦¬¬­¥£¤,¥£¤,0.4285714285714286,0.5,0.7,Satisfied
Case 1655,2,¡¢,¥£¤,¥£¤,1.0,1.0,0.7,Satisfied
Case 1658,2,¡¢,­¥£¤,¥£¤,0.75,0.75,0.7,Satisfied
Case 1663,2,¡¥,£¤,£¤,1.0,1.0,0.7,Satisfied
Case 1664,2,¢¥,£¤,£¤,1.0,1.0,0.7,Satisfied
Case 1671,2,¡¢,¥£¤,¥£¤,1.0,1.0,0.7,Satisfied
Case 1674,2,¡¢,¥£¤,¥£¤,1.0,1.0,0.7,Satisfied
Case 1675,2,¡¢,¥£¤,¥£¤,1.0,1.0,0.7,Satisfied
Case 1679,2,¡¢,¥£¤,¥£¤,1.0,1.0,0.7,Satisfied
Case 1681,2,¡¢,¥£¤,¥£¤,1.0,1.0,0.7,Satisfied
Case 1682,2,¡¢,¥£¤,¥£¤,1.0,1.0,0.7,Satisfied
Case 169,2,¡¥,£¤,£¤,1.0,1.0,0.7,Satisfied
Case 1691,2,§¡,¢¥£¤,¢¥£¤,1.0,1.0,0.7,Satisfied
Case 1697,2,¡¢,¥£¤,¥£¤,1.0,1.0,0.7,Satisfied
Case 1704,2,¡¢,¥£¤,¥£¤,1.0,1.0,0.7,Satisfied
Case 1709,2,¡¢,¥£¤,¥£¤,1.0,1.0,0.7,Satisfied
Case 1711,2,¡¢,¥£¤,¥£¤,1.0,1.0,0.7,Satisfied
Case 1718,2,¡¢,¥£¤,¥£¤,1.0,1.0,0.7,Satisfied
Case 1723,2,¡¢,¥£¤,¥£¤,1.0,1.0,0.7,Satisfied
Case 1730,2,¡¢,¥£¤,¥£¤,1.0,1.0,0.7,Satisfied
Case 1735,2,¡­,¥£¥£¤,¥£¤,0.6,1.0,0.7,Satisfied
Case 1746,2,¡¢,¥£¤,¥£¤,1.0,1.0,0.7,Satisfied
Case 1754,2,¡¢,¥£¤,¥£¤,1.0,1.0,0.7,Satisfied
Case 1760,2,¡¢,¥£¢¥¢£¤,¥£¤,0.4285714285714286,0.75,0.7,Satisfied
Case 1761,2,¡¢,¥£¤,¥£¤,1.0,1.0,0.7,Satisfied
Case 1764,2,¡­,¥£¥£¤,¥£¤,0.6,1.0,0.7,Satisfied
Case 1771,2,¡¢,¥£¤,¥£¤,1.0,1.0,0.7,Satisfied
Case 1772,2,¡¢,¥£¤,¥£¤,1.0,1.0,0.7,Satisfied
Case 1776,2,¡¢,¥£¤,¥£¤,1.0,1.0,0.7,Satisfied
Case 1777,2,¡¢,¥£¤,¥£¤,1.0,1.0,0.7,Satisfied
Case 1787,2,¡¢,¥¥£¥£¤,¥£¤,0.5,1.0,0.7,Satisfied
Case 1788,2,¡¢,¥£¤,¥£¤,1.0,1.0,0.7,Satisfied
Case 1791,2,¡¢,¥£¤,¥£¤,1.0,1.0,0.7,Satisfied
Case 1792,2,¡¢,¥£¤,¥£¤,1.0,1.0,0.7,Satisfied
Case 1795,2,¡¢,¥£¤,¥£¤,1.0,1.0,0.7,Satisfied
Case 1799,2,¡¢,­¥£¤,¥£¤,0.75,0.75,0.7,Satisfied
Case 18,2,¡¢,¥£¥£¤,¥£¤,0.6,1.0,0.7,Satisfied
Case 1812,2,¡¢,¥£¤,¥£¤,1.0,1.0,0.7,Satisfied
Case 1813,2,¡¢,¥£¤,¥£¤,1.0,1.0,0.7,Satisfied
Case 1814,2,¡¢,¥£¤,¥£¤,1.0,1.0,0.7,Satisfied
Case 1815,2,¡¢,¥£¤,¥£¤,1.0,1.0,0.7,Satisfied
Case 1817,2,¡¢,¥£¤,¥£¤,1.0,1.0,0.7,Satisfied
Case 1823,2,¡¢,¥£¤,¥£¤,1.0,1.0,0.7,Satisfied
Case 1826,2,¡¢,¥£¤,¥£¤,1.0,1.0,0.7,Satisfied
Case 1828,2,¡¢,¥£¤,¥£¤,1.0,1.0,0.7,Satisfied
Case 1831,2,¡¢,¥£¤,¥£¤,1.0,1.0,0.7,Satisfied
Case 184,2,¡¢,¢¥£¤,¥£¤,0.75,0.75,0.7,Satisfied
Case 1843,2,¡¡,¥£¤,¢£¤,0.6666666666666667,0.5,0.7,Satisfied
Case 1848,2,¡¢,¥£¤,¥£¤,1.0,1.0,0.7,Satisfied
Case 1858,2,¡¥,£¤,£¤,1.0,1.0,0.7,Satisfied
Case 1860,2,¡¢,¥£¤,¥£¤,1.0,1.0,0.7,Satisfied
Case 1868,2,¡¢,¥£¤,¥£¤,1.0,1.0,0.7,Satisfied
Case 1869,2,¡¢,¥£¤,¥£¤,1.0,1.0,0.7,Satisfied
Case 1874,2,§¡,¢¥£¤,¢¥£¤,1.0,1.0,0.7,Satisfied
Case 1882,2,¡¢,¥£¤,¥£¤,1.0,1.0,0.7,Satisfied
Case 1884,2,¡¢,¥£¤,¥£¤,1.0,1.0,0.7,Satisfied
Case 1887,2,¡¢,¥£¤,¥£¤,1.0,1.0,0.7,Satisfied
Case 1892,2,¡¢,¥£¤,¥£¤,1.0,1.0,0.7,Satisfied
Case 1894,2,¡¢,¥£¤,¥£¤,1.0,1.0,0.7,Satisfied
Case 1900,2,¡¢,¥£¤,¥£¤,1.0,1.0,0.7,Satisfied
Case 1901,2,¡¢,¥£¤,¥£¤,1.0,1.0,0.7,Satisfied
Case 1903,2,¡¢,¥£¤,¥£¤,1.0,1.0,0.7,Satisfied
Case 191,2,¡¡,¢¥£¤,¢£¤,0.75,0.75,0.7,Satisfied
Case 1915,2,¡¢,¥£¤,¥£¤,1.0,1.0,0.7,Satisfied
Case 1916,2,¡¢,¥£¤,¥£¤,1.0,1.0,0.7,Satisfied
Case 1918,2,¡¥,£¤,£¤,1.0,1.0,0.7,Satisfied
Case 192,2,¡¡,¢¥£¤¢¥£¤,¢£¤,0.375,0.75,0.7,Satisfied
Case 1924,2,¡¢,¥£¤,¥£¤,1.0,1.0,0.7,Satisfied
Case 193,2,¡¢,¥£¤,¥£¤,1.0,1.0,0.7,Satisfied
Case 1946,2,¡¢,¥£¤,¥£¤,1.0,1.0,0.7,Satisfied
Case 1961,2,¡¢,¥£¤,¥£¤,1.0,1.0,0.7,Satisfied
Case 1968,2,¡¢,¥£¤,¥£¤,1.0,1.0,0.7,Satisfied
Case 1975,2,¡¢,¥£¤,¥£¤,1.0,1.0,0.7,Satisfied
Case 1978,2,¡¥,¢¥£¤,£¤,0.5,0.5,0.7,Satisfied
Case 1980,2,¡¢,¥£¤,¥£¤,1.0,1.0,0.7,Satisfied
Case 1987,2,¡¥,£¤,£¤,1.0,1.0,0.7,Satisfied
Case 20,2,¡¢,¥£¤,¥£¤,1.0,1.0,0.7,Satisfied
Case 2007,2,¡¢,­¥£¥£¤,¥£¤,0.5,0.75,0.7,Satisfied
Case 2013,2,¡¢,¥£¤,¥£¤,1.0,1.0,0.7,Satisfied
Case 202,2,¡¢,¥£¤,¥£¤,1.0,1.0,0.7,Satisfied
Case 2021,2,¡¢,¥£¤,¥£¤,1.0,1.0,0.7,Satisfied
Case 2022,2,¡¡,¡¥£¤,¢£¤,0.5,0.4,0.7,Satisfied
Case 2035,2,¡¢,¦­¥£¤,¥£¤,0.6,0.6,0.7,Satisfied
Case 2037,2,¡¥,£¤,£¤,1.0,1.0,0.7,Satisfied
Case 2050,2,¡¢,¥£¤,¥£¤,1.0,1.0,0.7,Satisfied
Case 2059,2,¡¢,¥£¤,¥£¤,1.0,1.0,0.7,Satisfied
Case 2062,2,¡¢,¥£¤,¥£¤,1.0,1.0,0.7,Satisfied
Case 2068,2,¡¢,¥£¤,¥£¤,1.0,1.0,0.7,Satisfied
Case 2074,2,¡¢,¥£¤,¥£¤,1.0,1.0,0.7,Satisfied
Case 2081,2,¡¢,­¥£¤,¥£¤,0.75,0.75,0.7,Satisfied
Case 2083,2,¡¢,¥£¤,¥£¤,1.0,1.0,0.7,Satisfied
Case 2092,2,¡¢,¥£¤,¥£¤,1.0,1.0,0.7,Satisfied
Case 2093,2,¡¢,¥£¤,¥£¤,1.0,1.0,0.7,Satisfied
Case 2097,2,¡¢,¥£¤,¥£¤,1.0,1.0,0.7,Satisfied
Case 210,2,¡¢,¥£¤,¥£¤,1.0,1.0,0.7,Satisfied
Case 2103,2,¡¢,¥£¤,¥£¤,1.0,1.0,0.7,Satisfied
Case 2104,2,¡¢,­¥£¤,¥£¤,0.75,0.75,0.7,Satisfied
Case 2105,2,¡¢,¥£¤,¥£¤,1.0,1.0,0.7,Satisfied
Case 2108,2,¡¢,¥£¤,¥£¤,1.0,1.0,0.7,Satisfied
Case 211,2,¡¥,£¤,£¤,1.0,1.0,0.7,Satisfied
Case 2112,2,¡¢,¥£¤,¥£¤,1.0,1.0,0.7,Satisfied
Case 2117,2,¡¥,¥£¢¥£¥£¤,£¤,0.25,0.5,0.7,Satisfied
Case 2121,2,¡¢,¥£¤,¥£¤,1.0,1.0,0.7,Satisfied
Case 2123,2,¡¡,¢¥£¥£¤,¢£¤,0.5,0.75,0.7,Satisfied
Case 2125,2,¡¢,¥­,¥£¤,0.33333333333333337,0.25,0.7,Satisfied
Case 2126,2,¡¢,¥£¤,¥£¤,1.0,1.0,0.7,Satisfied
Case 2134,2,¡¥,¢£¤,£¤,0.6666666666666667,0.6666666666666666,0.7,Satisfied
Case 2141,2,¡¢,¥£¤,¥£¤,1.0,1.0,0.7,Satisfied
Case 2142,2,¡¢,¥£¤,¥£¤,1.0,1.0,0.7,Satisfied
Case 2143,2,¡¢,­¥£¤,¥£¤,0.75,0.75,0.7,Satisfied
Case 2152,2,¡¢,¥£¤,¥£¤,1.0,1.0,0.7,Satisfied
Case 2156,2,¡¢,¥£¤,¥£¤,1.0,1.0,0.7,Satisfied
Case 2157,2,¡¥,£¥£¤,£¤,0.5,0.6666666666666666,0.7,Satisfied
Case 2163,2,¡¢,¥£¤,¥£¤,1.0,1.0,0.7,Satisfied
Case 2167,2,¡¢,¥£¤,¥£¤,1.0,1.0,0.7,Satisfied
Case 2168,2,¡¢,¥¥£¤,¥£¤,0.75,1.0,0.7,Satisfied
Case 2172,2,¡¢,¥£¤,¥£¤,1.0,1.0,0.7,Satisfied
Case 2176,2,¡¢,¥£¤,¥£¤,1.0,1.0,0.7,Satisfied
Case 2177,2,¡¥,¥£¤,£¤,0.6666666666666667,0.6666666666666666,0.7,Satisfied
Case 2183,2,¡¢,¥£¤,¥£¤,1.0,1.0,0.7,Satisfied
Case 2187,2,¡¢,¥£¤,¥£¤,1.0,1.0,0.7,Satisfied
Case 2191,2,¡¢,¥£¤,¥£¤,1.0,1.0,0.7,Satisfied
Case 2197,2,¡¢,¥£¤,¥£¤,1.0,1.0,0.7,Satisfied
Case 2201,2,¡¢,¥£¤,¥£¤,1.0,1.0,0.7,Satisfied
Case 2203,2,¡¢,¥£¤,¥£¤,1.0,1.0,0.7,Satisfied
Case 2210,2,¡¢,¥£¤,¥£¤,1.0,1.0,0.7,Satisfied
Case 2211,2,¡¢,¥£¤,¥£¤,1.0,1.0,0.7,Satisfied
Case 2215,2,¡¢,¥£¤,¥£¤,1.0,1.0,0.7,Satisfied
Case 2219,2,¡¢,¥¢£¤,¥£¤,0.75,0.75,0.7,Satisfied
Case 2220,2,¡¢,¥£¤,¥£¤,1.0,1.0,0.7,Satisfied
Case 2227,2,¡¥,£¥£¤,£¤,0.5,0.6666666666666666,0.7,Satisfied
Case 2228,2,¡¢,¥£¤,¥£¤,1.0,1.0,0.7,Satisfied
Case 2229,2,¡¥,£¤,£¤,1.0,1.0,0.7,Satisfied
Case 2232,2,¡¥,£¤,£¤,1.0,1.0,0.7,Satisfied
Case 2236,2,¡¢,¥£¤,¥£¤,1.0,1.0,0.7,Satisfied
Case 2239,2,¡¢,¥£¥£¢¥£¤,¥£¤,0.375,0.75,0.7,Satisfied
Case 2245,2,¡¢,¥£¤,¥£¤,1.0,1.0,0.7,Satisfied
Case 2253,2,¢¥,£¤,£¤,1.0,1.0,0.7,Satisfied
Case 2256,2,¡¥,£¤,£¤,1.0,1.0,0.7,Satisfied
Case 2267,2,¡¢,¥£¤,¥£¤,1.0,1.0,0.7,Satisfied
Case 2268,2,¡¢,¥£¤,¥£¤,1.0,1.0,0.7,Satisfied
Case 2279,2,¡¢,¥£¤,¥£¤,1.0,1.0,0.7,Satisfied
Case 2285,2,¡¥,¢¥£¤,£¤,0.5,0.5,0.7,Satisfied
Case 2290,2,¡¢,¥£¤,¥£¤,1.0,1.0,0.7,Satisfied
Case 2296,2,¡¢,¥£¤,¥£¤,1.0,1.0,0.7,Satisfied
Case 23,2,¡¢,¥£¤,¥£¤,1.0,1.0,0.7,Satisfied
Case 230,2,¡¡,¢¥£¤,¢£¤,0.75,0.75,0.7,Satisfied
Case 2300,2,¡¢,­­¦­,¥£¤,0.0,0.0,0.7,Satisfied
Case 2302,2,¡¢,¥£¤,¥£¤,1.0,1.0,0.7,Satisfied
Case 2308,2,¡¢,¥£¤,¥£¤,1.0,1.0,0.7,Satisfied
Case 2315,2,¡¢,¥£¤,¥£¤,1.0,1.0,0.7,Satisfied
Case 232,2,¡¢,¥¥£¥£¤,¥£¤,0.5,1.0,0.7,Satisfied
Case 2322,2,¡¢,¥£¤,¥£¤,1.0,1.0,0.7,Satisfied
Case 2328,2,¡¢,¥£¤,¥£¤,1.0,1.0,0.7,Satisfied
Case 233,2,¡¢,¥£¤,¥£¤,1.0,1.0,0.7,Satisfied
Case 2330,2,¡¢,¥£¤,¥£¤,1.0,1.0,0.7,Satisfied
Case 2335,2,¡¢,¥£¤,¥£¤,1.0,1.0,0.7,Satisfied
Case 2342,2,¡¢,¥¥£¤,¥£¤,0.75,1.0,0.7,Satisfied
Case 2346,2,§¡,¢¥£¤,¢¥£¤,1.0,1.0,0.7,Satisfied
Case 2348,2,¡¢,¥£¤,¥£¤,1.0,1.0,0.7,Satisfied
Case 235,2,§¡,¢¥£¤,¢¥£¤,1.0,1.0,0.7,Satisfied
Case 2356,2,¡¢,¥¥£¤,¥£¤,0.75,1.0,0.7,Satisfied
Case 2362,2,¢¥,£¤,£¤,1.0,1.0,0.7,Satisfied
Case 2367,2,¡¢,¥£¤,¥£¤,1.0,1.0,0.7,Satisfied
Case 2368,2,¡¢,¥£¥£¥£­¢¥£¤,¥£¤,0.2727272727272727,0.6,0.7,Satisfied
Case 237,2,¡¢,­¥£¤,¥£¤,0.75,0.75,0.7,Satisfied
Case 2374,2,¡¢,¥£¤,¥£¤,1.0,1.0,0.7,Satisfied
Case 2375,2,¡¡,¡¢¥£¤,¢£¤,0.6,0.6,0.7,Satisfied
Case 2380,2,¡¢,¥¢£¤,¥£¤,0.75,0.75,0.7,Satisfied
Case 2381,2,¡¡,¡¥£¥£¤,¢£¤,0.33333333333333337,0.4,0.7,Satisfied
Case 2390,2,¡¢,¥£¤,¥£¤,1.0,1.0,0.7,Satisfied
Case 2391,2,¡¢,¥£¤,¥£¤,1.0,1.0,0.7,Satisfied
Case 2398,2,¡¢,¥£¤,¥£¤,1.0,1.0,0.7,Satisfied
Case 2399,2,¡¢,¢¥£¤,¥£¤,0.75,0.75,0.7,Satisfied
Case 2403,2,¡¢,¥£¤,¥£¤,1.0,1.0,0.7,Satisfied
Case 2415,2,¡¢,¥£¤,¥£¤,1.0,1.0,0.7,Satisfied
Case 2417,2,¡¢,¥­£¤,¥£¤,0.75,0.75,0.7,Satisfied
Case 242,2,¡¢,¥£¤,¥£¤,1.0,1.0,0.7,Satisfied
Case 2431,2,¡¢,¥£¤,¥£¤,1.0,1.0,0.7,Satisfied
Case 2432,2,¡¢,¥£¤,¥£¤,1.0,1.0,0.7,Satisfied
Case 2436,2,¡¥,£¤¢,£¤,0.6666666666666667,0.6666666666666666,0.7,Satisfied
Case 2447,2,¡¢,¢¥£¤,¥£¤,0.75,0.75,0.7,Satisfied
Case 2448,2,¡¢,¥£¤,¥£¤,1.0,1.0,0.7,Satisfied
Case 2451,2,¡¢,¦­­¥£,¥£¤,0.19999999999999996,0.4,0.7,Satisfied
Case 2452,2,¡¢,¥£¤,¥£¤,1.0,1.0,0.7,Satisfied
Case 2455,2,¡¢,¥£¤,¥£¤,1.0,1.0,0.7,Satisfied
Case 2458,2,¡¢,¥£¤,¥£¤,1.0,1.0,0.7,Satisfied
Case 2465,2,¡¢,¥£¤,¥£¤,1.0,1.0,0.7,Satisfied
Case 2466,2,¡¢,­­¥£¤,¥£¤,0.6,0.75,0.7,Satisfied
Case 247,2,§¢,¥£¤,¥£¤,1.0,1.0,0.7,Satisfied
Case 2473,2,¡¢,¥¢¥£¤,¥£¤,0.6,0.75,0.7,Satisfied
Case 2474,2,¡¢,¥£¤,¥£¤,1.0,1.0,0.7,Satisfied
Case 2476,2,¡¢,­¥£¤,¥£¤,0.75,0.75,0.7,Satisfied
Case 2481,2,¡¢,­¥£¤,¥£¤,0.75,0.75,0.7,Satisfied
Case 2490,2,¡¡,¢¥£¤,¢£¤,0.75,0.75,0.7,Satisfied
Case 2492,2,¡¢,¥£¤,¥£¤,1.0,1.0,0.7,Satisfied
Case 2498,2,¡¢,¥£¤,¥£¤,1.0,1.0,0.7,Satisfied
Case 2499,2,¡¢,¥£¤,¥£¤,1.0,1.0,0.7,Satisfied
Case 2504,2,¡¢,¥£¤,¥£¤,1.0,1.0,0.7,Satisfied
Case 2508,2,¡¢,¥£¤,¥£¤,1.0,1.0,0.7,Satisfied
Case 2512,2,¡¢,¥£¥£¤,¥£¤,0.6,1.0,0.7,Satisfied
Case 2514,2,¡¢,¥¥£¤,¥£¤,0.75,1.0,0.7,Satisfied
Case 2522,2,¡¢,¥£¥£¤,¥£¤,0.6,1.0,0.7,Satisfied
Case 253,2,¡¢,¥£¤,¥£¤,1.0,1.0,0.7,Satisfied
Case 2530,2,¡¢,¥£¤,¥£¤,1.0,1.0,0.7,Satisfied
Case 2534,2,¡¢,¥£¤,¥£¤,1.0,1.0,0.7,Satisfied
Case 2541,2,¢¥,£¤,£¤,1.0,1.0,0.7,Satisfied
Case 2550,2,¡¢,¥¥£¥£¤,¥£¤,0.5,1.0,0.7,Satisfied
Case 2555,2,¡¢,¥£¤,¥£¤,1.0,1.0,0.7,Satisfied
Case 2558,2,¡¢,¥£¤,¥£¤,1.0,1.0,0.7,Satisfied
Case 2569,2,¡¢,¥£¤,¥£¤,1.0,1.0,0.7,Satisfied
Case 2571,2,¡¢,¥£¤,¥£¤,1.0,1.0,0.7,Satisfied
Case 2577,2,¡¢,¥£¤,¥£¤,1.0,1.0,0.7,Satisfied
Case 2581,2,¡¡,¢¥£¤,¢£¤,0.75,0.75,0.7,Satisfied
Case 2585,2,¡¢,¥£¤,¥£¤,1.0,1.0,0.7,Satisfied
Case 2591,2,¡¢,¥£¤,¥£¤,1.0,1.0,0.7,Satisfied
Case 2593,2,¡­,¥£¤,¥£¤,1.0,1.0,0.7,Satisfied
Case 2596,2,¡¢,¥£¤,¥£¤,1.0,1.0,0.7,Satisfied
Case 2598,2,¡¢,¥£¤,¥£¤,1.0,1.0,0.7,Satisfied
Case 2599,2,¡¢,¥£¤,¥£¤,1.0,1.0,0.7,Satisfied
Case 2603,2,¡¢,¥£¤,¥£¤,1.0,1.0,0.7,Satisfied
Case 2607,2,¡¢,¥£¤,¥£¤,1.0,1.0,0.7,Satisfied
Case 2609,2,¡¢,¥£¤,¥£¤,1.0,1.0,0.7,Satisfied
Case 261,2,¡¢,¥£¤,¥£¤,1.0,1.0,0.7,Satisfied
Case 2611,2,¡¢,¥£¤,¥£¤,1.0,1.0,0.7,Satisfied
Case 2613,2,¡¢,¥¥¥£¥£¤,¥£¤,0.4285714285714286,1.0,0.7,Satisfied
Case 2614,2,¡¢,¥£¤,¥£¤,1.0,1.0,0.7,Satisfied
Case 2616,2,¡¥,£¤,£¤,1.0,1.0,0.7,Satisfied
Case 262,2,¡¢,¥£¥£¤,¥£¤,0.6,1.0,0.7,Satisfied
Case 2620,2,¡¢,­¥£¤,¥£¤,0.75,0.75,0.7,Satisfied
Case 2622,2,¢¥,£¤,£¤,1.0,1.0,0.7,Satisfied
Case 2625,2,¡¢,¥£¤,¥£¤,1.0,1.0,0.7,Satisfied
Case 2631,2,¡¢,¥£¤,¥£¤,1.0,1.0,0.7,Satisfied
Case 2634,2,¡¢,¥£¤,¥£¤,1.0,1.0,0.7,Satisfied
Case 2643,2,¡¥,£¤,£¤,1.0,1.0,0.7,Satisfied
Case 265,2,¡¢,¥£¤,¥£¤,1.0,1.0,0.7,Satisfied
Case 2659,2,¡¢,¥¥¢£¤,¥£¤,0.6,0.75,0.7,Satisfied
Case 2665,2,¡¢,¥£¤,¥£¤,1.0,1.0,0.7,Satisfied
Case 2666,2,¡¡,¢¥¥£¤,¢£¤,0.6,0.75,0.7,Satisfied
Case 2667,2,¡¢,¥¥£¢¥£¤,¥£¤,0.4285714285714286,0.75,0.7,Satisfied
Case 2668,2,¡¡,¢­¥£¤,¢£¤,0.6,0.6,0.7,Satisfied
Case 2674,2,¡¢,¥¢£¤,¥£¤,0.75,0.75,0.7,Satisfied
Case 2676,2,¡¢,¥£¤,¥£¤,1.0,1.0,0.7,Satisfied
Case 2681,2,¡¢,¥£¤,¥£¤,1.0,1.0,0.7,Satisfied
Case 2686,2,¢¥,£¤,£¤,1.0,1.0,0.7,Satisfied
Case 2700,2,¡¢,¥£¤,¥£¤,1.0,1.0,0.7,Satisfied
Case 2713,2,¡¢,¥£¤,¥£¤,1.0,1.0,0.7,Satisfied
Case 2714,2,¡¢,¥£¤,¥£¤,1.0,1.0,0.7,Satisfied
Case 2716,2,¡¢,¥£¤,¥£¤,1.0,1.0,0.7,Satisfied
Case 2720,2,¡¢,­¥£¤,¥£¤,0.75,0.75,0.7,Satisfied
Case 2721,2,¡¢,¥£¤,¥£¤,1.0,1.0,0.7,Satisfied
Case 2734,2,¡¢,¥£¤,¥£¤,1.0,1.0,0.7,Satisfied
Case 2741,2,¡¢,¥£¤,¥£¤,1.0,1.0,0.7,Satisfied
Case 2765,2,¡¢,¥¥£¤,¥£¤,0.75,1.0,0.7,Satisfied
Case 2770,2,¡¢,¥£¤,¥£¤,1.0,1.0,0.7,Satisfied
Case 2774,2,¡¥,£¥£¢¥£¤,£¤,0.2857142857142857,0.5,0.7,Satisfied
Case 2776,2,¢¥,¢¥£¤,£¤,0.5,0.5,0.7,Satisfied
Case 2777,2,¡¢,¥£¤,¥£¤,1.0,1.0,0.7,Satisfied
Case 2788,2,¡¢,¥£¤,¥£¤,1.0,1.0,0.7,Satisfied
Case 2789,2,¡¢,¥£¤,¥£¤,1.0,1.0,0.7,Satisfied
Case 2791,2,¡¢,¥£¤,¥£¤,1.0,1.0,0.7,Satisfied
Case 2797,2,¢¥,£¤,£¤,1.0,1.0,0.7,Satisfied
Case 28,2,¡¢,¦­­¥£,¥£¤,0.19999999999999996,0.4,0.7,Satisfied
Case 2814,2,¡¢,¥£¤,¥£¤,1.0,1.0,0.7,Satisfied
Case 282,2,¡¢,¥£¤,¥£¤,1.0,1.0,0.7,Satisfied
Case 2826,2,¡¢,¥£¤,¥£¤,1.0,1.0,0.7,Satisfied
Case 2834,2,¡¢,¥£¤,¥£¤,1.0,1.0,0.7,Satisfied
Case 2839,2,¡¢,¥£¤,¥£¤,1.0,1.0,0.7,Satisfied
Case 2847,2,¡¢,¥£¤,¥£¤,1.0,1.0,0.7,Satisfied
Case 2848,2,¡¢,¥£¤,¥£¤,1.0,1.0,0.7,Satisfied
Case 2849,2,¡¥,£¥£¤,£¤,0.5,0.6666666666666666,0.7,Satisfied
Case 2851,2,¡¢,¥£¤,¥£¤,1.0,1.0,0.7,Satisfied
Case 2854,2,¡¢,¥£¤,¥£¤,1.0,1.0,0.7,Satisfied
Case 286,2,¡¢,¥£¤,¥£¤,1.0,1.0,0.7,Satisfied
Case 2860,2,¡¢,¥£¤,¥£¤,1.0,1.0,0.7,Satisfied
Case 2866,2,¡¢,¥£¤,¥£¤,1.0,1.0,0.7,Satisfied
Case 2873,2,¡¢,¥£¤,¥£¤,1.0,1.0,0.7,Satisfied
Case 2875,2,¡¢,¥£¤,¥£¤,1.0,1.0,0.7,Satisfied
Case 2881,2,¡­,­¥£¤,¥£¤,0.75,0.75,0.7,Satisfied
Case 2891,2,¡¢,¥£¤,¥£¤,1.0,1.0,0.7,Satisfied
Case 2897,2,¡¢,­¢¥£¤,¥£¤,0.6,0.6,0.7,Satisfied
Case 2905,2,¡¢,¥£¤,¥£¤,1.0,1.0,0.7,Satisfied
Case 2908,2,¡¢,¥£¤,¥£¤,1.0,1.0,0.7,Satisfied
Case 2910,2,¡¢,¥£¤,¥£¤,1.0,1.0,0.7,Satisfied
Case 2918,2,¡¢,­¢¥£¤,¥£¤,0.6,0.6,0.7,Satisfied
Case 292,2,¡¢,¥£¤,¥£¤,1.0,1.0,0.7,Satisfied
Case 2931,2,¡¢,¥­£¥£¤,¥£¤,0.5,0.75,0.7,Satisfied
Case 2932,2,¡¢,¥£¤,¥£¤,1.0,1.0,0.7,Satisfied
Case 2934,2,¡¢,¥£¤,¥£¤,1.0,1.0,0.7,Satisfied
Case 2949,2,¡¢,¥£¤,¥£¤,1.0,1.0,0.7,Satisfied
Case 2956,2,¡¥,£¤,£¤,1.0,1.0,0.7,Satisfied
Case 296,2,¡¢,¥£¤,¥£¤,1.0,1.0,0.7,Satisfied
Case 2962,2,¡¢,¥£¤,¥£¤,1.0,1.0,0.7,Satisfied
Case 2964,2,¡¢,¥£¤,¥£¤,1.0,1.0,0.7,Satisfied
Case 2966,2,¡¢,¥£¤,¥£¤,1.0,1.0,0.7,Satisfied
Case 2968,2,¡¢,¥£¤,¥£¤,1.0,1.0,0.7,Satisfied
Case 2970,2,¡¢,­¥£¤,¥£¤,0.75,0.75,0.7,Satisfied
Case 2971,2,¡¢,¥£¤,¥£¤,1.0,1.0,0.7,Satisfied
Case 2975,2,¡¥,¡¢¥¥¢£¤,£¤,0.2857142857142857,0.4,0.7,Satisfied
Case 2981,2,¡¡,¢­­¥£¤,¢£¤,0.5,0.6,0.7,Satisfied
Case 2984,2,¡¢,¥£¥£¤,¥£¤,0.6,1.0,0.7,Satisfied
Case 2988,2,¡¥,£¥£¤,£¤,0.5,0.6666666666666666,0.7,Satisfied
Case 299,2,¡¢,¥£¤,¥£¤,1.0,1.0,0.7,Satisfied
Case 2992,2,¡¢,¥£¤,¥£¤,1.0,1.0,0.7,Satisfied
Case 3002,2,¡¢,¥£¤,¥£¤,1.0,1.0,0.7,Satisfied
Case 3008,2,¡¢,¥£¤,¥£¤,1.0,1.0,0.7,Satisfied
Case 3009,2,¡¢,¥¢£¤,¥£¤,0.75,0.75,0.7,Satisfied
Case 3010,2,¡¢,¥£¤,¥£¤,1.0,1.0,0.7,Satisfied
Case 3013,2,¡¢,¢¥£¤,¥£¤,0.75,0.75,0.7,Satisfied
Case 3015,2,¡¢,­¥£¤,¥£¤,0.75,0.75,0.7,Satisfied
Case 3016,2,¡¡,¢¥£¤,¢£¤,0.75,0.75,0.7,Satisfied
Case 3021,2,¡¢,¥£¤,¥£¤,1.0,1.0,0.7,Satisfied
Case 3027,2,¡¢,¥£¤,¥£¤,1.0,1.0,0.7,Satisfied
Case 3034,2,¡¢,¥£¤,¥£¤,1.0,1.0,0.7,Satisfied
Case 3035,2,¡¢,¥£¤,¥£¤,1.0,1.0,0.7,Satisfied
Case 3037,2,¡¢,¥£¤,¥£¤,1.0,1.0,0.7,Satisfied
Case 3038,2,¡¢,¥¢¥£¤,¥£¤,0.6,0.75,0.7,Satisfied
Case 3043,2,¡¢,¥£¤,¥£¤,1.0,1.0,0.7,Satisfied
Case 3044,2,¡¢,¥£¤,¥£¤,1.0,1.0,0.7,Satisfied
Case 3046,2,¡¥,£¤,£¤,1.0,1.0,0.7,Satisfied
Case 3056,2,¡¢,¥£¤,¥£¤,1.0,1.0,0.7,Satisfied
Case 3058,2,¡¢,­¥£¥£¤,¥£¤,0.5,0.75,0.7,Satisfied
Case 3059,2,¡¢,­¥£¤,¥£¤,0.75,0.75,0.7,Satisfied
Case 3061,2,¡¢,­¥£¤,¥£¤,0.75,0.75,0.7,Satisfied
Case 3071,2,¡¢,¦­¥£¤,¥£¤,0.6,0.6,0.7,Satisfied
Case 3073,2,¡¢,¥£¤,¥£¤,1.0,1.0,0.7,Satisfied
Case 3077,2,¡­,¥£¤,¥£¤,1.0,1.0,0.7,Satisfied
Case 3078,2,¡¢,¥£¤,¥£¤,1.0,1.0,0.7,Satisfied
Case 308,2,¡¢,¥£¤,¥£¤,1.0,1.0,0.7,Satisfied
Case 3082,2,¡¡,¢¥£¤,¢£¤,0.75,0.75,0.7,Satisfied
Case 3083,2,¡¢,¥£¤,¥£¤,1.0,1.0,0.7,Satisfied
Case 3086,2,¡¢,¥£¤,¥£¤,1.0,1.0,0.7,Satisfied
Case 3095,2,¡¢,¥£¤,¥£¤,1.0,1.0,0.7,Satisfied
Case 31,2,¡¢,¦­¥£¤,¥£¤,0.6,0.6,0.7,Satisfied
Case 3103,2,¡¢,­¥£¤,¥£¤,0.75,0.75,0.7,Satisfied
Case 3112,2,¡¢,¥£¤,¥£¤,1.0,1.0,0.7,Satisfied
Case 3113,2,¡¢,¥¥¢¥£¤,¥£¤,0.5,0.75,0.7,Satisfied
Case 3118,2,¡¢,¥¥¦£¤,¥£¤,0.6,0.75,0.7,Satisfied
Case 3121,2,¡¢,¥£¡¢¥£¤,¥£¤,0.4285714285714286,0.6,0.7,Satisfied
Case 3126,2,¡¢,¥£¤,¥£¤,1.0,1.0,0.7,Satisfied
Case 3128,2,¡¢,¥£¤,¥£¤,1.0,1.0,0.7,Satisfied
Case 313,2,¡¢,¥­¥£¥£¤,¥£¤,0.4285714285714286,0.75,0.7,Satisfied
Case 3139,2,¡¢,­¢¥£¤,¥£¤,0.6,0.6,0.7,Satisfied
Case 3142,2,¡¢,¥£¤,¥£¤,1.0,1.0,0.7,Satisfied
Case 3145,2,¡¢,¥£¤,¥£¤,1.0,1.0,0.7,Satisfied
Case 3148,2,¢¥,£¤,£¤,1.0,1.0,0.7,Satisfied
Case 317,2,¡¢,­¥£¤,¥£¤,0.75,0.75,0.7,Satisfied
Case 3172,2,¡¢,¥£¤,¥£¤,1.0,1.0,0.7,Satisfied
Case 3176,2,¡¢,­¥£¤,¥£¤,0.75,0.75,0.7,Satisfied
Case 3180,2,¡¢,¥£¤,¥£¤,1.0,1.0,0.7,Satisfied
Case 3182,2,¡¢,¥£¤,¥£¤,1.0,1.0,0.7,Satisfied
Case 3184,2,¡¢,¥£¤,¥£¤,1.0,1.0,0.7,Satisfied
Case 3186,2,¡¢,¥£¤,¥£¤,1.0,1.0,0.7,Satisfied
Case 3188,2,¡¢,¥£¤,¥£¤,1.0,1.0,0.7,Satisfied
Case 3192,2,¡¢,¦¥£¤,¥£¤,0.75,0.75,0.7,Satisfied
Case 3212,2,¡¢,¥£¤,¥£¤,1.0,1.0,0.7,Satisfied
Case 3214,2,¡¢,¦¥£¤,¥£¤,0.75,0.75,0.7,Satisfied
Case 3222,2,¡¢,¥£¤,¥£¤,1.0,1.0,0.7,Satisfied
Case 3226,2,¡¥,£¤,£¤,1.0,1.0,0.7,Satisfied
Case 3229,2,¡¢,¥£¤,¥£¤,1.0,1.0,0.7,Satisfied
Case 323,2,¡¢,¥£¤,¥£¤,1.0,1.0,0.7,Satisfied
Case 3231,2,¡¢,¥£¤,¥£¤,1.0,1.0,0.7,Satisfied
Case 3233,2,¡¢,¥£¤,¥£¤,1.0,1.0,0.7,Satisfied
Case 3239,2,¡¥,£¤,£¤,1.0,1.0,0.7,Satisfied
Case 324,2,¢¥,£¤,£¤,1.0,1.0,0.7,Satisfied
Case 3240,2,¡¢,¥£¤,¥£¤,1.0,1.0,0.7,Satisfied
Case 3249,2,¡¢,­­¢¥£¥£¤,¥£¤,0.375,0.6,0.7,Satisfied
Case 3251,2,¡¢,¥£¤,¥£¤,1.0,1.0,0.7,Satisfied
Case 3253,2,¡¢,¥£¤,¥£¤,1.0,1.0,0.7,Satisfied
Case 3254,2,¡¢,¥,¥£¤,0.33333333333333337,0.33333333333333326,0.7,Satisfied
Case 326,2,¡¢,­­¥£¤,¥£¤,0.6,0.75,0.7,Satisfied
Case 3260,2,¡¢,¥£¤,¥£¤,1.0,1.0,0.7,Satisfied
Case 3262,2,¡¢,¥£¤,¥£¤,1.0,1.0,0.7,Satisfied
Case 3273,2,¡¢,¥£¤,¥£¤,1.0,1.0,0.7,Satisfied
Case 3276,2,¡¢,­¥£¤,¥£¤,0.75,0.75,0.7,Satisfied
Case 3288,2,¡¢,¥£¥£¤,¥£¤,0.6,1.0,0.7,Satisfied
Case 3289,2,¡¢,¥£¤,¥£¤,1.0,1.0,0.7,Satisfied
Case 3294,2,¡¢,¥¢£¤,¥£¤,0.75,0.75,0.7,Satisfied
Case 33,2,¡¢,¥£¤,¥£¤,1.0,1.0,0.7,Satisfied
Case 331,2,¡¢,­¥£¤,¥£¤,0.75,0.75,0.7,Satisfied
Case 3314,2,¡¢,¥£¤,¥£¤,1.0,1.0,0.7,Satisfied
Case 3315,2,¡¢,¥£¤,¥£¤,1.0,1.0,0.7,Satisfied
Case 332,2,¡¢,¥£¤,¥£¤,1.0,1.0,0.7,Satisfied
Case 3323,2,¡¢,¦­­¥£,¥£¤,0.19999999999999996,0.4,0.7,Satisfied
Case 3324,2,¡¢,¥£¤,¥£¤,1.0,1.0,0.7,Satisfied
Case 333,2,¡¢,¥£¤,¥£¤,1.0,1.0,0.7,Satisfied
Case 3331,2,¡¢,¥£¤,¥£¤,1.0,1.0,0.7,Satisfied
Case 3334,2,¡¢,¥£¤,¥£¤,1.0,1.0,0.7,Satisfied
Case 3336,2,¡¢,¥£¤,¥£¤,1.0,1.0,0.7,Satisfied
Case 3338,2,¡­,¥£¤,¥£¤,1.0,1.0,0.7,Satisfied
Case 3341,2,¡¢,¥£¤,¥£¤,1.0,1.0,0.7,Satisfied
Case 3344,2,¡¥,£¥£¢¥£¥£¤,£¤,0.2222222222222222,0.5,0.7,Satisfied
Case 3349,2,¡¢,¥£¤,¥£¤,1.0,1.0,0.7,Satisfied
Case 3351,2,¡¢,¥£¥£¤,¥£¤,0.6,1.0,0.7,Satisfied
Case 3357,2,¡¢,¥£¤,¥£¤,1.0,1.0,0.7,Satisfied
Case 3358,2,¡¢,­¥£¤,¥£¤,0.75,0.75,0.7,Satisfied
Case 3360,2,¡¢,¥£¤,¥£¤,1.0,1.0,0.7,Satisfied
Case 3362,2,¡¢,¥£¤,¥£¤,1.0,1.0,0.7,Satisfied
Case 337,2,¡¢,¥£¤,¥£¤,1.0,1.0,0.7,Satisfied
Case 3372,2,¡¢,¥£¤,¥£¤,1.0,1.0,0.7,Satisfied
Case 3373,2,¡¢,¥£¤,¥£¤,1.0,1.0,0.7,Satisfied
Case 3376,2,¡¢,¥£¤,¥£¤,1.0,1.0,0.7,Satisfied
Case 3382,2,¡¢,¥£¤,¥£¤,1.0,1.0,0.7,Satisfied
Case 3398,2,¡¢,¥£¤,¥£¤,1.0,1.0,0.7,Satisfied
Case 34,2,¡¢,¥¥£¤,¥£¤,0.75,1.0,0.7,Satisfied
Case 3403,2,¡¢,¥£¤,¥£¤,1.0,1.0,0.7,Satisfied
Case 3409,2,¡¢,¦¬¬­,¥£¤,0.0,0.0,0.7,Satisfied
Case 3413,2,¡¢,¥£¤,¥£¤,1.0,1.0,0.7,Satisfied
Case 3416,2,¡¥,£¤,£¤,1.0,1.0,0.7,Satisfied
Case 3418,2,¡¢,­¥£¤,¥£¤,0.75,0.75,0.7,Satisfied
Case 3419,2,¡¢,¥£¤,¥£¤,1.0,1.0,0.7,Satisfied
Case 3426,2,¡¢,¥£¤,¥£¤,1.0,1.0,0.7,Satisfied
Case 3428,2,¡¢,¥£¤,¥£¤,1.0,1.0,0.7,Satisfied
Case 343,2,¡¢,¥£¤,¥£¤,1.0,1.0,0.7,Satisfied
Case 3436,2,¡¢,¥¥¥¥£¤,¥£¤,0.5,1.0,0.7,Satisfied
Case 3439,2,¢¥,£¢¥¢¥£¤,£¤,0.2857142857142857,0.5,0.7,Satisfied
Case 3440,2,¡¢,¥£¤,¥£¤,1.0,1.0,0.7,Satisfied
Case 3442,2,¡¢,¥£¤,¥£¤,1.0,1.0,0.7,Satisfied
Case 3443,2,¡¢,­¥£,¥£¤,0.33333333333333337,0.5,0.7,Satisfied
Case 3444,2,¡¦,¦¬¬­¥£¤,¥£¤,0.4285714285714286,0.5,0.7,Satisfied
Case 3448,2,¡¢,¥£¤,¥£¤,1.0,1.0,0.7,Satisfied
Case 3449,2,¡¡,¢¥£¤,¢£¤,0.75,0.75,0.7,Satisfied
Case 345,2,¡¢,¥£¤,¥£¤,1.0,1.0,0.7,Satisfied
Case 3454,2,¡¢,¢¥£¤,¥£¤,0.75,0.75,0.7,Satisfied
Case 346,2,¡¥,¥£¤,£¤,0.6666666666666667,0.6666666666666666,0.7,Satisfied
Case 3462,2,¡¢,¥£¤,¥£¤,1.0,1.0,0.7,Satisfied
Case 3465,2,¡¢,¥£¤,¥£¤,1.0,1.0,0.7,Satisfied
Case 3475,2,¡¢,¥£¤,¥£¤,1.0,1.0,0.7,Satisfied
Case 348,2,¡¢,¥£¤,¥£¤,1.0,1.0,0.7,Satisfied
Case 349,2,¡¢,¥£¤,¥£¤,1.0,1.0,0.7,Satisfied
Case 3498,2,¡¢,¥£¤,¥£¤,1.0,1.0,0.7,Satisfied
Case 3511,2,¡¢,¥£¤,¥£¤,1.0,1.0,0.7,Satisfied
Case 3516,2,¡¢,­¥£¤,¥£¤,0.75,0.75,0.7,Satisfied
Case 3517,2,¡¢,¥£¤,¥£¤,1.0,1.0,0.7,Satisfied
Case 3529,2,¡¢,¥£¤,¥£¤,1.0,1.0,0.7,Satisfied
Case 3530,2,¡¢,¥£¤,¥£¤,1.0,1.0,0.7,Satisfied
Case 3532,2,¡¢,¥£¤,¥£¤,1.0,1.0,0.7,Satisfied
Case 3535,2,¡¢,¥£¤,¥£¤,1.0,1.0,0.7,Satisfied
Case 3537,2,¡¢,¥£¤,¥£¤,1.0,1.0,0.7,Satisfied
Case 3539,2,¡¢,¥£¤,¥£¤,1.0,1.0,0.7,Satisfied
Case 3542,2,¡¢,¥£¤,¥£¤,1.0,1.0,0.7,Satisfied
Case 3543,2,¡¢,¥£¤,¥£¤,1.0,1.0,0.7,Satisfied
Case 3546,2,¡¢,¥£¤,¥£¤,1.0,1.0,0.7,Satisfied
Case 3551,2,¡¢,¥£¤,¥£¤,1.0,1.0,0.7,Satisfied
Case 3552,2,¡¢,¥£¤,¥£¤,1.0,1.0,0.7,Satisfied
Case 3562,2,¡¢,¥£¢¥£¤,¥£¤,0.5,0.75,0.7,Satisfied
Case 3563,2,¡¢,¥£¤,¥£¤,1.0,1.0,0.7,Satisfied
Case 3565,2,¡¢,¥£¤,¥£¤,1.0,1.0,0.7,Satisfied
Case 3567,2,¡¢,¥£¤,¥£¤,1.0,1.0,0.7,Satisfied
Case 3569,2,¢¥,£¤,£¤,1.0,1.0,0.7,Satisfied
Case 3582,2,¡¢,¥£¤,¥£¤,1.0,1.0,0.7,Satisfied
Case 3583,2,¡¢,¥£¤,¥£¤,1.0,1.0,0.7,Satisfied
Case 3592,2,¡¢,¥£¤,¥£¤,1.0,1.0,0.7,Satisfied
Case 3599,2,¡¢,¥£¤,¥£¤,1.0,1.0,0.7,Satisfied
Case 3600,2,¡¢,¥£¤,¥£¤,1.0,1.0,0.7,Satisfied
Case 3601,2,¡¢,¥£¤,¥£¤,1.0,1.0,0.7,Satisfied
Case 361,2,¡¢,¥£¢¥£¤,¥£¤,0.5,0.75,0.7,Satisfied
Case 3613,2,¡¢,­¥£¤,¥£¤,0.75,0.75,0.7,Satisfied
Case 3614,2,¡¢,¥£¤,¥£¤,1.0,1.0,0.7,Satisfied
Case 3634,2,¢¥,£¤,£¤,1.0,1.0,0.7,Satisfied
Case 3638,2,¡¢,¥£¤,¥£¤,1.0,1.0,0.7,Satisfied
Case 364,2,¡¢,¥£¤,¥£¤,1.0,1.0,0.7,Satisfied
Case 3641,2,¡¢,¥£¤,¥£¤,1.0,1.0,0.7,Satisfied
Case 3643,2,¡¢,¥£¤,¥£¤,1.0,1.0,0.7,Satisfied
Case 3645,2,¡¢,­¥£¤,¥£¤,0.75,0.75,0.7,Satisfied
Case 3653,2,¡¢,¥£¤,¥£¤,1.0,1.0,0.7,Satisfied
Case 3654,2,¡¢,¥£¤,¥£¤,1.0,1.0,0.7,Satisfied
Case 3656,2,¡¢,¥¥£¤,¥£¤,0.75,1.0,0.7,Satisfied
Case 3657,2,¡¢,¥£¤,¥£¤,1.0,1.0,0.7,Satisfied
Case 3662,2,¡¢,¥¥£¤,¥£¤,0.75,1.0,0.7,Satisfied
Case 3663,2,¡¢,¥£¤,¥£¤,1.0,1.0,0.7,Satisfied
Case 3666,2,¡¢,¥£¤,¥£¤,1.0,1.0,0.7,Satisfied
Case 3669,2,¡¡,¢¥¢­­£¤,¢£¤,0.4285714285714286,0.6,0.7,Satisfied
Case 367,2,¡¥,¥£¤,£¤,0.6666666666666667,0.6666666666666666,0.7,Satisfied
Case 3670,2,¡¢,¥£¤,¥£¤,1.0,1.0,0.7,Satisfied
Case 3673,2,¡¢,¥¢¥£¤,¥£¤,0.6,0.75,0.7,Satisfied
Case 3674,2,¡¢,¥£¤,¥£¤,1.0,1.0,0.7,Satisfied
Case 3676,2,¡¢,¥£¥£¤,¥£¤,0.6,1.0,0.7,Satisfied
Case 3678,2,¡¢,¥£¤,¥£¤,1.0,1.0,0.7,Satisfied
Case 3688,2,¡¡,¢¥£¤,¢£¤,0.75,0.75,0.7,Satisfied
Case 3692,2,¡¥,£¢¥£¤,£¤,0.4,0.5,0.7,Satisfied
Case 3696,2,¡¢,¥£¤,¥£¤,1.0,1.0,0.7,Satisfied
Case 370,2,¡¢,¥£¤,¥£¤,1.0,1.0,0.7,Satisfied
Case 3705,2,¡¢,¥£¢¥£¤,¥£¤,0.5,0.75,0.7,Satisfied
Case 3708,2,¡¢,¥£¤,¥£¤,1.0,1.0,0.7,Satisfied
Case 3738,2,¡¢,¥£¤,¥£¤,1.0,1.0,0.7,Satisfied
Case 374,2,¡¢,¥£¤,¥£¤,1.0,1.0,0.7,Satisfied
Case 3742,2,¡¢,¥£¤,¥£¤,1.0,1.0,0.7,Satisfied
Case 3745,2,¡¢,¥£¤,¥£¤,1.0,1.0,0.7,Satisfied
Case 3766,2,¡¢,¥£¤,¥£¤,1.0,1.0,0.7,Satisfied
Case 3770,2,¡¢,¥£¤,¥£¤,1.0,1.0,0.7,Satisfied
Case 3775,2,¡¢,¥£¤,¥£¤,1.0,1.0,0.7,Satisfied
Case 3776,2,¡¡,¢¥£¤,¢£¤,0.75,0.75,0.7,Satisfied
Case 378,2,¡¢,¥£¤,¥£¤,1.0,1.0,0.7,Satisfied
Case 3787,2,¡¢,¥¢£¤,¥£¤,0.75,0.75,0.7,Satisfied
Case 3798,2,¡¢,¥£¤,¥£¤,1.0,1.0,0.7,Satisfied
Case 380,2,¡¥,£¤,£¤,1.0,1.0,0.7,Satisfied
Case 3802,2,§¡,¥£¤,¢¥£¤,0.75,0.75,0.7,Satisfied
Case 3818,2,¡¢,¥£¤,¥£¤,1.0,1.0,0.7,Satisfied
Case 3819,2,¡¢,¥£¤,¥£¤,1.0,1.0,0.7,Satisfied
Case 382,2,¡¢,¥¢­£,¥£¤,0.25,0.4,0.7,Satisfied
Case 3822,2,¡¢,¥£¤,¥£¤,1.0,1.0,0.7,Satisfied
Case 383,2,§¥,¥,£¤,0.0,0.0,0.7,Satisfied
Case 3832,2,¡¢,¥¥£¢¥£¤,¥£¤,0.4285714285714286,0.75,0.7,Satisfied
Case 384,2,¡¢,¥£¤,¥£¤,1.0,1.0,0.7,Satisfied
Case 3844,2,¡¢,¥£¤,¥£¤,1.0,1.0,0.7,Satisfied
Case 3857,2,¡¢,¥£¤,¥£¤,1.0,1.0,0.7,Satisfied
Case 3864,2,¡¢,¥£¤,¥£¤,1.0,1.0,0.7,Satisfied
Case 3865,2,¡¢,­¥£¤,¥£¤,0.75,0.75,0.7,Satisfied
Case 3877,2,¡¢,¥£¤,¥£¤,1.0,1.0,0.7,Satisfied
Case 3880,2,¡¥,£¤,£¤,1.0,1.0,0.7,Satisfied
Case 3884,2,¡¢,¥¢£¤,¥£¤,0.75,0.75,0.7,Satisfied
Case 3885,2,¡¢,¥£¤,¥£¤,1.0,1.0,0.7,Satisfied
Case 3888,2,¡¥,£¤,£¤,1.0,1.0,0.7,Satisfied
Case 3890,2,¡¢,¥£¤,¥£¤,1.0,1.0,0.7,Satisfied
Case 3896,2,¡¢,¥£¤,¥£¤,1.0,1.0,0.7,Satisfied
Case 3898,2,¡¢,¥£¤,¥£¤,1.0,1.0,0.7,Satisfied
Case 3899,2,¡¢,¥£¤,¥£¤,1.0,1.0,0.7,Satisfied
Case 39,2,¡¢,¥£¤,¥£¤,1.0,1.0,0.7,Satisfied
Case 3905,2,¡¢,¥£¤,¥£¤,1.0,1.0,0.7,Satisfied
Case 3912,2,¡¢,¥£¤,¥£¤,1.0,1.0,0.7,Satisfied
Case 3913,2,¡¥,£¤,£¤,1.0,1.0,0.7,Satisfied
Case 3928,2,¡¢,¥£¤,¥£¤,1.0,1.0,0.7,Satisfied
Case 3930,2,¡¢,¥£¤,¥£¤,1.0,1.0,0.7,Satisfied
Case 3933,2,¡¢,¥£¤,¥£¤,1.0,1.0,0.7,Satisfied
Case 3943,2,¡¢,¥£¤,¥£¤,1.0,1.0,0.7,Satisfied
Case 3946,2,¡¢,¥£¤,¥£¤,1.0,1.0,0.7,Satisfied
Case 3957,2,¡¢,¢¥£¤,¥£¤,0.75,0.75,0.7,Satisfied
Case 3963,2,¡¢,­­¥£¥£¤,¥£¤,0.4285714285714286,0.75,0.7,Satisfied
Case 397,2,¡¢,¥£¤,¥£¤,1.0,1.0,0.7,Satisfied
Case 3974,2,¡¢,¥£¤,¥£¤,1.0,1.0,0.7,Satisfied
Case 3976,2,¡¢,¥£¤,¥£¤,1.0,1.0,0.7,Satisfied
Case 3983,2,¡¢,¥£¤,¥£¤,1.0,1.0,0.7,Satisfied
Case 399,2,¡¢,¥£¤,¥£¤,1.0,1.0,0.7,Satisfied
Case 3992,2,¡¢,­£¤,¥£¤,0.6666666666666667,0.5,0.7,Satisfied
Case 40,2,¡¢,£¤,¥£¤,0.6666666666666667,0.6666666666666666,0.7,Satisfied
Case 4004,2,¢£,£¤,¤,0.5,0.5,0.7,Satisfied
Case 4006,2,¡¢,¥¢¥£¤,¥£¤,0.6,0.75,0.7,Satisfied
Case 4009,2,¡¢,¥£¤,¥£¤,1.0,1.0,0.7,Satisfied
Case 4017,2,¡¢,¥£¤,¥£¤,1.0,1.0,0.7,Satisfied
Case 402,2,¡¢,£¤,¥£¤,0.6666666666666667,0.6666666666666666,0.7,Satisfied
Case 4026,2,¡¢,¥¦­£¤,¥£¤,0.6,0.6,0.7,Satisfied
Case 4030,2,¡¢,£¤,¥£¤,0.6666666666666667,0.6666666666666666,0.7,Satisfied
Case 4031,2,¡£,£¤,¤,0.5,0.5,0.7,Satisfied
Case 4032,2,¡¥,£¤,£¤,1.0,1.0,0.7,Satisfied
Case 4037,2,¡¢,£¤,¥£¤,0.6666666666666667,0.6666666666666666,0.7,Satisfied
Case 4048,2,¡¢,£¤,¥£¤,0.6666666666666667,0.6666666666666666,0.7,Satisfied
Case 4054,2,¡¢,£¤,¥£¤,0.6666666666666667,0.6666666666666666,0.7,Satisfied
Case 4067,2,¡¢,£¤,¥£¤,0.6666666666666667,0.6666666666666666,0.7,Satisfied
Case 4068,2,¡¢,£¤,¥£¤,0.6666666666666667,0.6666666666666666,0.7,Satisfied
Case 4069,2,¡¢,£¤,¥£¤,0.6666666666666667,0.6666666666666666,0.7,Satisfied
Case 407,2,¡¢,¥£¤,¥£¤,1.0,1.0,0.7,Satisfied
Case 4073,2,¡¢,¥£¤,¥£¤,1.0,1.0,0.7,Satisfied
Case 4074,2,¡¢,¥£¤,¥£¤,1.0,1.0,0.7,Satisfied
Case 408,2,¡¡,¢¥£¤,¢£¤,0.75,0.75,0.7,Satisfied
Case 4082,2,¡¢,­£¤,¥£¤,0.6666666666666667,0.5,0.7,Satisfied
Case 4084,2,¡¢,¥£¤,¥£¤,1.0,1.0,0.7,Satisfied
Case 4106,2,¡¢,£¤,¥£¤,0.6666666666666667,0.6666666666666666,0.7,Satisfied
Case 4107,2,¡¢,¥¥£¤,¥£¤,0.75,1.0,0.7,Satisfied
Case 412,2,¡¢,¥£¤,¥£¤,1.0,1.0,0.7,Satisfied
Case 4127,2,¡¢,£¤,¥£¤,0.6666666666666667,0.6666666666666666,0.7,Satisfied
Case 414,2,¡¡,¢£¤,¢£¤,1.0,1.0,0.7,Satisfied
Case 4145,2,¡¢,£¤,¥£¤,0.6666666666666667,0.6666666666666666,0.7,Satisfied
Case 4147,2,¡¢,¥£¤,¥£¤,1.0,1.0,0.7,Satisfied
Case 4149,2,¡¢,¥£¤,¥£¤,1.0,1.0,0.7,Satisfied
Case 4154,2,¡¢,£¤,¥£¤,0.6666666666666667,0.6666666666666666,0.7,Satisfied
Case 4156,2,¡¢,¥£¤,¥£¤,1.0,1.0,0.7,Satisfied
Case 4160,2,¡¢,£¤,¥£¤,0.6666666666666667,0.6666666666666666,0.7,Satisfied
Case 4161,2,¡¢,£¤,¥£¤,0.6666666666666667,0.6666666666666666,0.7,Satisfied
Case 4162,2,¡¢,£¤,¥£¤,0.6666666666666667,0.6666666666666666,0.7,Satisfied
Case 4165,2,¡¡,¢¥£¤,¢£¤,0.75,0.75,0.7,Satisfied
Case 4172,2,¡¢,¥£¤,¥£¤,1.0,1.0,0.7,Satisfied
Case 4183,2,¡­,£¤,¥£¤,0.6666666666666667,0.6666666666666666,0.7,Satisfied
Case 4185,2,¡¢,­£¤,¥£¤,0.6666666666666667,0.5,0.7,Satisfied
Case 4187,2,¡¢,¥¢¥,¥£¤,0.33333333333333337,0.25,0.7,Satisfied
Case 4194,2,¡¢,£¤,¥£¤,0.6666666666666667,0.6666666666666666,0.7,Satisfied
Case 4197,2,¡¡,¡¢£¤,¢£¤,0.75,0.75,0.7,Satisfied
Case 4206,2,¡¢,£¤,¥£¤,0.6666666666666667,0.6666666666666666,0.7,Satisfied
Case 421,2,¡¢,£¤,¥£¤,0.6666666666666667,0.6666666666666666,0.7,Satisfied
Case 4212,2,¡¢,£¤,¥£¤,0.6666666666666667,0.6666666666666666,0.7,Satisfied
Case 4241,2,¡¢,£¤,¥£¤,0.6666666666666667,0.6666666666666666,0.7,Satisfied
Case 4248,2,¡£,¤,¤,1.0,1.0,0.7,Satisfied
Case 4255,2,¡¢,££¤,¥£¤,0.6666666666666667,0.6666666666666666,0.7,Satisfied
Case 4257,2,¡¢,¥£¤,¥£¤,1.0,1.0,0.7,Satisfied
Case 4259,2,¡¢,¢£¤,¥£¤,0.6666666666666667,0.5,0.7,Satisfied
Case 4268,2,¢¥,£¤,£¤,1.0,1.0,0.7,Satisfied
Case 4269,2,¡¢,¥£¤,¥£¤,1.0,1.0,0.7,Satisfied
Case 427,2,¡¢,£¤,¥£¤,0.6666666666666667,0.6666666666666666,0.7,Satisfied
Case 4282,2,¡¢,£¤,¥£¤,0.6666666666666667,0.6666666666666666,0.7,Satisfied
Case 4300,2,¡¢,¥¥£¤,¥£¤,0.75,1.0,0.7,Satisfied
Case 4301,2,¡¢,¥£¤,¥£¤,1.0,1.0,0.7,Satisfied
Case 4324,2,¡¢,£¤,¥£¤,0.6666666666666667,0.6666666666666666,0.7,Satisfied
Case 4325,2,¡¢,£¤,¥£¤,0.6666666666666667,0.6666666666666666,0.7,Satisfied
Case 4326,2,¡¢,¥£¤,¥£¤,1.0,1.0,0.7,Satisfied
Case 433,2,¡¢,¥¥£¤,¥£¤,0.75,1.0,0.7,Satisfied
Case 4332,2,¡¢,£¤,¥£¤,0.6666666666666667,0.6666666666666666,0.7,Satisfied
Case 4337,2,¡¢,¥£¤,¥£¤,1.0,1.0,0.7,Satisfied
Case 4338,2,¡¢,¥¢¥£¤,¥£¤,0.6,0.75,0.7,Satisfied
Case 4348,2,¡¢,­£¤,¥£¤,0.6666666666666667,0.5,0.7,Satisfied
Case 435,2,¡¢,­£¤,¥£¤,0.6666666666666667,0.5,0.7,Satisfied
Case 4351,2,¡¢,¥£¤,¥£¤,1.0,1.0,0.7,Satisfied
Case 4352,2,¡¢,¥£¤,¥£¤,1.0,1.0,0.7,Satisfied
Case 4353,2,¡¢,¢¥¥£¤,¥£¤,0.6,0.75,0.7,Satisfied
Case 4354,2,¡¢,­£,¥£¤,0.33333333333333337,0.25,0.7,Satisfied
Case 4355,2,¡¢,£¤,¥£¤,0.6666666666666667,0.6666666666666666,0.7,Satisfied
Case 4359,2,¡¢,¥£¤,¥£¤,1.0,1.0,0.7,Satisfied
Case 4361,2,¡¢,­£¤,¥£¤,0.6666666666666667,0.5,0.7,Satisfied
Case 4365,2,¡¢,¥£¤,¥£¤,1.0,1.0,0.7,Satisfied
Case 4369,2,¡¢,¥£¤,¥£¤,1.0,1.0,0.7,Satisfied
Case 4370,2,§¥,¥,£¤,0.0,0.0,0.7,Satisfied
Case 4371,2,¡£,£¤,¤,0.5,0.5,0.7,Satisfied
Case 438,2,¡¢,­¥£¤,¥£¤,0.75,0.75,0.7,Satisfied
Case 4383,2,¡¢,£¤,¥£¤,0.6666666666666667,0.6666666666666666,0.7,Satisfied
Case 4385,2,¡¡,¢£¤,¢£¤,1.0,1.0,0.7,Satisfied
Case 4389,2,¡¢,­£¤,¥£¤,0.6666666666666667,0.5,0.7,Satisfied
Case 4394,2,¡¢,£¤,¥£¤,0.6666666666666667,0.6666666666666666,0.7,Satisfied
Case 4396,2,¡¢,£¤,¥£¤,0.6666666666666667,0.6666666666666666,0.7,Satisfied
Case 4398,2,¡¢,¥¢¥£¤,¥£¤,0.6,0.75,0.7,Satisfied
Case 4407,2,¡¢,¥£¤,¥£¤,1.0,1.0,0.7,Satisfied
Case 441,2,¢£,£¤,¤,0.5,0.5,0.7,Satisfied
Case 4410,2,¡¢,¥¢£¤,¥£¤,0.75,0.75,0.7,Satisfied
Case 4415,2,¡¢,£¤,¥£¤,0.6666666666666667,0.6666666666666666,0.7,Satisfied
Case 4417,2,¡¥,££¤,£¤,0.6666666666666667,1.0,0.7,Satisfied
Case 4419,2,¡¥,£¤,£¤,1.0,1.0,0.7,Satisfied
Case 4421,2,¡¢,¥£¤,¥£¤,1.0,1.0,0.7,Satisfied
Case 4422,2,¡¢,£¤,¥£¤,0.6666666666666667,0.6666666666666666,0.7,Satisfied
Case 4423,2,¡¡,¢£¤,¢£¤,1.0,1.0,0.7,Satisfied
Case 4424,2,¡¢,¥£¤,¥£¤,1.0,1.0,0.7,Satisfied
Case 4426,2,¡¢,¥£¤,¥£¤,1.0,1.0,0.7,Satisfied
Case 4431,2,¡¢,¥£¤,¥£¤,1.0,1.0,0.7,Satisfied
Case 4456,2,¡¢,¥£¤,¥£¤,1.0,1.0,0.7,Satisfied
Case 446,2,¡¢,¥£¤,¥£¤,1.0,1.0,0.7,Satisfied
Case 4463,2,¡¢,¦¦¬¬­¦£,¥£¤,0.0,0.16666666666666663,0.7,Satisfied
Case 4465,2,¡¢,¥£¤,¥£¤,1.0,1.0,0.7,Satisfied
Case 4469,2,¡¢,£¤,¥£¤,0.6666666666666667,0.6666666666666666,0.7,Satisfied
Case 447,2,¡£,¤,¤,1.0,1.0,0.7,Satisfied
Case 4478,2,¡¢,¥¢£¤,¥£¤,0.75,0.75,0.7,Satisfied
Case 4485,2,¡¢,¥£¤,¥£¤,1.0,1.0,0.7,Satisfied
Case 4487,2,¡¢,£¤,¥£¤,0.6666666666666667,0.6666666666666666,0.7,Satisfied
Case 4501,2,¢¥,¢¥£¤,£¤,0.5,0.5,0.7,Satisfied
Case 4506,2,¡¢,¥£¤,¥£¤,1.0,1.0,0.7,Satisfied
Case 4511,2,¡¢,­££¤,¥£¤,0.5,0.5,0.7,Satisfied
Case 4530,2,¡¡,£¤,¢£¤,0.6666666666666667,0.6666666666666666,0.7,Satisfied
Case 4532,2,¡£,¤,¤,1.0,1.0,0.7,Satisfied
Case 4535,2,¡¢,£¤,¥£¤,0.6666666666666667,0.6666666666666666,0.7,Satisfied
Case 4537,2,¡¢,£¤,¥£¤,0.6666666666666667,0.6666666666666666,0.7,Satisfied
Case 4544,2,¡¢,£,¥£¤,0.33333333333333337,0.33333333333333326,0.7,Satisfied
Case 4558,2,¡¢,¥£¤,¥£¤,1.0,1.0,0.7,Satisfied
Case 456,2,¡¢,£¤,¥£¤,0.6666666666666667,0.6666666666666666,0.7,Satisfied
Case 4563,2,¡¢,¥£¤,¥£¤,1.0,1.0,0.7,Satisfied
Case 4575,2,¡¢,¥£¤,¥£¤,1.0,1.0,0.7,Satisfied
Case 46,2,¡¢,¢¥£¤,¥£¤,0.75,0.75,0.7,Satisfied
Case 467,2,¡¢,¥¢­£¤,¥£¤,0.6,0.6,0.7,Satisfied
Case 470,2,¡¢,¥£¤,¥£¤,1.0,1.0,0.7,Satisfied
Case 474,2,¡¡,¡¢¥£¤,¢£¤,0.6,0.6,0.7,Satisfied
Case 478,2,¡¡,¢¥£¤,¢£¤,0.75,0.75,0.7,Satisfied
Case 480,2,¡¢,£¤,¥£¤,0.6666666666666667,0.6666666666666666,0.7,Satisfied
Case 483,2,¡¢,£¤,¥£¤,0.6666666666666667,0.6666666666666666,0.7,Satisfied
Case 484,2,¡¢,¥£¤,¥£¤,1.0,1.0,0.7,Satisfied
Case 487,2,¡¢,£¤,¥£¤,0.6666666666666667,0.6666666666666666,0.7,Satisfied
Case 496,2,¡¢,¥£¤,¥£¤,1.0,1.0,0.7,Satisfied
Case 498,2,¡¢,££¤,¥£¤,0.6666666666666667,0.6666666666666666,0.7,Satisfied
Case 502,2,¡¢,£¤,¥£¤,0.6666666666666667,0.6666666666666666,0.7,Satisfied
Case 503,2,¡¢,¦­£¤,¥£¤,0.5,0.4,0.7,Satisfied
Case 504,2,¡¢,¥£¤,¥£¤,1.0,1.0,0.7,Satisfied
Case 506,2,¡¢,­£¤,¥£¤,0.6666666666666667,0.5,0.7,Satisfied
Case 507,2,¡¢,£¤,¥£¤,0.6666666666666667,0.6666666666666666,0.7,Satisfied
Case 520,2,¡¢,££¤,¥£¤,0.6666666666666667,0.6666666666666666,0.7,Satisfied
Case 523,2,¢¥,£¤,£¤,1.0,1.0,0.7,Satisfied
Case 525,2,¡¡,¢¥¥,¢£¤,0.33333333333333337,0.25,0.7,Satisfied
Case 527,2,¡¥,¡¡¢£¤,£¤,0.4,0.5,0.7,Satisfied
Case 529,2,¡¥,¥£¤,£¤,0.6666666666666667,0.6666666666666666,0.7,Satisfied
Case 530,2,¡¢,¥¥¥£¤,¥£¤,0.6,1.0,0.7,Satisfied
Case 532,2,¡¢,£¢¥£¤,¥£¤,0.6,0.75,0.7,Satisfied
Case 533,2,¡¢,£¤,¥£¤,0.6666666666666667,0.6666666666666666,0.7,Satisfied
Case 54,2,¡¢,£¤,¥£¤,0.6666666666666667,0.6666666666666666,0.7,Satisfied
Case 553,2,¡¢,¥£¤,¥£¤,1.0,1.0,0.7,Satisfied
Case 554,2,¡£,¤,¤,1.0,1.0,0.7,Satisfied
Case 557,2,¢£,¤,¤,1.0,1.0,0.7,Satisfied
Case 558,2,¡¢,¢£¤,¥£¤,0.6666666666666667,0.5,0.7,Satisfied
Case 559,2,¡¢,¥£¤,¥£¤,1.0,1.0,0.7,Satisfied
Case 566,2,¡¢,¥¢¥£¤,¥£¤,0.6,0.75,0.7,Satisfied
Case 575,2,¡¢,¥£¤,¥£¤,1.0,1.0,0.7,Satisfied
Case 58,2,¡¦,­£¤,¥£¤,0.6666666666666667,0.5,0.7,Satisfied
Case 593,2,¡¢,£¤,¥£¤,0.6666666666666667,0.6666666666666666,0.7,Satisfied
Case 594,2,¡¢,£¤,¥£¤,0.6666666666666667,0.6666666666666666,0.7,Satisfied
Case 595,2,¡¢,¥£¤,¥£¤,1.0,1.0,0.7,Satisfied
Case 603,2,¡¢,££¤,¥£¤,0.6666666666666667,0.6666666666666666,0.7,Satisfied
Case 606,2,¡¢,£¤,¥£¤,0.6666666666666667,0.6666666666666666,0.7,Satisfied
Case 622,2,¡¢,¦£¤,¥£¤,0.6666666666666667,0.5,0.7,Satisfied
Case 624,2,¡¢,¥£¤,¥£¤,1.0,1.0,0.7,Satisfied
Case 626,2,¡¢,¥£¤,¥£¤,1.0,1.0,0.7,Satisfied
Case 63,2,¡¢,£¤,¥£¤,0.6666666666666667,0.6666666666666666,0.7,Satisfied
Case 630,2,¡¢,£¤,¥£¤,0.6666666666666667,0.6666666666666666,0.7,Satisfied
Case 631,2,¢¥,¢¥£¤,£¤,0.5,0.5,0.7,Satisfied
Case 638,2,¡¢,¥¢¥£¤,¥£¤,0.6,0.75,0.7,Satisfied
Case 639,2,¡¢,¥£¤,¥£¤,1.0,1.0,0.7,Satisfied
Case 645,2,¡¢,£¤,¥£¤,0.6666666666666667,0.6666666666666666,0.7,Satisfied
Case 65,2,¡¢,¥£¤,¥£¤,1.0,1.0,0.7,Satisfied
Case 656,2,¡¢,¥££¤,¥£¤,0.75,1.0,0.7,Satisfied
Case 664,2,¡¢,¥£¤,¥£¤,1.0,1.0,0.7,Satisfied
Case 676,2,¢¥,£¤,£¤,1.0,1.0,0.7,Satisfied
Case 679,2,¡¢,£¤,¥£¤,0.6666666666666667,0.6666666666666666,0.7,Satisfied
Case 685,2,¢¥,£¤,£¤,1.0,1.0,0.7,Satisfied
Case 69,2,¡¢,£¤,¥£¤,0.6666666666666667,0.6666666666666666,0.7,Satisfied
Case 691,2,¡¢,£¤,¥£¤,0.6666666666666667,0.6666666666666666,0.7,Satisfied
Case 696,2,¡¢,£¤,¥£¤,0.6666666666666667,0.6666666666666666,0.7,Satisfied
Case 7,2,¡¡,¡¢£¤,¢£¤,0.75,0.75,0.7,Satisfied
Case 701,2,¡¢,£¤,¥£¤,0.6666666666666667,0.6666666666666666,0.7,Satisfied
Case 708,2,¡¢,¥£¤,¥£¤,1.0,1.0,0.7,Satisfied
Case 728,2,¡¢,£¤,¥£¤,0.6666666666666667,0.6666666666666666,0.7,Satisfied
Case 73,2,¡£,¤,¤,1.0,1.0,0.7,Satisfied
Case 732,2,¡¦,¢¦­®«£¤,¥£¤,0.2857142857142857,0.25,0.7,Satisfied
Case 747,2,¡¢,¥£¤,¥£¤,1.0,1.0,0.7,Satisfied
Case 755,2,¡¢,£¤,¥£¤,0.6666666666666667,0.6666666666666666,0.7,Satisfied
Case 757,2,¡¢,­¥£¤,¥£¤,0.75,0.75,0.7,Satisfied
Case 769,2,¡¢,£¤,¥£¤,0.6666666666666667,0.6666666666666666,0.7,Satisfied
Case 77,2,¡¢,¥£¤,¥£¤,1.0,1.0,0.7,Satisfied
Case 775,2,¡¢,¥£¤,¥£¤,1.0,1.0,0.7,Satisfied
Case 780,2,¡¢,¥£¤,¥£¤,1.0,1.0,0.7,Satisfied
Case 782,2,¡¢,¥£¤,¥£¤,1.0,1.0,0.7,Satisfied
Case 79,2,¡¢,¥¥£¤,¥£¤,0.75,1.0,0.7,Satisfied
Case 80,2,¡¢,£¤,¥£¤,0.6666666666666667,0.6666666666666666,0.7,Satisfied
Case 805,2,¡¢,¥£¤,¥£¤,1.0,1.0,0.7,Satisfied
Case 807,2,¡­,£¤,¥£¤,0.6666666666666667,0.6666666666666666,0.7,Satisfied
Case 809,2,¡¢,¥£¤,¥£¤,1.0,1.0,0.7,Satisfied
Case 82,2,¡¢,¥£¤,¥£¤,1.0,1.0,0.7,Satisfied
Case 821,2,¡¢,£¤,¥£¤,0.6666666666666667,0.6666666666666666,0.7,Satisfied
Case 824,2,¡¢,£¤,¥£¤,0.6666666666666667,0.6666666666666666,0.7,Satisfied
Case 825,2,¡¢,£¤,¥£¤,0.6666666666666667,0.6666666666666666,0.7,Satisfied
Case 826,2,¡¢,¥£¤,¥£¤,1.0,1.0,0.7,Satisfied
Case 829,2,¡¢,£¤,¥£¤,0.6666666666666667,0.6666666666666666,0.7,Satisfied
Case 83,2,¡¢,¥£¤,¥£¤,1.0,1.0,0.7,Satisfied
Case 831,2,¡¢,¥£¤,¥£¤,1.0,1.0,0.7,Satisfied
Case 839,2,¢¥,£¤,£¤,1.0,1.0,0.7,Satisfied
Case 841,2,¡¢,£¤,¥£¤,0.6666666666666667,0.6666666666666666,0.7,Satisfied
Case 845,2,¡¢,¥£¤,¥£¤,1.0,1.0,0.7,Satisfied
Case 849,2,¡¢,£¤,¥£¤,0.6666666666666667,0.6666666666666666,0.7,Satisfied
Case 856,2,¡¢,¥£¤,¥£¤,1.0,1.0,0.7,Satisfied
Case 868,2,¡¢,¦£¤,¥£¤,0.6666666666666667,0.5,0.7,Satisfied
Case 875,2,¡¢,£¤,¥£¤,0.6666666666666667,0.6666666666666666,0.7,Satisfied
Case 876,2,¡¢,¥£¤,¥£¤,1.0,1.0,0.7,Satisfied
Case 881,2,¡¢,¥£¤,¥£¤,1.0,1.0,0.7,Satisfied
Case 89,2,¡¢,£¤,¥£¤,0.6666666666666667,0.6666666666666666,0.7,Satisfied
Case 894,2,¡¢,¥¥£¤,¥£¤,0.75,1.0,0.7,Satisfied
Case 901,2,¡£,£¤,¤,0.5,0.5,0.7,Satisfied
Case 906,2,¡¢,£¤,¥£¤,0.6666666666666667,0.6666666666666666,0.7,Satisfied
Case 910,2,¡¢,£¤,¥£¤,0.6666666666666667,0.6666666666666666,0.7,Satisfied
Case 911,2,¡¢,¢£¤,¥£¤,0.6666666666666667,0.5,0.7,Satisfied
Case 930,2,¡¢,£¤,¥£¤,0.6666666666666667,0.6666666666666666,0.7,Satisfied
Case 939,2,¡¢,¥¥£¤,¥£¤,0.75,1.0,0.7,Satisfied
Case 949,2,¡¢,£¤,¥£¤,0.6666666666666667,0.6666666666666666,0.7,Satisfied
Case 951,2,¡¢,¥£¤,¥£¤,1.0,1.0,0.7,Satisfied
Case 954,2,¡¢,£¤,¥£¤,0.6666666666666667,0.6666666666666666,0.7,Satisfied
Case 959,2,¡¢,£¤,¥£¤,0.6666666666666667,0.6666666666666666,0.7,Satisfied
Case 961,2,¡¢,¥£¤,¥£¤,1.0,1.0,0.7,Satisfied
Case 962,2,¡¢,£¤,¥£¤,0.6666666666666667,0.6666666666666666,0.7,Satisfied
Case 963,2,¡¢,£¤,¥£¤,0.6666666666666667,0.6666666666666666,0.7,Satisfied
Case 964,2,¡¢,£¤,¥£¤,0.6666666666666667,0.6666666666666666,0.7,Satisfied
Case 97,2,¡¢,£¤,¥£¤,0.6666666666666667,0.6666666666666666,0.7,Satisfied
Case 979,2,¡¢,£¤,¥£¤,0.6666666666666667,0.6666666666666666,0.7,Satisfied
Case 980,2,¡¡,£¤,¢£¤,0.6666666666666667,0.6666666666666666,0.7,Satisfied
Case 984,2,¢£,¤,¤,1.0,1.0,0.7,Satisfied
Case 986,2,¡¢,¥£¤,¥£¤,1.0,1.0,0.7,Satisfied
Case 988,2,¡¢,¥£¤,¥£¤,1.0,1.0,0.7,Satisfied
Case 989,2,¡¢,¥£¤,¥£¤,1.0,1.0,0.7,Satisfied
Case 998,2,¡¢,¥£¤,¥£¤,1.0,1.0,0.7,Satisfied
Case 999,2,¡¢,£¤,¥£¤,0.6666666666666667,0.6666666666666666,0.7,Satisfied
Case 1,2,¡¢,¢¥£¤,¥£¤,0.75,0.75,0.8,Satisfied
Case 100,2,¡¢,­¥£¤,¥£¤,0.75,0.75,0.8,Satisfied
Case 1001,2,¡¢,¥£¤,¥£¤,1.0,1.0,0.8,Satisfied
Case 1007,2,¡¢,¥£¤,¥£¤,1.0,1.0,0.8,Satisfied
Case 1010,2,¡¢,­¥£¤,¥£¤,0.75,0.75,0.8,Satisfied
Case 1017,2,¡¢,¥£¥£¤,¥£¤,0.6,1.0,0.8,Satisfied
Case 1019,2,¡¢,¥£¤,¥£¤,1.0,1.0,0.8,Satisfied
Case 1023,2,¡¥,£¥£¤,£¤,0.5,0.6666666666666666,0.8,Satisfied
Case 1026,2,¡¢,­¥£¤,¥£¤,0.75,0.75,0.8,Satisfied
Case 1027,2,¡¢,¥£¤,¥£¤,1.0,1.0,0.8,Satisfied
Case 1043,2,¡¢,¥£¤,¥£¤,1.0,1.0,0.8,Satisfied
Case 105,2,¡¢,¥£¤,¥£¤,1.0,1.0,0.8,Satisfied
Case 1054,2,¡¢,¥£¤,¥£¤,1.0,1.0,0.8,Satisfied
Case 1057,2,¡¢,­¥£¤,¥£¤,0.75,0.75,0.8,Satisfied
Case 106,2,¡¥,£¤,£¤,1.0,1.0,0.8,Satisfied
Case 107,2,¡¢,¥£¤,¥£¤,1.0,1.0,0.8,Satisfied
Case 1070,2,¡¢,¥£¢¥£¤,¥£¤,0.5,0.75,0.8,Satisfied
Case 1075,2,¡¢,¥£¤,¥£¤,1.0,1.0,0.8,Satisfied
Case 1079,2,¡¢,¥¥£¤,¥£¤,0.75,1.0,0.8,Satisfied
Case 1087,2,¡¢,¥£¢¥£¤,¥£¤,0.5,0.75,0.8,Satisfied
Case 1088,2,¡¥,£¥£¤,£¤,0.5,0.6666666666666666,0.8,Satisfied
Case 1096,2,¡¢,¥£¤,¥£¤,1.0,1.0,0.8,Satisfied
Case 1101,2,¡¢,¥£¤,¥£¤,1.0,1.0,0.8,Satisfied
Case 1102,2,¡¢,¥£¥£¤,¥£¤,0.6,1.0,0.8,Satisfied
Case 1104,2,¡¢,¥£¤,¥£¤,1.0,1.0,0.8,Satisfied
Case 1109,2,¡¢,¥£¤,¥£¤,1.0,1.0,0.8,Satisfied
Case 1110,2,¡¢,¥£¤,¥£¤,1.0,1.0,0.8,Satisfied
Case 1111,2,¡¢,¥¢£¤,¥£¤,0.75,0.75,0.8,Satisfied
Case 1112,2,¡¢,¥¥£¤,¥£¤,0.75,1.0,0.8,Satisfied
Case 1113,2,¡¢,¥£¤,¥£¤,1.0,1.0,0.8,Satisfied
Case 1116,2,¡¢,¥£¤,¥£¤,1.0,1.0,0.8,Satisfied
Case 1122,2,¡¢,¥£¤,¥£¤,1.0,1.0,0.8,Satisfied
Case 1124,2,¡¢,¥£¤,¥£¤,1.0,1.0,0.8,Satisfied
Case 1129,2,¡¢,¥¢£¤,¥£¤,0.75,0.75,0.8,Satisfied
Case 114,2,¡¢,¥¢¥£¤,¥£¤,0.6,0.75,0.8,Satisfied
Case 1142,2,¡¢,¥­¥£¤,¥£¤,0.6,0.75,0.8,Satisfied
Case 1144,2,¡¥,£¢­¥£¤,£¤,0.33333333333333337,0.4,0.8,Satisfied
Case 1145,2,¡¢,¥£¤,¥£¤,1.0,1.0,0.8,Satisfied
Case 115,2,¡¢,¥¥£¤,¥£¤,0.75,1.0,0.8,Satisfied
Case 1156,2,¡¢,¥£¤,¥£¤,1.0,1.0,0.8,Satisfied
Case 1159,2,¡¢,¥£¤,¥£¤,1.0,1.0,0.8,Satisfied
Case 1164,2,¡¢,¥£¤,¥£¤,1.0,1.0,0.8,Satisfied
Case 1169,2,¡¥,£¤,£¤,1.0,1.0,0.8,Satisfied
Case 1176,2,¡¢,¥£¤,¥£¤,1.0,1.0,0.8,Satisfied
Case 1179,2,¡¢,¥£¤,¥£¤,1.0,1.0,0.8,Satisfied
Case 1185,2,¡¢,¥£¤,¥£¤,1.0,1.0,0.8,Satisfied
Case 1193,2,¡¢,¥£¤,¥£¤,1.0,1.0,0.8,Satisfied
Case 12,2,¡¢,¥£¤,¥£¤,1.0,1.0,0.8,Satisfied
Case 1210,2,¡¥,£¤,£¤,1.0,1.0,0.8,Satisfied
Case 1221,2,¡¢,¥£¤,¥£¤,1.0,1.0,0.8,Satisfied
Case 1235,2,¡¢,¥¥£¤,¥£¤,0.75,1.0,0.8,Satisfied
Case 1238,2,¡¢,¥­£¤,¥£¤,0.75,0.75,0.8,Satisfied
Case 1239,2,¡¢,¥£¤,¥£¤,1.0,1.0,0.8,Satisfied
Case 1246,2,¡¢,¥£¤,¥£¤,1.0,1.0,0.8,Satisfied
Case 1249,2,§¥,¥¥¥,£¤,0.0,0.0,0.8,Satisfied
Case 1250,2,¢¥,£¢¥£¤,£¤,0.4,0.5,0.8,Satisfied
Case 1254,2,¡¡,¥¥£¤,¢£¤,0.5,0.5,0.8,Satisfied
Case 1261,2,¢¢,¥£¤,£¤,0.6666666666666667,0.6666666666666666,0.8,Satisfied
Case 1269,2,¡¢,¢¥£¤,¥£¤,0.75,0.75,0.8,Satisfied
Case 1272,2,¡¢,¥£¤,¥£¤,1.0,1.0,0.8,Satisfied
Case 1275,2,¡¢,¥£¤,¥£¤,1.0,1.0,0.8,Satisfied
Case 129,2,¡¥,£¤,£¤,1.0,1.0,0.8,Satisfied
Case 1290,2,¡¢,¥£¤,¥£¤,1.0,1.0,0.8,Satisfied
Case 1292,2,¡¢,¥£¤,¥£¤,1.0,1.0,0.8,Satisfied
Case 1299,2,¡¢,¥£¤,¥£¤,1.0,1.0,0.8,Satisfied
Case 13,2,¡¢,¥£¤,¥£¤,1.0,1.0,0.8,Satisfied
Case 1301,2,¡¢,¥£¤,¥£¤,1.0,1.0,0.8,Satisfied
Case 1303,2,¡¢,­¥£¤,¥£¤,0.75,0.75,0.8,Satisfied
Case 1304,2,¡¢,¥£¤,¥£¤,1.0,1.0,0.8,Satisfied
Case 1305,2,¡¢,¥£¤,¥£¤,1.0,1.0,0.8,Satisfied
Case 1309,2,¡¥,£¤,£¤,1.0,1.0,0.8,Satisfied
Case 131,2,¡¢,¥£¤,¥£¤,1.0,1.0,0.8,Satisfied
Case 1313,2,¡¢,¥£¤,¥£¤,1.0,1.0,0.8,Satisfied
Case 1314,2,¡¢,¦¥£¤,¥£¤,0.75,0.75,0.8,Satisfied
Case 1315,2,¡¢,¥£¤,¥£¤,1.0,1.0,0.8,Satisfied
Case 1318,2,¡¢,­¥£¤,¥£¤,0.75,0.75,0.8,Satisfied
Case 1319,2,¡¢,¥£¤,¥£¤,1.0,1.0,0.8,Satisfied
Case 1323,2,¡¢,¥£¤,¥£¤,1.0,1.0,0.8,Satisfied
Case 1327,2,¡¥,£¤,£¤,1.0,1.0,0.8,Satisfied
Case 1330,2,¡¥,£¥£¤,£¤,0.5,0.6666666666666666,0.8,Satisfied
Case 1332,2,¡¢,¥£¤,¥£¤,1.0,1.0,0.8,Satisfied
Case 1338,2,¡¥,£¤,£¤,1.0,1.0,0.8,Satisfied
Case 1356,2,¡¢,¥£¤,¥£¤,1.0,1.0,0.8,Satisfied
Case 1358,2,¡¢,¥£¤,¥£¤,1.0,1.0,0.8,Satisfied
Case 1359,2,§¥,¥,£¤,0.0,0.0,0.8,Satisfied
Case 1364,2,¡¢,¥­­£¤,¥£¤,0.6,0.75,0.8,Satisfied
Case 1366,2,¡¢,¥£¤,¥£¤,1.0,1.0,0.8,Satisfied
Case 1371,2,¡¥,£¥£¤,£¤,0.5,0.6666666666666666,0.8,Satisfied
Case 1375,2,¡¢,¥£¤,¥£¤,1.0,1.0,0.8,Satisfied
Case 1384,2,¡¥,£¥£¤,£¤,0.5,0.6666666666666666,0.8,Satisfied
Case 1386,2,¡¢,¥£¥£¤,¥£¤,0.6,1.0,0.8,Satisfied
Case 1387,2,¡¢,¥£¤,¥£¤,1.0,1.0,0.8,Satisfied
Case 1388,2,¡¢,­­¥£¤,¥£¤,0.6,0.75,0.8,Satisfied
Case 1393,2,¡¡,¢¥£¤,¢£¤,0.75,0.75,0.8,Satisfied
Case 1396,2,¡¢,¥£¤,¥£¤,1.0,1.0,0.8,Satisfied
Case 1397,2,¡¢,¥£¤,¥£¤,1.0,1.0,0.8,Satisfied
Case 1398,2,¡¢,¥£¤,¥£¤,1.0,1.0,0.8,Satisfied
Case 140,2,¡¢,¥£¤,¥£¤,1.0,1.0,0.8,Satisfied
Case 1407,2,¡¢,¥¢¥£¤,¥£¤,0.6,0.75,0.8,Satisfied
Case 1409,2,¡¢,¥£¤,¥£¤,1.0,1.0,0.8,Satisfied
Case 1420,2,¡¢,¨¥£¤,¥£¤,0.75,0.75,0.8,Satisfied
Case 143,2,¡¢,¥£¤,¥£¤,1.0,1.0,0.8,Satisfied
Case 1432,2,¡¢,¥£¤,¥£¤,1.0,1.0,0.8,Satisfied
Case 1433,2,¡¢,¥£¤,¥£¤,1.0,1.0,0.8,Satisfied
Case 144,2,¡¢,¥£¤,¥£¤,1.0,1.0,0.8,Satisfied
Case 1441,2,¡¢,¥£¤,¥£¤,1.0,1.0,0.8,Satisfied
Case 1445,2,¡¢,¥£¤,¥£¤,1.0,1.0,0.8,Satisfied
Case 1449,2,¡¥,¢¥£¤,£¤,0.5,0.5,0.8,Satisfied
Case 145,2,¡¢,­¥£¤,¥£¤,0.75,0.75,0.8,Satisfied
Case 1450,2,¡¢,¥£¤,¥£¤,1.0,1.0,0.8,Satisfied
Case 1451,2,¡¢,­¥£¥£¤,¥£¤,0.5,0.75,0.8,Satisfied
Case 1457,2,¡¢,¥£¤,¥£¤,1.0,1.0,0.8,Satisfied
Case 1460,2,¡¢,¥¢¥£¤,¥£¤,0.6,0.75,0.8,Satisfied
Case 1464,2,¡¢,¥£¤,¥£¤,1.0,1.0,0.8,Satisfied
Case 1465,2,¡¢,¥£¤,¥£¤,1.0,1.0,0.8,Satisfied
Case 1466,2,¡¢,¥£¤,¥£¤,1.0,1.0,0.8,Satisfied
Case 147,2,¡¢,¥£¤,¥£¤,1.0,1.0,0.8,Satisfied
Case 1471,2,¡¢,­¥£¤,¥£¤,0.75,0.75,0.8,Satisfied
Case 1478,2,¡¡,¢¥¢¥£¤,¢£¤,0.5,0.75,0.8,Satisfied
Case 1484,2,¡¢,¥£¤,¥£¤,1.0,1.0,0.8,Satisfied
Case 1487,2,¡¢,¥£¤,¥£¤,1.0,1.0,0.8,Satisfied
Case 1495,2,¡¢,­­¥£¤,¥£¤,0.6,0.75,0.8,Satisfied
Case 15,2,¡¡,¢¥£¤,¢£¤,0.75,0.75,0.8,Satisfied
Case 1500,2,¡¥,£¥£¤,£¤,0.5,0.6666666666666666,0.8,Satisfied
Case 1501,2,¢¥,£¥£¤,£¤,0.5,0.6666666666666666,0.8,Satisfied
Case 1506,2,¡¥,¥¢£¥£¤,£¤,0.33333333333333337,0.5,0.8,Satisfied
Case 1507,2,¡¢,¥£¤,¥£¤,1.0,1.0,0.8,Satisfied
Case 1509,2,¡¢,¥£¤,¥£¤,1.0,1.0,0.8,Satisfied
Case 1510,2,¡¢,¥£¤,¥£¤,1.0,1.0,0.8,Satisfied
Case 1519,2,¡¥,£¥£¤,£¤,0.5,0.6666666666666666,0.8,Satisfied
Case 1535,2,¡¡,¡¥£¤,¢£¤,0.5,0.4,0.8,Satisfied
Case 154,2,¡¢,¥£¤,¥£¤,1.0,1.0,0.8,Satisfied
Case 1543,2,¡¢,¥£¤,¥£¤,1.0,1.0,0.8,Satisfied
Case 1553,2,¡¢,¥£¤,¥£¤,1.0,1.0,0.8,Satisfied
Case 156,2,¡¢,¥£¤,¥£¤,1.0,1.0,0.8,Satisfied
Case 1562,2,¡¢,¥£¤,¥£¤,1.0,1.0,0.8,Satisfied
Case 1570,2,¡¢,¥£¤,¥£¤,1.0,1.0,0.8,Satisfied
Case 1571,2,¡¢,¥¥¥¥¥,¥£¤,0.19999999999999996,0.33333333333333326,0.8,Satisfied
Case 1574,2,¡¢,¥£¤,¥£¤,1.0,1.0,0.8,Satisfied
Case 1577,2,§¡,¡¢¥£¤,¢¥£¤,0.8,0.8,0.8,Satisfied
Case 1580,2,¡¢,¥£¤,¥£¤,1.0,1.0,0.8,Satisfied
Case 1587,2,¡¢,¥£¤,¥£¤,1.0,1.0,0.8,Satisfied
Case 1603,2,¡¥,£¥£¤,£¤,0.5,0.6666666666666666,0.8,Satisfied
Case 1604,2,¡¢,¥£¤,¥£¤,1.0,1.0,0.8,Satisfied
Case 1605,2,¡¢,¢¥£¤,¥£¤,0.75,0.75,0.8,Satisfied
Case 1609,2,¡¢,¥£¤,¥£¤,1.0,1.0,0.8,Satisfied
Case 1610,2,¡¢,¥£¤,¥£¤,1.0,1.0,0.8,Satisfied
Case 1615,2,¡¢,¥£¤,¥£¤,1.0,1.0,0.8,Satisfied
Case 1650,2,¡¦,¦¬¬­¥£¤,¥£¤,0.4285714285714286,0.5,0.8,Satisfied
Case 1655,2,¡¢,¥£¤,¥£¤,1.0,1.0,0.8,Satisfied
Case 1658,2,¡¢,­¥£¤,¥£¤,0.75,0.75,0.8,Satisfied
Case 1663,2,¡¥,£¤,£¤,1.0,1.0,0.8,Satisfied
Case 1664,2,¢¥,£¤,£¤,1.0,1.0,0.8,Satisfied
Case 1671,2,¡¢,¥£¤,¥£¤,1.0,1.0,0.8,Satisfied
Case 1674,2,¡¢,¥£¤,¥£¤,1.0,1.0,0.8,Satisfied
Case 1675,2,¡¢,¥£¤,¥£¤,1.0,1.0,0.8,Satisfied
Case 1679,2,¡¢,¥£¤,¥£¤,1.0,1.0,0.8,Satisfied
Case 1681,2,¡¢,¥£¤,¥£¤,1.0,1.0,0.8,Satisfied
Case 1682,2,¡¢,¥£¤,¥£¤,1.0,1.0,0.8,Satisfied
Case 169,2,¡¥,£¤,£¤,1.0,1.0,0.8,Satisfied
Case 1691,2,§¡,¢¥£¤,¢¥£¤,1.0,1.0,0.8,Satisfied
Case 1697,2,¡¢,¥£¤,¥£¤,1.0,1.0,0.8,Satisfied
Case 1704,2,¡¢,¥£¤,¥£¤,1.0,1.0,0.8,Satisfied
Case 1709,2,¡¢,¥£¤,¥£¤,1.0,1.0,0.8,Satisfied
Case 1711,2,¡¢,¥£¤,¥£¤,1.0,1.0,0.8,Satisfied
Case 1718,2,¡¢,¥£¤,¥£¤,1.0,1.0,0.8,Satisfied
Case 1723,2,¡¢,¥£¤,¥£¤,1.0,1.0,0.8,Satisfied
Case 1730,2,¡¢,¥£¤,¥£¤,1.0,1.0,0.8,Satisfied
Case 1735,2,¡­,¥£¥£¤,¥£¤,0.6,1.0,0.8,Satisfied
Case 1746,2,¡¢,¥£¤,¥£¤,1.0,1.0,0.8,Satisfied
Case 1754,2,¡¢,¥£¤,¥£¤,1.0,1.0,0.8,Satisfied
Case 1760,2,¡¢,¥£¢¥¢£¤,¥£¤,0.4285714285714286,0.75,0.8,Satisfied
Case 1761,2,¡¢,¥£¤,¥£¤,1.0,1.0,0.8,Satisfied
Case 1764,2,¡­,¥£¥£¤,¥£¤,0.6,1.0,0.8,Satisfied
Case 1771,2,¡¢,¥£¤,¥£¤,1.0,1.0,0.8,Satisfied
Case 1772,2,¡¢,¥£¤,¥£¤,1.0,1.0,0.8,Satisfied
Case 1776,2,¡¢,¥£¤,¥£¤,1.0,1.0,0.8,Satisfied
Case 1777,2,¡¢,¥£¤,¥£¤,1.0,1.0,0.8,Satisfied
Case 1787,2,¡¢,¥¥£¥£¤,¥£¤,0.5,1.0,0.8,Satisfied
Case 1788,2,¡¢,¥£¤,¥£¤,1.0,1.0,0.8,Satisfied
Case 1791,2,¡¢,¥£¤,¥£¤,1.0,1.0,0.8,Satisfied
Case 1792,2,¡¢,¥£¤,¥£¤,1.0,1.0,0.8,Satisfied
Case 1795,2,¡¢,¥£¤,¥£¤,1.0,1.0,0.8,Satisfied
Case 1799,2,¡¢,­¥£¤,¥£¤,0.75,0.75,0.8,Satisfied
Case 18,2,¡¢,¥£¥£¤,¥£¤,0.6,1.0,0.8,Satisfied
Case 1812,2,¡¢,¥£¤,¥£¤,1.0,1.0,0.8,Satisfied
Case 1813,2,¡¢,¥£¤,¥£¤,1.0,1.0,0.8,Satisfied
Case 1814,2,¡¢,¥£¤,¥£¤,1.0,1.0,0.8,Satisfied
Case 1815,2,¡¢,¥£¤,¥£¤,1.0,1.0,0.8,Satisfied
Case 1817,2,¡¢,¥£¤,¥£¤,1.0,1.0,0.8,Satisfied
Case 1823,2,¡¢,¥£¤,¥£¤,1.0,1.0,0.8,Satisfied
Case 1826,2,¡¢,¥£¤,¥£¤,1.0,1.0,0.8,Satisfied
Case 1828,2,¡¢,¥£¤,¥£¤,1.0,1.0,0.8,Satisfied
Case 1831,2,¡¢,¥£¤,¥£¤,1.0,1.0,0.8,Satisfied
Case 184,2,¡¢,¢¥£¤,¥£¤,0.75,0.75,0.8,Satisfied
Case 1843,2,¡¡,¥£¤,¢£¤,0.6666666666666667,0.5,0.8,Satisfied
Case 1848,2,¡¢,¥£¤,¥£¤,1.0,1.0,0.8,Satisfied
Case 1858,2,¡¥,£¤,£¤,1.0,1.0,0.8,Satisfied
Case 1860,2,¡¢,¥£¤,¥£¤,1.0,1.0,0.8,Satisfied
Case 1868,2,¡¢,¥£¤,¥£¤,1.0,1.0,0.8,Satisfied
Case 1869,2,¡¢,¥£¤,¥£¤,1.0,1.0,0.8,Satisfied
Case 1874,2,§¡,¢¥£¤,¢¥£¤,1.0,1.0,0.8,Satisfied
Case 1882,2,¡¢,¥£¤,¥£¤,1.0,1.0,0.8,Satisfied
Case 1884,2,¡¢,¥£¤,¥£¤,1.0,1.0,0.8,Satisfied
Case 1887,2,¡¢,¥£¤,¥£¤,1.0,1.0,0.8,Satisfied
Case 1892,2,¡¢,¥£¤,¥£¤,1.0,1.0,0.8,Satisfied
Case 1894,2,¡¢,¥£¤,¥£¤,1.0,1.0,0.8,Satisfied
Case 1900,2,¡¢,¥£¤,¥£¤,1.0,1.0,0.8,Satisfied
Case 1901,2,¡¢,¥£¤,¥£¤,1.0,1.0,0.8,Satisfied
Case 1903,2,¡¢,¥£¤,¥£¤,1.0,1.0,0.8,Satisfied
Case 191,2,¡¡,¢¥£¤,¢£¤,0.75,0.75,0.8,Satisfied
Case 1915,2,¡¢,¥£¤,¥£¤,1.0,1.0,0.8,Satisfied
Case 1916,2,¡¢,¥£¤,¥£¤,1.0,1.0,0.8,Satisfied
Case 1918,2,¡¥,£¤,£¤,1.0,1.0,0.8,Satisfied
Case 192,2,¡¡,¢¥£¤¢¥£¤,¢£¤,0.375,0.75,0.8,Satisfied
Case 1924,2,¡¢,¥£¤,¥£¤,1.0,1.0,0.8,Satisfied
Case 193,2,¡¢,¥£¤,¥£¤,1.0,1.0,0.8,Satisfied
Case 1946,2,¡¢,¥£¤,¥£¤,1.0,1.0,0.8,Satisfied
Case 1961,2,¡¢,¥£¤,¥£¤,1.0,1.0,0.8,Satisfied
Case 1968,2,¡¢,¥£¤,¥£¤,1.0,1.0,0.8,Satisfied
Case 1975,2,¡¢,¥£¤,¥£¤,1.0,1.0,0.8,Satisfied
Case 1978,2,¡¥,¢¥£¤,£¤,0.5,0.5,0.8,Satisfied
Case 1980,2,¡¢,¥£¤,¥£¤,1.0,1.0,0.8,Satisfied
Case 1987,2,¡¥,£¤,£¤,1.0,1.0,0.8,Satisfied
Case 20,2,¡¢,¥£¤,¥£¤,1.0,1.0,0.8,Satisfied
Case 2007,2,¡¢,­¥£¥£¤,¥£¤,0.5,0.75,0.8,Satisfied
Case 2013,2,¡¢,¥£¤,¥£¤,1.0,1.0,0.8,Satisfied
Case 202,2,¡¢,¥£¤,¥£¤,1.0,1.0,0.8,Satisfied
Case 2021,2,¡¢,¥£¤,¥£¤,1.0,1.0,0.8,Satisfied
Case 2022,2,¡¡,¡¥£¤,¢£¤,0.5,0.4,0.8,Satisfied
Case 2035,2,¡¢,¦­¥£¤,¥£¤,0.6,0.6,0.8,Satisfied
Case 2037,2,¡¥,£¤,£¤,1.0,1.0,0.8,Satisfied
Case 2050,2,¡¢,¥£¤,¥£¤,1.0,1.0,0.8,Satisfied
Case 2059,2,¡¢,¥£¤,¥£¤,1.0,1.0,0.8,Satisfied
Case 2062,2,¡¢,¥£¤,¥£¤,1.0,1.0,0.8,Satisfied
Case 2068,2,¡¢,¥£¤,¥£¤,1.0,1.0,0.8,Satisfied
Case 2074,2,¡¢,¥£¤,¥£¤,1.0,1.0,0.8,Satisfied
Case 2081,2,¡¢,­¥£¤,¥£¤,0.75,0.75,0.8,Satisfied
Case 2083,2,¡¢,¥£¤,¥£¤,1.0,1.0,0.8,Satisfied
Case 2092,2,¡¢,¥£¤,¥£¤,1.0,1.0,0.8,Satisfied
Case 2093,2,¡¢,¥£¤,¥£¤,1.0,1.0,0.8,Satisfied
Case 2097,2,¡¢,¥£¤,¥£¤,1.0,1.0,0.8,Satisfied
Case 210,2,¡¢,¥£¤,¥£¤,1.0,1.0,0.8,Satisfied
Case 2103,2,¡¢,¥£¤,¥£¤,1.0,1.0,0.8,Satisfied
Case 2104,2,¡¢,­¥£¤,¥£¤,0.75,0.75,0.8,Satisfied
Case 2105,2,¡¢,¥£¤,¥£¤,1.0,1.0,0.8,Satisfied
Case 2108,2,¡¢,¥£¤,¥£¤,1.0,1.0,0.8,Satisfied
Case 211,2,¡¥,£¤,£¤,1.0,1.0,0.8,Satisfied
Case 2112,2,¡¢,¥£¤,¥£¤,1.0,1.0,0.8,Satisfied
Case 2117,2,¡¥,¥£¢¥£¥£¤,£¤,0.25,0.5,0.8,Satisfied
Case 2121,2,¡¢,¥£¤,¥£¤,1.0,1.0,0.8,Satisfied
Case 2123,2,¡¡,¢¥£¥£¤,¢£¤,0.5,0.75,0.8,Satisfied
Case 2125,2,¡¢,¥­,¥£¤,0.33333333333333337,0.25,0.8,Satisfied
Case 2126,2,¡¢,¥£¤,¥£¤,1.0,1.0,0.8,Satisfied
Case 2134,2,¡¥,¢£¤,£¤,0.6666666666666667,0.6666666666666666,0.8,Satisfied
Case 2141,2,¡¢,¥£¤,¥£¤,1.0,1.0,0.8,Satisfied
Case 2142,2,¡¢,¥£¤,¥£¤,1.0,1.0,0.8,Satisfied
Case 2143,2,¡¢,­¥£¤,¥£¤,0.75,0.75,0.8,Satisfied
Case 2152,2,¡¢,¥£¤,¥£¤,1.0,1.0,0.8,Satisfied
Case 2156,2,¡¢,¥£¤,¥£¤,1.0,1.0,0.8,Satisfied
Case 2157,2,¡¥,£¥£¤,£¤,0.5,0.6666666666666666,0.8,Satisfied
Case 2163,2,¡¢,¥£¤,¥£¤,1.0,1.0,0.8,Satisfied
Case 2167,2,¡¢,¥£¤,¥£¤,1.0,1.0,0.8,Satisfied
Case 2168,2,¡¢,¥¥£¤,¥£¤,0.75,1.0,0.8,Satisfied
Case 2172,2,¡¢,¥£¤,¥£¤,1.0,1.0,0.8,Satisfied
Case 2176,2,¡¢,¥£¤,¥£¤,1.0,1.0,0.8,Satisfied
Case 2177,2,¡¥,¥£¤,£¤,0.6666666666666667,0.6666666666666666,0.8,Satisfied
Case 2183,2,¡¢,¥£¤,¥£¤,1.0,1.0,0.8,Satisfied
Case 2187,2,¡¢,¥£¤,¥£¤,1.0,1.0,0.8,Satisfied
Case 2191,2,¡¢,¥£¤,¥£¤,1.0,1.0,0.8,Satisfied
Case 2197,2,¡¢,¥£¤,¥£¤,1.0,1.0,0.8,Satisfied
Case 2201,2,¡¢,¥£¤,¥£¤,1.0,1.0,0.8,Satisfied
Case 2203,2,¡¢,¥£¤,¥£¤,1.0,1.0,0.8,Satisfied
Case 2210,2,¡¢,¥£¤,¥£¤,1.0,1.0,0.8,Satisfied
Case 2211,2,¡¢,¥£¤,¥£¤,1.0,1.0,0.8,Satisfied
Case 2215,2,¡¢,¥£¤,¥£¤,1.0,1.0,0.8,Satisfied
Case 2219,2,¡¢,¥¢£¤,¥£¤,0.75,0.75,0.8,Satisfied
Case 2220,2,¡¢,¥£¤,¥£¤,1.0,1.0,0.8,Satisfied
Case 2227,2,¡¥,£¥£¤,£¤,0.5,0.6666666666666666,0.8,Satisfied
Case 2228,2,¡¢,¥£¤,¥£¤,1.0,1.0,0.8,Satisfied
Case 2229,2,¡¥,£¤,£¤,1.0,1.0,0.8,Satisfied
Case 2232,2,¡¥,£¤,£¤,1.0,1.0,0.8,Satisfied
Case 2236,2,¡¢,¥£¤,¥£¤,1.0,1.0,0.8,Satisfied
Case 2239,2,¡¢,¥£¥£¢¥£¤,¥£¤,0.375,0.75,0.8,Satisfied
Case 2245,2,¡¢,¥£¤,¥£¤,1.0,1.0,0.8,Satisfied
Case 2253,2,¢¥,£¤,£¤,1.0,1.0,0.8,Satisfied
Case 2256,2,¡¥,£¤,£¤,1.0,1.0,0.8,Satisfied
Case 2267,2,¡¢,¥£¤,¥£¤,1.0,1.0,0.8,Satisfied
Case 2268,2,¡¢,¥£¤,¥£¤,1.0,1.0,0.8,Satisfied
Case 2279,2,¡¢,¥£¤,¥£¤,1.0,1.0,0.8,Satisfied
Case 2285,2,¡¥,¢¥£¤,£¤,0.5,0.5,0.8,Satisfied
Case 2290,2,¡¢,¥£¤,¥£¤,1.0,1.0,0.8,Satisfied
Case 2296,2,¡¢,¥£¤,¥£¤,1.0,1.0,0.8,Satisfied
Case 23,2,¡¢,¥£¤,¥£¤,1.0,1.0,0.8,Satisfied
Case 230,2,¡¡,¢¥£¤,¢£¤,0.75,0.75,0.8,Satisfied
Case 2300,2,¡¢,­­¦­,¥£¤,0.0,0.0,0.8,Satisfied
Case 2302,2,¡¢,¥£¤,¥£¤,1.0,1.0,0.8,Satisfied
Case 2308,2,¡¢,¥£¤,¥£¤,1.0,1.0,0.8,Satisfied
Case 2315,2,¡¢,¥£¤,¥£¤,1.0,1.0,0.8,Satisfied
Case 232,2,¡¢,¥¥£¥£¤,¥£¤,0.5,1.0,0.8,Satisfied
Case 2322,2,¡¢,¥£¤,¥£¤,1.0,1.0,0.8,Satisfied
Case 2328,2,¡¢,¥£¤,¥£¤,1.0,1.0,0.8,Satisfied
Case 233,2,¡¢,¥£¤,¥£¤,1.0,1.0,0.8,Satisfied
Case 2330,2,¡¢,¥£¤,¥£¤,1.0,1.0,0.8,Satisfied
Case 2335,2,¡¢,¥£¤,¥£¤,1.0,1.0,0.8,Satisfied
Case 2342,2,¡¢,¥¥£¤,¥£¤,0.75,1.0,0.8,Satisfied
Case 2346,2,§¡,¢¥£¤,¢¥£¤,1.0,1.0,0.8,Satisfied
Case 2348,2,¡¢,¥£¤,¥£¤,1.0,1.0,0.8,Satisfied
Case 235,2,§¡,¢¥£¤,¢¥£¤,1.0,1.0,0.8,Satisfied
Case 2356,2,¡¢,¥¥£¤,¥£¤,0.75,1.0,0.8,Satisfied
Case 2362,2,¢¥,£¤,£¤,1.0,1.0,0.8,Satisfied
Case 2367,2,¡¢,¥£¤,¥£¤,1.0,1.0,0.8,Satisfied
Case 2368,2,¡¢,¥£¥£¥£­¢¥£¤,¥£¤,0.2727272727272727,0.6,0.8,Satisfied
Case 237,2,¡¢,­¥£¤,¥£¤,0.75,0.75,0.8,Satisfied
Case 2374,2,¡¢,¥£¤,¥£¤,1.0,1.0,0.8,Satisfied
Case 2375,2,¡¡,¡¢¥£¤,¢£¤,0.6,0.6,0.8,Satisfied
Case 2380,2,¡¢,¥¢£¤,¥£¤,0.75,0.75,0.8,Satisfied
Case 2381,2,¡¡,¡¥£¥£¤,¢£¤,0.33333333333333337,0.4,0.8,Satisfied
Case 2390,2,¡¢,¥£¤,¥£¤,1.0,1.0,0.8,Satisfied
Case 2391,2,¡¢,¥£¤,¥£¤,1.0,1.0,0.8,Satisfied
Case 2398,2,¡¢,¥£¤,¥£¤,1.0,1.0,0.8,Satisfied
Case 2399,2,¡¢,¢¥£¤,¥£¤,0.75,0.75,0.8,Satisfied
Case 2403,2,¡¢,¥£¤,¥£¤,1.0,1.0,0.8,Satisfied
Case 2415,2,¡¢,¥£¤,¥£¤,1.0,1.0,0.8,Satisfied
Case 2417,2,¡¢,¥­£¤,¥£¤,0.75,0.75,0.8,Satisfied
Case 242,2,¡¢,¥£¤,¥£¤,1.0,1.0,0.8,Satisfied
Case 2431,2,¡¢,¥£¤,¥£¤,1.0,1.0,0.8,Satisfied
Case 2432,2,¡¢,¥£¤,¥£¤,1.0,1.0,0.8,Satisfied
Case 2436,2,¡¥,£¤¢,£¤,0.6666666666666667,0.6666666666666666,0.8,Satisfied
Case 2447,2,¡¢,¢¥£¤,¥£¤,0.75,0.75,0.8,Satisfied
Case 2448,2,¡¢,¥£¤,¥£¤,1.0,1.0,0.8,Satisfied
Case 2451,2,¡¢,¦­­¥£,¥£¤,0.19999999999999996,0.4,0.8,Satisfied
Case 2452,2,¡¢,¥£¤,¥£¤,1.0,1.0,0.8,Satisfied
Case 2455,2,¡¢,¥£¤,¥£¤,1.0,1.0,0.8,Satisfied
Case 2458,2,¡¢,¥£¤,¥£¤,1.0,1.0,0.8,Satisfied
Case 2465,2,¡¢,¥£¤,¥£¤,1.0,1.0,0.8,Satisfied
Case 2466,2,¡¢,­­¥£¤,¥£¤,0.6,0.75,0.8,Satisfied
Case 247,2,§¢,¥£¤,¥£¤,1.0,1.0,0.8,Satisfied
Case 2473,2,¡¢,¥¢¥£¤,¥£¤,0.6,0.75,0.8,Satisfied
Case 2474,2,¡¢,¥£¤,¥£¤,1.0,1.0,0.8,Satisfied
Case 2476,2,¡¢,­¥£¤,¥£¤,0.75,0.75,0.8,Satisfied
Case 2481,2,¡¢,­¥£¤,¥£¤,0.75,0.75,0.8,Satisfied
Case 2490,2,¡¡,¢¥£¤,¢£¤,0.75,0.75,0.8,Satisfied
Case 2492,2,¡¢,¥£¤,¥£¤,1.0,1.0,0.8,Satisfied
Case 2498,2,¡¢,¥£¤,¥£¤,1.0,1.0,0.8,Satisfied
Case 2499,2,¡¢,¥£¤,¥£¤,1.0,1.0,0.8,Satisfied
Case 2504,2,¡¢,¥£¤,¥£¤,1.0,1.0,0.8,Satisfied
Case 2508,2,¡¢,¥£¤,¥£¤,1.0,1.0,0.8,Satisfied
Case 2512,2,¡¢,¥£¥£¤,¥£¤,0.6,1.0,0.8,Satisfied
Case 2514,2,¡¢,¥¥£¤,¥£¤,0.75,1.0,0.8,Satisfied
Case 2522,2,¡¢,¥£¥£¤,¥£¤,0.6,1.0,0.8,Satisfied
Case 253,2,¡¢,¥£¤,¥£¤,1.0,1.0,0.8,Satisfied
Case 2530,2,¡¢,¥£¤,¥£¤,1.0,1.0,0.8,Satisfied
Case 2534,2,¡¢,¥£¤,¥£¤,1.0,1.0,0.8,Satisfied
Case 2541,2,¢¥,£¤,£¤,1.0,1.0,0.8,Satisfied
Case 2550,2,¡¢,¥¥£¥£¤,¥£¤,0.5,1.0,0.8,Satisfied
Case 2555,2,¡¢,¥£¤,¥£¤,1.0,1.0,0.8,Satisfied
Case 2558,2,¡¢,¥£¤,¥£¤,1.0,1.0,0.8,Satisfied
Case 2569,2,¡¢,¥£¤,¥£¤,1.0,1.0,0.8,Satisfied
Case 2571,2,¡¢,¥£¤,¥£¤,1.0,1.0,0.8,Satisfied
Case 2577,2,¡¢,¥£¤,¥£¤,1.0,1.0,0.8,Satisfied
Case 2581,2,¡¡,¢¥£¤,¢£¤,0.75,0.75,0.8,Satisfied
Case 2585,2,¡¢,¥£¤,¥£¤,1.0,1.0,0.8,Satisfied
Case 2591,2,¡¢,¥£¤,¥£¤,1.0,1.0,0.8,Satisfied
Case 2593,2,¡­,¥£¤,¥£¤,1.0,1.0,0.8,Satisfied
Case 2596,2,¡¢,¥£¤,¥£¤,1.0,1.0,0.8,Satisfied
Case 2598,2,¡¢,¥£¤,¥£¤,1.0,1.0,0.8,Satisfied
Case 2599,2,¡¢,¥£¤,¥£¤,1.0,1.0,0.8,Satisfied
Case 2603,2,¡¢,¥£¤,¥£¤,1.0,1.0,0.8,Satisfied
Case 2607,2,¡¢,¥£¤,¥£¤,1.0,1.0,0.8,Satisfied
Case 2609,2,¡¢,¥£¤,¥£¤,1.0,1.0,0.8,Satisfied
Case 261,2,¡¢,¥£¤,¥£¤,1.0,1.0,0.8,Satisfied
Case 2611,2,¡¢,¥£¤,¥£¤,1.0,1.0,0.8,Satisfied
Case 2613,2,¡¢,¥¥¥£¥£¤,¥£¤,0.4285714285714286,1.0,0.8,Satisfied
Case 2614,2,¡¢,¥£¤,¥£¤,1.0,1.0,0.8,Satisfied
Case 2616,2,¡¥,£¤,£¤,1.0,1.0,0.8,Satisfied
Case 262,2,¡¢,¥£¥£¤,¥£¤,0.6,1.0,0.8,Satisfied
Case 2620,2,¡¢,­¥£¤,¥£¤,0.75,0.75,0.8,Satisfied
Case 2622,2,¢¥,£¤,£¤,1.0,1.0,0.8,Satisfied
Case 2625,2,¡¢,¥£¤,¥£¤,1.0,1.0,0.8,Satisfied
Case 2631,2,¡¢,¥£¤,¥£¤,1.0,1.0,0.8,Satisfied
Case 2634,2,¡¢,¥£¤,¥£¤,1.0,1.0,0.8,Satisfied
Case 2643,2,¡¥,£¤,£¤,1.0,1.0,0.8,Satisfied
Case 265,2,¡¢,¥£¤,¥£¤,1.0,1.0,0.8,Satisfied
Case 2659,2,¡¢,¥¥¢£¤,¥£¤,0.6,0.75,0.8,Satisfied
Case 2665,2,¡¢,¥£¤,¥£¤,1.0,1.0,0.8,Satisfied
Case 2666,2,¡¡,¢¥¥£¤,¢£¤,0.6,0.75,0.8,Satisfied
Case 2667,2,¡¢,¥¥£¢¥£¤,¥£¤,0.4285714285714286,0.75,0.8,Satisfied
Case 2668,2,¡¡,¢­¥£¤,¢£¤,0.6,0.6,0.8,Satisfied
Case 2674,2,¡¢,¥¢£¤,¥£¤,0.75,0.75,0.8,Satisfied
Case 2676,2,¡¢,¥£¤,¥£¤,1.0,1.0,0.8,Satisfied
Case 2681,2,¡¢,¥£¤,¥£¤,1.0,1.0,0.8,Satisfied
Case 2686,2,¢¥,£¤,£¤,1.0,1.0,0.8,Satisfied
Case 2700,2,¡¢,¥£¤,¥£¤,1.0,1.0,0.8,Satisfied
Case 2713,2,¡¢,¥£¤,¥£¤,1.0,1.0,0.8,Satisfied
Case 2714,2,¡¢,¥£¤,¥£¤,1.0,1.0,0.8,Satisfied
Case 2716,2,¡¢,¥£¤,¥£¤,1.0,1.0,0.8,Satisfied
Case 2720,2,¡¢,­¥£¤,¥£¤,0.75,0.75,0.8,Satisfied
Case 2721,2,¡¢,¥£¤,¥£¤,1.0,1.0,0.8,Satisfied
Case 2734,2,¡¢,¥£¤,¥£¤,1.0,1.0,0.8,Satisfied
Case 2741,2,¡¢,¥£¤,¥£¤,1.0,1.0,0.8,Satisfied
Case 2765,2,¡¢,¥¥£¤,¥£¤,0.75,1.0,0.8,Satisfied
Case 2770,2,¡¢,¥£¤,¥£¤,1.0,1.0,0.8,Satisfied
Case 2774,2,¡¥,£¥£¢¥£¤,£¤,0.2857142857142857,0.5,0.8,Satisfied
Case 2776,2,¢¥,¢¥£¤,£¤,0.5,0.5,0.8,Satisfied
Case 2777,2,¡¢,¥£¤,¥£¤,1.0,1.0,0.8,Satisfied
Case 2788,2,¡¢,¥£¤,¥£¤,1.0,1.0,0.8,Satisfied
Case 2789,2,¡¢,¥£¤,¥£¤,1.0,1.0,0.8,Satisfied
Case 2791,2,¡¢,¥£¤,¥£¤,1.0,1.0,0.8,Satisfied
Case 2797,2,¢¥,£¤,£¤,1.0,1.0,0.8,Satisfied
Case 28,2,¡¢,¦­­¥£,¥£¤,0.19999999999999996,0.4,0.8,Satisfied
Case 2814,2,¡¢,¥£¤,¥£¤,1.0,1.0,0.8,Satisfied
Case 282,2,¡¢,¥£¤,¥£¤,1.0,1.0,0.8,Satisfied
Case 2826,2,¡¢,¥£¤,¥£¤,1.0,1.0,0.8,Satisfied
Case 2834,2,¡¢,¥£¤,¥£¤,1.0,1.0,0.8,Satisfied
Case 2839,2,¡¢,¥£¤,¥£¤,1.0,1.0,0.8,Satisfied
Case 2847,2,¡¢,¥£¤,¥£¤,1.0,1.0,0.8,Satisfied
Case 2848,2,¡¢,¥£¤,¥£¤,1.0,1.0,0.8,Satisfied
Case 2849,2,¡¥,£¥£¤,£¤,0.5,0.6666666666666666,0.8,Satisfied
Case 2851,2,¡¢,¥£¤,¥£¤,1.0,1.0,0.8,Satisfied
Case 2854,2,¡¢,¥£¤,¥£¤,1.0,1.0,0.8,Satisfied
Case 286,2,¡¢,¥£¤,¥£¤,1.0,1.0,0.8,Satisfied
Case 2860,2,¡¢,¥£¤,¥£¤,1.0,1.0,0.8,Satisfied
Case 2866,2,¡¢,¥£¤,¥£¤,1.0,1.0,0.8,Satisfied
Case 2873,2,¡¢,¥£¤,¥£¤,1.0,1.0,0.8,Satisfied
Case 2875,2,¡¢,¥£¤,¥£¤,1.0,1.0,0.8,Satisfied
Case 2881,2,¡­,­¥£¤,¥£¤,0.75,0.75,0.8,Satisfied
Case 2891,2,¡¢,¥£¤,¥£¤,1.0,1.0,0.8,Satisfied
Case 2897,2,¡¢,­¢¥£¤,¥£¤,0.6,0.6,0.8,Satisfied
Case 2905,2,¡¢,¥£¤,¥£¤,1.0,1.0,0.8,Satisfied
Case 2908,2,¡¢,¥£¤,¥£¤,1.0,1.0,0.8,Satisfied
Case 2910,2,¡¢,¥£¤,¥£¤,1.0,1.0,0.8,Satisfied
Case 2918,2,¡¢,­¢¥£¤,¥£¤,0.6,0.6,0.8,Satisfied
Case 292,2,¡¢,¥£¤,¥£¤,1.0,1.0,0.8,Satisfied
Case 2931,2,¡¢,¥­£¥£¤,¥£¤,0.5,0.75,0.8,Satisfied
Case 2932,2,¡¢,¥£¤,¥£¤,1.0,1.0,0.8,Satisfied
Case 2934,2,¡¢,¥£¤,¥£¤,1.0,1.0,0.8,Satisfied
Case 2949,2,¡¢,¥£¤,¥£¤,1.0,1.0,0.8,Satisfied
Case 2956,2,¡¥,£¤,£¤,1.0,1.0,0.8,Satisfied
Case 296,2,¡¢,¥£¤,¥£¤,1.0,1.0,0.8,Satisfied
Case 2962,2,¡¢,¥£¤,¥£¤,1.0,1.0,0.8,Satisfied
Case 2964,2,¡¢,¥£¤,¥£¤,1.0,1.0,0.8,Satisfied
Case 2966,2,¡¢,¥£¤,¥£¤,1.0,1.0,0.8,Satisfied
Case 2968,2,¡¢,¥£¤,¥£¤,1.0,1.0,0.8,Satisfied
Case 2970,2,¡¢,­¥£¤,¥£¤,0.75,0.75,0.8,Satisfied
Case 2971,2,¡¢,¥£¤,¥£¤,1.0,1.0,0.8,Satisfied
Case 2975,2,¡¥,¡¢¥¥¢£¤,£¤,0.2857142857142857,0.4,0.8,Satisfied
Case 2981,2,¡¡,¢­­¥£¤,¢£¤,0.5,0.6,0.8,Satisfied
Case 2984,2,¡¢,¥£¥£¤,¥£¤,0.6,1.0,0.8,Satisfied
Case 2988,2,¡¥,£¥£¤,£¤,0.5,0.6666666666666666,0.8,Satisfied
Case 299,2,¡¢,¥£¤,¥£¤,1.0,1.0,0.8,Satisfied
Case 2992,2,¡¢,¥£¤,¥£¤,1.0,1.0,0.8,Satisfied
Case 3002,2,¡¢,¥£¤,¥£¤,1.0,1.0,0.8,Satisfied
Case 3008,2,¡¢,¥£¤,¥£¤,1.0,1.0,0.8,Satisfied
Case 3009,2,¡¢,¥¢£¤,¥£¤,0.75,0.75,0.8,Satisfied
Case 3010,2,¡¢,¥£¤,¥£¤,1.0,1.0,0.8,Satisfied
Case 3013,2,¡¢,¢¥£¤,¥£¤,0.75,0.75,0.8,Satisfied
Case 3015,2,¡¢,­¥£¤,¥£¤,0.75,0.75,0.8,Satisfied
Case 3016,2,¡¡,¢¥£¤,¢£¤,0.75,0.75,0.8,Satisfied
Case 3021,2,¡¢,¥£¤,¥£¤,1.0,1.0,0.8,Satisfied
Case 3027,2,¡¢,¥£¤,¥£¤,1.0,1.0,0.8,Satisfied
Case 3034,2,¡¢,¥£¤,¥£¤,1.0,1.0,0.8,Satisfied
Case 3035,2,¡¢,¥£¤,¥£¤,1.0,1.0,0.8,Satisfied
Case 3037,2,¡¢,¥£¤,¥£¤,1.0,1.0,0.8,Satisfied
Case 3038,2,¡¢,¥¢¥£¤,¥£¤,0.6,0.75,0.8,Satisfied
Case 3043,2,¡¢,¥£¤,¥£¤,1.0,1.0,0.8,Satisfied
Case 3044,2,¡¢,¥£¤,¥£¤,1.0,1.0,0.8,Satisfied
Case 3046,2,¡¥,£¤,£¤,1.0,1.0,0.8,Satisfied
Case 3056,2,¡¢,¥£¤,¥£¤,1.0,1.0,0.8,Satisfied
Case 3058,2,¡¢,­¥£¥£¤,¥£¤,0.5,0.75,0.8,Satisfied
Case 3059,2,¡¢,­¥£¤,¥£¤,0.75,0.75,0.8,Satisfied
Case 3061,2,¡¢,­¥£¤,¥£¤,0.75,0.75,0.8,Satisfied
Case 3071,2,¡¢,¦­¥£¤,¥£¤,0.6,0.6,0.8,Satisfied
Case 3073,2,¡¢,¥£¤,¥£¤,1.0,1.0,0.8,Satisfied
Case 3077,2,¡­,¥£¤,¥£¤,1.0,1.0,0.8,Satisfied
Case 3078,2,¡¢,¥£¤,¥£¤,1.0,1.0,0.8,Satisfied
Case 308,2,¡¢,¥£¤,¥£¤,1.0,1.0,0.8,Satisfied
Case 3082,2,¡¡,¢¥£¤,¢£¤,0.75,0.75,0.8,Satisfied
Case 3083,2,¡¢,¥£¤,¥£¤,1.0,1.0,0.8,Satisfied
Case 3086,2,¡¢,¥£¤,¥£¤,1.0,1.0,0.8,Satisfied
Case 3095,2,¡¢,¥£¤,¥£¤,1.0,1.0,0.8,Satisfied
Case 31,2,¡¢,¦­¥£¤,¥£¤,0.6,0.6,0.8,Satisfied
Case 3103,2,¡¢,­¥£¤,¥£¤,0.75,0.75,0.8,Satisfied
Case 3112,2,¡¢,¥£¤,¥£¤,1.0,1.0,0.8,Satisfied
Case 3113,2,¡¢,¥¥¢¥£¤,¥£¤,0.5,0.75,0.8,Satisfied
Case 3118,2,¡¢,¥¥¦£¤,¥£¤,0.6,0.75,0.8,Satisfied
Case 3121,2,¡¢,¥£¡¢¥£¤,¥£¤,0.4285714285714286,0.6,0.8,Satisfied
Case 3126,2,¡¢,¥£¤,¥£¤,1.0,1.0,0.8,Satisfied
Case 3128,2,¡¢,¥£¤,¥£¤,1.0,1.0,0.8,Satisfied
Case 313,2,¡¢,¥­¥£¥£¤,¥£¤,0.4285714285714286,0.75,0.8,Satisfied
Case 3139,2,¡¢,­¢¥£¤,¥£¤,0.6,0.6,0.8,Satisfied
Case 3142,2,¡¢,¥£¤,¥£¤,1.0,1.0,0.8,Satisfied
Case 3145,2,¡¢,¥£¤,¥£¤,1.0,1.0,0.8,Satisfied
Case 3148,2,¢¥,£¤,£¤,1.0,1.0,0.8,Satisfied
Case 317,2,¡¢,­¥£¤,¥£¤,0.75,0.75,0.8,Satisfied
Case 3172,2,¡¢,¥£¤,¥£¤,1.0,1.0,0.8,Satisfied
Case 3176,2,¡¢,­¥£¤,¥£¤,0.75,0.75,0.8,Satisfied
Case 3180,2,¡¢,¥£¤,¥£¤,1.0,1.0,0.8,Satisfied
Case 3182,2,¡¢,¥£¤,¥£¤,1.0,1.0,0.8,Satisfied
Case 3184,2,¡¢,¥£¤,¥£¤,1.0,1.0,0.8,Satisfied
Case 3186,2,¡¢,¥£¤,¥£¤,1.0,1.0,0.8,Satisfied
Case 3188,2,¡¢,¥£¤,¥£¤,1.0,1.0,0.8,Satisfied
Case 3192,2,¡¢,¦¥£¤,¥£¤,0.75,0.75,0.8,Satisfied
Case 3212,2,¡¢,¥£¤,¥£¤,1.0,1.0,0.8,Satisfied
Case 3214,2,¡¢,¦¥£¤,¥£¤,0.75,0.75,0.8,Satisfied
Case 3222,2,¡¢,¥£¤,¥£¤,1.0,1.0,0.8,Satisfied
Case 3226,2,¡¥,£¤,£¤,1.0,1.0,0.8,Satisfied
Case 3229,2,¡¢,¥£¤,¥£¤,1.0,1.0,0.8,Satisfied
Case 323,2,¡¢,¥£¤,¥£¤,1.0,1.0,0.8,Satisfied
Case 3231,2,¡¢,¥£¤,¥£¤,1.0,1.0,0.8,Satisfied
Case 3233,2,¡¢,¥£¤,¥£¤,1.0,1.0,0.8,Satisfied
Case 3239,2,¡¥,£¤,£¤,1.0,1.0,0.8,Satisfied
Case 324,2,¢¥,£¤,£¤,1.0,1.0,0.8,Satisfied
Case 3240,2,¡¢,¥£¤,¥£¤,1.0,1.0,0.8,Satisfied
Case 3249,2,¡¢,­­¢¥£¥£¤,¥£¤,0.375,0.6,0.8,Satisfied
Case 3251,2,¡¢,¥£¤,¥£¤,1.0,1.0,0.8,Satisfied
Case 3253,2,¡¢,¥£¤,¥£¤,1.0,1.0,0.8,Satisfied
Case 3254,2,¡¢,¥,¥£¤,0.33333333333333337,0.33333333333333326,0.8,Satisfied
Case 326,2,¡¢,­­¥£¤,¥£¤,0.6,0.75,0.8,Satisfied
Case 3260,2,¡¢,¥£¤,¥£¤,1.0,1.0,0.8,Satisfied
Case 3262,2,¡¢,¥£¤,¥£¤,1.0,1.0,0.8,Satisfied
Case 3273,2,¡¢,¥£¤,¥£¤,1.0,1.0,0.8,Satisfied
Case 3276,2,¡¢,­¥£¤,¥£¤,0.75,0.75,0.8,Satisfied
Case 3288,2,¡¢,¥£¥£¤,¥£¤,0.6,1.0,0.8,Satisfied
Case 3289,2,¡¢,¥£¤,¥£¤,1.0,1.0,0.8,Satisfied
Case 3294,2,¡¢,¥¢£¤,¥£¤,0.75,0.75,0.8,Satisfied
Case 33,2,¡¢,¥£¤,¥£¤,1.0,1.0,0.8,Satisfied
Case 331,2,¡¢,­¥£¤,¥£¤,0.75,0.75,0.8,Satisfied
Case 3314,2,¡¢,¥£¤,¥£¤,1.0,1.0,0.8,Satisfied
Case 3315,2,¡¢,¥£¤,¥£¤,1.0,1.0,0.8,Satisfied
Case 332,2,¡¢,¥£¤,¥£¤,1.0,1.0,0.8,Satisfied
Case 3323,2,¡¢,¦­­¥£,¥£¤,0.19999999999999996,0.4,0.8,Satisfied
Case 3324,2,¡¢,¥£¤,¥£¤,1.0,1.0,0.8,Satisfied
Case 333,2,¡¢,¥£¤,¥£¤,1.0,1.0,0.8,Satisfied
Case 3331,2,¡¢,¥£¤,¥£¤,1.0,1.0,0.8,Satisfied
Case 3334,2,¡¢,¥£¤,¥£¤,1.0,1.0,0.8,Satisfied
Case 3336,2,¡¢,¥£¤,¥£¤,1.0,1.0,0.8,Satisfied
Case 3338,2,¡­,¥£¤,¥£¤,1.0,1.0,0.8,Satisfied
Case 3341,2,¡¢,¥£¤,¥£¤,1.0,1.0,0.8,Satisfied
Case 3344,2,¡¥,£¥£¢¥£¥£¤,£¤,0.2222222222222222,0.5,0.8,Satisfied
Case 3349,2,¡¢,¥£¤,¥£¤,1.0,1.0,0.8,Satisfied
Case 3351,2,¡¢,¥£¥£¤,¥£¤,0.6,1.0,0.8,Satisfied
Case 3357,2,¡¢,¥£¤,¥£¤,1.0,1.0,0.8,Satisfied
Case 3358,2,¡¢,­¥£¤,¥£¤,0.75,0.75,0.8,Satisfied
Case 3360,2,¡¢,¥£¤,¥£¤,1.0,1.0,0.8,Satisfied
Case 3362,2,¡¢,¥£¤,¥£¤,1.0,1.0,0.8,Satisfied
Case 337,2,¡¢,¥£¤,¥£¤,1.0,1.0,0.8,Satisfied
Case 3372,2,¡¢,¥£¤,¥£¤,1.0,1.0,0.8,Satisfied
Case 3373,2,¡¢,¥£¤,¥£¤,1.0,1.0,0.8,Satisfied
Case 3376,2,¡¢,¥£¤,¥£¤,1.0,1.0,0.8,Satisfied
Case 3382,2,¡¢,¥£¤,¥£¤,1.0,1.0,0.8,Satisfied
Case 3398,2,¡¢,¥£¤,¥£¤,1.0,1.0,0.8,Satisfied
Case 34,2,¡¢,¥¥£¤,¥£¤,0.75,1.0,0.8,Satisfied
Case 3403,2,¡¢,¥£¤,¥£¤,1.0,1.0,0.8,Satisfied
Case 3409,2,¡¢,¦¬¬­,¥£¤,0.0,0.0,0.8,Satisfied
Case 3413,2,¡¢,¥£¤,¥£¤,1.0,1.0,0.8,Satisfied
Case 3416,2,¡¥,£¤,£¤,1.0,1.0,0.8,Satisfied
Case 3418,2,¡¢,­¥£¤,¥£¤,0.75,0.75,0.8,Satisfied
Case 3419,2,¡¢,¥£¤,¥£¤,1.0,1.0,0.8,Satisfied
Case 3426,2,¡¢,¥£¤,¥£¤,1.0,1.0,0.8,Satisfied
Case 3428,2,¡¢,¥£¤,¥£¤,1.0,1.0,0.8,Satisfied
Case 343,2,¡¢,¥£¤,¥£¤,1.0,1.0,0.8,Satisfied
Case 3436,2,¡¢,¥¥¥¥£¤,¥£¤,0.5,1.0,0.8,Satisfied
Case 3439,2,¢¥,£¢¥¢¥£¤,£¤,0.2857142857142857,0.5,0.8,Satisfied
Case 3440,2,¡¢,¥£¤,¥£¤,1.0,1.0,0.8,Satisfied
Case 3442,2,¡¢,¥£¤,¥£¤,1.0,1.0,0.8,Satisfied
Case 3443,2,¡¢,­¥£,¥£¤,0.33333333333333337,0.5,0.8,Satisfied
Case 3444,2,¡¦,¦¬¬­¥£¤,¥£¤,0.4285714285714286,0.5,0.8,Satisfied
Case 3448,2,¡¢,¥£¤,¥£¤,1.0,1.0,0.8,Satisfied
Case 3449,2,¡¡,¢¥£¤,¢£¤,0.75,0.75,0.8,Satisfied
Case 345,2,¡¢,¥£¤,¥£¤,1.0,1.0,0.8,Satisfied
Case 3454,2,¡¢,¢¥£¤,¥£¤,0.75,0.75,0.8,Satisfied
Case 346,2,¡¥,¥£¤,£¤,0.6666666666666667,0.6666666666666666,0.8,Satisfied
Case 3462,2,¡¢,¥£¤,¥£¤,1.0,1.0,0.8,Satisfied
Case 3465,2,¡¢,¥£¤,¥£¤,1.0,1.0,0.8,Satisfied
Case 3475,2,¡¢,¥£¤,¥£¤,1.0,1.0,0.8,Satisfied
Case 348,2,¡¢,¥£¤,¥£¤,1.0,1.0,0.8,Satisfied
Case 349,2,¡¢,¥£¤,¥£¤,1.0,1.0,0.8,Satisfied
Case 3498,2,¡¢,¥£¤,¥£¤,1.0,1.0,0.8,Satisfied
Case 3511,2,¡¢,¥£¤,¥£¤,1.0,1.0,0.8,Satisfied
Case 3516,2,¡¢,­¥£¤,¥£¤,0.75,0.75,0.8,Satisfied
Case 3517,2,¡¢,¥£¤,¥£¤,1.0,1.0,0.8,Satisfied
Case 3529,2,¡¢,¥£¤,¥£¤,1.0,1.0,0.8,Satisfied
Case 3530,2,¡¢,¥£¤,¥£¤,1.0,1.0,0.8,Satisfied
Case 3532,2,¡¢,¥£¤,¥£¤,1.0,1.0,0.8,Satisfied
Case 3535,2,¡¢,¥£¤,¥£¤,1.0,1.0,0.8,Satisfied
Case 3537,2,¡¢,¥£¤,¥£¤,1.0,1.0,0.8,Satisfied
Case 3539,2,¡¢,¥£¤,¥£¤,1.0,1.0,0.8,Satisfied
Case 3542,2,¡¢,¥£¤,¥£¤,1.0,1.0,0.8,Satisfied
Case 3543,2,¡¢,¥£¤,¥£¤,1.0,1.0,0.8,Satisfied
Case 3546,2,¡¢,¥£¤,¥£¤,1.0,1.0,0.8,Satisfied
Case 3551,2,¡¢,¥£¤,¥£¤,1.0,1.0,0.8,Satisfied
Case 3552,2,¡¢,¥£¤,¥£¤,1.0,1.0,0.8,Satisfied
Case 3562,2,¡¢,¥£¢¥£¤,¥£¤,0.5,0.75,0.8,Satisfied
Case 3563,2,¡¢,¥£¤,¥£¤,1.0,1.0,0.8,Satisfied
Case 3565,2,¡¢,¥£¤,¥£¤,1.0,1.0,0.8,Satisfied
Case 3567,2,¡¢,¥£¤,¥£¤,1.0,1.0,0.8,Satisfied
Case 3569,2,¢¥,£¤,£¤,1.0,1.0,0.8,Satisfied
Case 3582,2,¡¢,¥£¤,¥£¤,1.0,1.0,0.8,Satisfied
Case 3583,2,¡¢,¥£¤,¥£¤,1.0,1.0,0.8,Satisfied
Case 3592,2,¡¢,¥£¤,¥£¤,1.0,1.0,0.8,Satisfied
Case 3599,2,¡¢,¥£¤,¥£¤,1.0,1.0,0.8,Satisfied
Case 3600,2,¡¢,¥£¤,¥£¤,1.0,1.0,0.8,Satisfied
Case 3601,2,¡¢,¥£¤,¥£¤,1.0,1.0,0.8,Satisfied
Case 361,2,¡¢,¥£¢¥£¤,¥£¤,0.5,0.75,0.8,Satisfied
Case 3613,2,¡¢,­¥£¤,¥£¤,0.75,0.75,0.8,Satisfied
Case 3614,2,¡¢,¥£¤,¥£¤,1.0,1.0,0.8,Satisfied
Case 3634,2,¢¥,£¤,£¤,1.0,1.0,0.8,Satisfied
Case 3638,2,¡¢,¥£¤,¥£¤,1.0,1.0,0.8,Satisfied
Case 364,2,¡¢,¥£¤,¥£¤,1.0,1.0,0.8,Satisfied
Case 3641,2,¡¢,¥£¤,¥£¤,1.0,1.0,0.8,Satisfied
Case 3643,2,¡¢,¥£¤,¥£¤,1.0,1.0,0.8,Satisfied
Case 3645,2,¡¢,­¥£¤,¥£¤,0.75,0.75,0.8,Satisfied
Case 3653,2,¡¢,¥£¤,¥£¤,1.0,1.0,0.8,Satisfied
Case 3654,2,¡¢,¥£¤,¥£¤,1.0,1.0,0.8,Satisfied
Case 3656,2,¡¢,¥¥£¤,¥£¤,0.75,1.0,0.8,Satisfied
Case 3657,2,¡¢,¥£¤,¥£¤,1.0,1.0,0.8,Satisfied
Case 3662,2,¡¢,¥¥£¤,¥£¤,0.75,1.0,0.8,Satisfied
Case 3663,2,¡¢,¥£¤,¥£¤,1.0,1.0,0.8,Satisfied
Case 3666,2,¡¢,¥£¤,¥£¤,1.0,1.0,0.8,Satisfied
Case 3669,2,¡¡,¢¥¢­­£¤,¢£¤,0.4285714285714286,0.6,0.8,Satisfied
Case 367,2,¡¥,¥£¤,£¤,0.6666666666666667,0.6666666666666666,0.8,Satisfied
Case 3670,2,¡¢,¥£¤,¥£¤,1.0,1.0,0.8,Satisfied
Case 3673,2,¡¢,¥¢¥£¤,¥£¤,0.6,0.75,0.8,Satisfied
Case 3674,2,¡¢,¥£¤,¥£¤,1.0,1.0,0.8,Satisfied
Case 3676,2,¡¢,¥£¥£¤,¥£¤,0.6,1.0,0.8,Satisfied
Case 3678,2,¡¢,¥£¤,¥£¤,1.0,1.0,0.8,Satisfied
Case 3688,2,¡¡,¢¥£¤,¢£¤,0.75,0.75,0.8,Satisfied
Case 3692,2,¡¥,£¢¥£¤,£¤,0.4,0.5,0.8,Satisfied
Case 3696,2,¡¢,¥£¤,¥£¤,1.0,1.0,0.8,Satisfied
Case 370,2,¡¢,¥£¤,¥£¤,1.0,1.0,0.8,Satisfied
Case 3705,2,¡¢,¥£¢¥£¤,¥£¤,0.5,0.75,0.8,Satisfied
Case 3708,2,¡¢,¥£¤,¥£¤,1.0,1.0,0.8,Satisfied
Case 3738,2,¡¢,¥£¤,¥£¤,1.0,1.0,0.8,Satisfied
Case 374,2,¡¢,¥£¤,¥£¤,1.0,1.0,0.8,Satisfied
Case 3742,2,¡¢,¥£¤,¥£¤,1.0,1.0,0.8,Satisfied
Case 3745,2,¡¢,¥£¤,¥£¤,1.0,1.0,0.8,Satisfied
Case 3766,2,¡¢,¥£¤,¥£¤,1.0,1.0,0.8,Satisfied
Case 3770,2,¡¢,¥£¤,¥£¤,1.0,1.0,0.8,Satisfied
Case 3775,2,¡¢,¥£¤,¥£¤,1.0,1.0,0.8,Satisfied
Case 3776,2,¡¡,¢¥£¤,¢£¤,0.75,0.75,0.8,Satisfied
Case 378,2,¡¢,¥£¤,¥£¤,1.0,1.0,0.8,Satisfied
Case 3787,2,¡¢,¥¢£¤,¥£¤,0.75,0.75,0.8,Satisfied
Case 3798,2,¡¢,¥£¤,¥£¤,1.0,1.0,0.8,Satisfied
Case 380,2,¡¥,£¤,£¤,1.0,1.0,0.8,Satisfied
Case 3802,2,§¡,¥£¤,¢¥£¤,0.75,0.75,0.8,Satisfied
Case 3818,2,¡¢,¥£¤,¥£¤,1.0,1.0,0.8,Satisfied
Case 3819,2,¡¢,¥£¤,¥£¤,1.0,1.0,0.8,Satisfied
Case 382,2,¡¢,¥¢­£,¥£¤,0.25,0.4,0.8,Satisfied
Case 3822,2,¡¢,¥£¤,¥£¤,1.0,1.0,0.8,Satisfied
Case 383,2,§¥,¥,£¤,0.0,0.0,0.8,Satisfied
Case 3832,2,¡¢,¥¥£¢¥£¤,¥£¤,0.4285714285714286,0.75,0.8,Satisfied
Case 384,2,¡¢,¥£¤,¥£¤,1.0,1.0,0.8,Satisfied
Case 3844,2,¡¢,¥£¤,¥£¤,1.0,1.0,0.8,Satisfied
Case 3857,2,¡¢,¥£¤,¥£¤,1.0,1.0,0.8,Satisfied
Case 3864,2,¡¢,¥£¤,¥£¤,1.0,1.0,0.8,Satisfied
Case 3865,2,¡¢,­¥£¤,¥£¤,0.75,0.75,0.8,Satisfied
Case 3877,2,¡¢,¥£¤,¥£¤,1.0,1.0,0.8,Satisfied
Case 3880,2,¡¥,£¤,£¤,1.0,1.0,0.8,Satisfied
Case 3884,2,¡¢,¥¢£¤,¥£¤,0.75,0.75,0.8,Satisfied
Case 3885,2,¡¢,¥£¤,¥£¤,1.0,1.0,0.8,Satisfied
Case 3888,2,¡¥,£¤,£¤,1.0,1.0,0.8,Satisfied
Case 3890,2,¡¢,¥£¤,¥£¤,1.0,1.0,0.8,Satisfied
Case 3896,2,¡¢,¥£¤,¥£¤,1.0,1.0,0.8,Satisfied
Case 3898,2,¡¢,¥£¤,¥£¤,1.0,1.0,0.8,Satisfied
Case 3899,2,¡¢,¥£¤,¥£¤,1.0,1.0,0.8,Satisfied
Case 39,2,¡¢,¥£¤,¥£¤,1.0,1.0,0.8,Satisfied
Case 3905,2,¡¢,¥£¤,¥£¤,1.0,1.0,0.8,Satisfied
Case 3912,2,¡¢,¥£¤,¥£¤,1.0,1.0,0.8,Satisfied
Case 3913,2,¡¥,£¤,£¤,1.0,1.0,0.8,Satisfied
Case 3928,2,¡¢,¥£¤,¥£¤,1.0,1.0,0.8,Satisfied
Case 3930,2,¡¢,¥£¤,¥£¤,1.0,1.0,0.8,Satisfied
Case 3933,2,¡¢,¥£¤,¥£¤,1.0,1.0,0.8,Satisfied
Case 3943,2,¡¢,¥£¤,¥£¤,1.0,1.0,0.8,Satisfied
Case 3946,2,¡¢,¥£¤,¥£¤,1.0,1.0,0.8,Satisfied
Case 3957,2,¡¢,¢¥£¤,¥£¤,0.75,0.75,0.8,Satisfied
Case 3963,2,¡¢,­­¥£¥£¤,¥£¤,0.4285714285714286,0.75,0.8,Satisfied
Case 397,2,¡¢,¥£¤,¥£¤,1.0,1.0,0.8,Satisfied
Case 3974,2,¡¢,¥£¤,¥£¤,1.0,1.0,0.8,Satisfied
Case 3976,2,¡¢,¥£¤,¥£¤,1.0,1.0,0.8,Satisfied
Case 3983,2,¡¢,¥£¤,¥£¤,1.0,1.0,0.8,Satisfied
Case 399,2,¡¢,¥£¤,¥£¤,1.0,1.0,0.8,Satisfied
Case 3992,2,¡¢,­£¤,¥£¤,0.6666666666666667,0.5,0.8,Satisfied
Case 40,2,¡¢,£¤,¥£¤,0.6666666666666667,0.6666666666666666,0.8,Satisfied
Case 4004,2,¢£,£¤,¤,0.5,0.5,0.8,Satisfied
Case 4006,2,¡¢,¥¢¥£¤,¥£¤,0.6,0.75,0.8,Satisfied
Case 4009,2,¡¢,¥£¤,¥£¤,1.0,1.0,0.8,Satisfied
Case 4017,2,¡¢,¥£¤,¥£¤,1.0,1.0,0.8,Satisfied
Case 402,2,¡¢,£¤,¥£¤,0.6666666666666667,0.6666666666666666,0.8,Satisfied
Case 4026,2,¡¢,¥¦­£¤,¥£¤,0.6,0.6,0.8,Satisfied
Case 4030,2,¡¢,£¤,¥£¤,0.6666666666666667,0.6666666666666666,0.8,Satisfied
Case 4031,2,¡£,£¤,¤,0.5,0.5,0.8,Satisfied
Case 4032,2,¡¥,£¤,£¤,1.0,1.0,0.8,Satisfied
Case 4037,2,¡¢,£¤,¥£¤,0.6666666666666667,0.6666666666666666,0.8,Satisfied
Case 4048,2,¡¢,£¤,¥£¤,0.6666666666666667,0.6666666666666666,0.8,Satisfied
Case 4054,2,¡¢,£¤,¥£¤,0.6666666666666667,0.6666666666666666,0.8,Satisfied
Case 4067,2,¡¢,£¤,¥£¤,0.6666666666666667,0.6666666666666666,0.8,Satisfied
Case 4068,2,¡¢,£¤,¥£¤,0.6666666666666667,0.6666666666666666,0.8,Satisfied
Case 4069,2,¡¢,£¤,¥£¤,0.6666666666666667,0.6666666666666666,0.8,Satisfied
Case 407,2,¡¢,¥£¤,¥£¤,1.0,1.0,0.8,Satisfied
Case 4073,2,¡¢,¥£¤,¥£¤,1.0,1.0,0.8,Satisfied
Case 4074,2,¡¢,¥£¤,¥£¤,1.0,1.0,0.8,Satisfied
Case 408,2,¡¡,¢¥£¤,¢£¤,0.75,0.75,0.8,Satisfied
Case 4082,2,¡¢,­£¤,¥£¤,0.6666666666666667,0.5,0.8,Satisfied
Case 4084,2,¡¢,¥£¤,¥£¤,1.0,1.0,0.8,Satisfied
Case 4106,2,¡¢,£¤,¥£¤,0.6666666666666667,0.6666666666666666,0.8,Satisfied
Case 4107,2,¡¢,¥¥£¤,¥£¤,0.75,1.0,0.8,Satisfied
Case 412,2,¡¢,¥£¤,¥£¤,1.0,1.0,0.8,Satisfied
Case 4127,2,¡¢,£¤,¥£¤,0.6666666666666667,0.6666666666666666,0.8,Satisfied
Case 414,2,¡¡,¢£¤,¢£¤,1.0,1.0,0.8,Satisfied
Case 4145,2,¡¢,£¤,¥£¤,0.6666666666666667,0.6666666666666666,0.8,Satisfied
Case 4147,2,¡¢,¥£¤,¥£¤,1.0,1.0,0.8,Satisfied
Case 4149,2,¡¢,¥£¤,¥£¤,1.0,1.0,0.8,Satisfied
Case 4154,2,¡¢,£¤,¥£¤,0.6666666666666667,0.6666666666666666,0.8,Satisfied
Case 4156,2,¡¢,¥£¤,¥£¤,1.0,1.0,0.8,Satisfied
Case 4160,2,¡¢,£¤,¥£¤,0.6666666666666667,0.6666666666666666,0.8,Satisfied
Case 4161,2,¡¢,£¤,¥£¤,0.6666666666666667,0.6666666666666666,0.8,Satisfied
Case 4162,2,¡¢,£¤,¥£¤,0.6666666666666667,0.6666666666666666,0.8,Satisfied
Case 4165,2,¡¡,¢¥£¤,¢£¤,0.75,0.75,0.8,Satisfied
Case 4172,2,¡¢,¥£¤,¥£¤,1.0,1.0,0.8,Satisfied
Case 4183,2,¡­,£¤,¥£¤,0.6666666666666667,0.6666666666666666,0.8,Satisfied
Case 4185,2,¡¢,­£¤,¥£¤,0.6666666666666667,0.5,0.8,Satisfied
Case 4187,2,¡¢,¥¢¥,¥£¤,0.33333333333333337,0.25,0.8,Satisfied
Case 4194,2,¡¢,£¤,¥£¤,0.6666666666666667,0.6666666666666666,0.8,Satisfied
Case 4197,2,¡¡,¡¢£¤,¢£¤,0.75,0.75,0.8,Satisfied
Case 4206,2,¡¢,£¤,¥£¤,0.6666666666666667,0.6666666666666666,0.8,Satisfied
Case 421,2,¡¢,£¤,¥£¤,0.6666666666666667,0.6666666666666666,0.8,Satisfied
Case 4212,2,¡¢,£¤,¥£¤,0.6666666666666667,0.6666666666666666,0.8,Satisfied
Case 4241,2,¡¢,£¤,¥£¤,0.6666666666666667,0.6666666666666666,0.8,Satisfied
Case 4248,2,¡£,¤,¤,1.0,1.0,0.8,Satisfied
Case 4255,2,¡¢,££¤,¥£¤,0.6666666666666667,0.6666666666666666,0.8,Satisfied
Case 4257,2,¡¢,¥£¤,¥£¤,1.0,1.0,0.8,Satisfied
Case 4259,2,¡¢,¢£¤,¥£¤,0.6666666666666667,0.5,0.8,Satisfied
Case 4268,2,¢¥,£¤,£¤,1.0,1.0,0.8,Satisfied
Case 4269,2,¡¢,¥£¤,¥£¤,1.0,1.0,0.8,Satisfied
Case 427,2,¡¢,£¤,¥£¤,0.6666666666666667,0.6666666666666666,0.8,Satisfied
Case 4282,2,¡¢,£¤,¥£¤,0.6666666666666667,0.6666666666666666,0.8,Satisfied
Case 4300,2,¡¢,¥¥£¤,¥£¤,0.75,1.0,0.8,Satisfied
Case 4301,2,¡¢,¥£¤,¥£¤,1.0,1.0,0.8,Satisfied
Case 4324,2,¡¢,£¤,¥£¤,0.6666666666666667,0.6666666666666666,0.8,Satisfied
Case 4325,2,¡¢,£¤,¥£¤,0.6666666666666667,0.6666666666666666,0.8,Satisfied
Case 4326,2,¡¢,¥£¤,¥£¤,1.0,1.0,0.8,Satisfied
Case 433,2,¡¢,¥¥£¤,¥£¤,0.75,1.0,0.8,Satisfied
Case 4332,2,¡¢,£¤,¥£¤,0.6666666666666667,0.6666666666666666,0.8,Satisfied
Case 4337,2,¡¢,¥£¤,¥£¤,1.0,1.0,0.8,Satisfied
Case 4338,2,¡¢,¥¢¥£¤,¥£¤,0.6,0.75,0.8,Satisfied
Case 4348,2,¡¢,­£¤,¥£¤,0.6666666666666667,0.5,0.8,Satisfied
Case 435,2,¡¢,­£¤,¥£¤,0.6666666666666667,0.5,0.8,Satisfied
Case 4351,2,¡¢,¥£¤,¥£¤,1.0,1.0,0.8,Satisfied
Case 4352,2,¡¢,¥£¤,¥£¤,1.0,1.0,0.8,Satisfied
Case 4353,2,¡¢,¢¥¥£¤,¥£¤,0.6,0.75,0.8,Satisfied
Case 4354,2,¡¢,­£,¥£¤,0.33333333333333337,0.25,0.8,Satisfied
Case 4355,2,¡¢,£¤,¥£¤,0.6666666666666667,0.6666666666666666,0.8,Satisfied
Case 4359,2,¡¢,¥£¤,¥£¤,1.0,1.0,0.8,Satisfied
Case 4361,2,¡¢,­£¤,¥£¤,0.6666666666666667,0.5,0.8,Satisfied
Case 4365,2,¡¢,¥£¤,¥£¤,1.0,1.0,0.8,Satisfied
Case 4369,2,¡¢,¥£¤,¥£¤,1.0,1.0,0.8,Satisfied
Case 4370,2,§¥,¥,£¤,0.0,0.0,0.8,Satisfied
Case 4371,2,¡£,£¤,¤,0.5,0.5,0.8,Satisfied
Case 438,2,¡¢,­¥£¤,¥£¤,0.75,0.75,0.8,Satisfied
Case 4383,2,¡¢,£¤,¥£¤,0.6666666666666667,0.6666666666666666,0.8,Satisfied
Case 4385,2,¡¡,¢£¤,¢£¤,1.0,1.0,0.8,Satisfied
Case 4389,2,¡¢,­£¤,¥£¤,0.6666666666666667,0.5,0.8,Satisfied
Case 4394,2,¡¢,£¤,¥£¤,0.6666666666666667,0.6666666666666666,0.8,Satisfied
Case 4396,2,¡¢,£¤,¥£¤,0.6666666666666667,0.6666666666666666,0.8,Satisfied
Case 4398,2,¡¢,¥¢¥£¤,¥£¤,0.6,0.75,0.8,Satisfied
Case 4407,2,¡¢,¥£¤,¥£¤,1.0,1.0,0.8,Satisfied
Case 441,2,¢£,£¤,¤,0.5,0.5,0.8,Satisfied
Case 4410,2,¡¢,¥¢£¤,¥£¤,0.75,0.75,0.8,Satisfied
Case 4415,2,¡¢,£¤,¥£¤,0.6666666666666667,0.6666666666666666,0.8,Satisfied
Case 4417,2,¡¥,££¤,£¤,0.6666666666666667,1.0,0.8,Satisfied
Case 4419,2,¡¥,£¤,£¤,1.0,1.0,0.8,Satisfied
Case 4421,2,¡¢,¥£¤,¥£¤,1.0,1.0,0.8,Satisfied
Case 4422,2,¡¢,£¤,¥£¤,0.6666666666666667,0.6666666666666666,0.8,Satisfied
Case 4423,2,¡¡,¢£¤,¢£¤,1.0,1.0,0.8,Satisfied
Case 4424,2,¡¢,¥£¤,¥£¤,1.0,1.0,0.8,Satisfied
Case 4426,2,¡¢,¥£¤,¥£¤,1.0,1.0,0.8,Satisfied
Case 4431,2,¡¢,¥£¤,¥£¤,1.0,1.0,0.8,Satisfied
Case 4456,2,¡¢,¥£¤,¥£¤,1.0,1.0,0.8,Satisfied
Case 446,2,¡¢,¥£¤,¥£¤,1.0,1.0,0.8,Satisfied
Case 4463,2,¡¢,¦¦¬¬­¦£,¥£¤,0.0,0.16666666666666663,0.8,Satisfied
Case 4465,2,¡¢,¥£¤,¥£¤,1.0,1.0,0.8,Satisfied
Case 4469,2,¡¢,£¤,¥£¤,0.6666666666666667,0.6666666666666666,0.8,Satisfied
Case 447,2,¡£,¤,¤,1.0,1.0,0.8,Satisfied
Case 4478,2,¡¢,¥¢£¤,¥£¤,0.75,0.75,0.8,Satisfied
Case 4485,2,¡¢,¥£¤,¥£¤,1.0,1.0,0.8,Satisfied
Case 4487,2,¡¢,£¤,¥£¤,0.6666666666666667,0.6666666666666666,0.8,Satisfied
Case 4501,2,¢¥,¢¥£¤,£¤,0.5,0.5,0.8,Satisfied
Case 4506,2,¡¢,¥£¤,¥£¤,1.0,1.0,0.8,Satisfied
Case 4511,2,¡¢,­££¤,¥£¤,0.5,0.5,0.8,Satisfied
Case 4530,2,¡¡,£¤,¢£¤,0.6666666666666667,0.6666666666666666,0.8,Satisfied
Case 4532,2,¡£,¤,¤,1.0,1.0,0.8,Satisfied
Case 4535,2,¡¢,£¤,¥£¤,0.6666666666666667,0.6666666666666666,0.8,Satisfied
Case 4537,2,¡¢,£¤,¥£¤,0.6666666666666667,0.6666666666666666,0.8,Satisfied
Case 4544,2,¡¢,£,¥£¤,0.33333333333333337,0.33333333333333326,0.8,Satisfied
Case 4558,2,¡¢,¥£¤,¥£¤,1.0,1.0,0.8,Satisfied
Case 456,2,¡¢,£¤,¥£¤,0.6666666666666667,0.6666666666666666,0.8,Satisfied
Case 4563,2,¡¢,¥£¤,¥£¤,1.0,1.0,0.8,Satisfied
Case 4575,2,¡¢,¥£¤,¥£¤,1.0,1.0,0.8,Satisfied
Case 46,2,¡¢,¢¥£¤,¥£¤,0.75,0.75,0.8,Satisfied
Case 467,2,¡¢,¥¢­£¤,¥£¤,0.6,0.6,0.8,Satisfied
Case 470,2,¡¢,¥£¤,¥£¤,1.0,1.0,0.8,Satisfied
Case 474,2,¡¡,¡¢¥£¤,¢£¤,0.6,0.6,0.8,Satisfied
Case 478,2,¡¡,¢¥£¤,¢£¤,0.75,0.75,0.8,Satisfied
Case 480,2,¡¢,£¤,¥£¤,0.6666666666666667,0.6666666666666666,0.8,Satisfied
Case 483,2,¡¢,£¤,¥£¤,0.6666666666666667,0.6666666666666666,0.8,Satisfied
Case 484,2,¡¢,¥£¤,¥£¤,1.0,1.0,0.8,Satisfied
Case 487,2,¡¢,£¤,¥£¤,0.6666666666666667,0.6666666666666666,0.8,Satisfied
Case 496,2,¡¢,¥£¤,¥£¤,1.0,1.0,0.8,Satisfied
Case 498,2,¡¢,££¤,¥£¤,0.6666666666666667,0.6666666666666666,0.8,Satisfied
Case 502,2,¡¢,£¤,¥£¤,0.6666666666666667,0.6666666666666666,0.8,Satisfied
Case 503,2,¡¢,¦­£¤,¥£¤,0.5,0.4,0.8,Satisfied
Case 504,2,¡¢,¥£¤,¥£¤,1.0,1.0,0.8,Satisfied
Case 506,2,¡¢,­£¤,¥£¤,0.6666666666666667,0.5,0.8,Satisfied
Case 507,2,¡¢,£¤,¥£¤,0.6666666666666667,0.6666666666666666,0.8,Satisfied
Case 520,2,¡¢,££¤,¥£¤,0.6666666666666667,0.6666666666666666,0.8,Satisfied
Case 523,2,¢¥,£¤,£¤,1.0,1.0,0.8,Satisfied
Case 525,2,¡¡,¢¥¥,¢£¤,0.33333333333333337,0.25,0.8,Satisfied
Case 527,2,¡¥,¡¡¢£¤,£¤,0.4,0.5,0.8,Satisfied
Case 529,2,¡¥,¥£¤,£¤,0.6666666666666667,0.6666666666666666,0.8,Satisfied
Case 530,2,¡¢,¥¥¥£¤,¥£¤,0.6,1.0,0.8,Satisfied
Case 532,2,¡¢,£¢¥£¤,¥£¤,0.6,0.75,0.8,Satisfied
Case 533,2,¡¢,£¤,¥£¤,0.6666666666666667,0.6666666666666666,0.8,Satisfied
Case 54,2,¡¢,£¤,¥£¤,0.6666666666666667,0.6666666666666666,0.8,Satisfied
Case 553,2,¡¢,¥£¤,¥£¤,1.0,1.0,0.8,Satisfied
Case 554,2,¡£,¤,¤,1.0,1.0,0.8,Satisfied
Case 557,2,¢£,¤,¤,1.0,1.0,0.8,Satisfied
Case 558,2,¡¢,¢£¤,¥£¤,0.6666666666666667,0.5,0.8,Satisfied
Case 559,2,¡¢,¥£¤,¥£¤,1.0,1.0,0.8,Satisfied
Case 566,2,¡¢,¥¢¥£¤,¥£¤,0.6,0.75,0.8,Satisfied
Case 575,2,¡¢,¥£¤,¥£¤,1.0,1.0,0.8,Satisfied
Case 58,2,¡¦,­£¤,¥£¤,0.6666666666666667,0.5,0.8,Satisfied
Case 593,2,¡¢,£¤,¥£¤,0.6666666666666667,0.6666666666666666,0.8,Satisfied
Case 594,2,¡¢,£¤,¥£¤,0.6666666666666667,0.6666666666666666,0.8,Satisfied
Case 595,2,¡¢,¥£¤,¥£¤,1.0,1.0,0.8,Satisfied
Case 603,2,¡¢,££¤,¥£¤,0.6666666666666667,0.6666666666666666,0.8,Satisfied
Case 606,2,¡¢,£¤,¥£¤,0.6666666666666667,0.6666666666666666,0.8,Satisfied
Case 622,2,¡¢,¦£¤,¥£¤,0.6666666666666667,0.5,0.8,Satisfied
Case 624,2,¡¢,¥£¤,¥£¤,1.0,1.0,0.8,Satisfied
Case 626,2,¡¢,¥£¤,¥£¤,1.0,1.0,0.8,Satisfied
Case 63,2,¡¢,£¤,¥£¤,0.6666666666666667,0.6666666666666666,0.8,Satisfied
Case 630,2,¡¢,£¤,¥£¤,0.6666666666666667,0.6666666666666666,0.8,Satisfied
Case 631,2,¢¥,¢¥£¤,£¤,0.5,0.5,0.8,Satisfied
Case 638,2,¡¢,¥¢¥£¤,¥£¤,0.6,0.75,0.8,Satisfied
Case 639,2,¡¢,¥£¤,¥£¤,1.0,1.0,0.8,Satisfied
Case 645,2,¡¢,£¤,¥£¤,0.6666666666666667,0.6666666666666666,0.8,Satisfied
Case 65,2,¡¢,¥£¤,¥£¤,1.0,1.0,0.8,Satisfied
Case 656,2,¡¢,¥££¤,¥£¤,0.75,1.0,0.8,Satisfied
Case 664,2,¡¢,¥£¤,¥£¤,1.0,1.0,0.8,Satisfied
Case 676,2,¢¥,£¤,£¤,1.0,1.0,0.8,Satisfied
Case 679,2,¡¢,£¤,¥£¤,0.6666666666666667,0.6666666666666666,0.8,Satisfied
Case 685,2,¢¥,£¤,£¤,1.0,1.0,0.8,Satisfied
Case 69,2,¡¢,£¤,¥£¤,0.6666666666666667,0.6666666666666666,0.8,Satisfied
Case 691,2,¡¢,£¤,¥£¤,0.6666666666666667,0.6666666666666666,0.8,Satisfied
Case 696,2,¡¢,£¤,¥£¤,0.6666666666666667,0.6666666666666666,0.8,Satisfied
Case 7,2,¡¡,¡¢£¤,¢£¤,0.75,0.75,0.8,Satisfied
Case 701,2,¡¢,£¤,¥£¤,0.6666666666666667,0.6666666666666666,0.8,Satisfied
Case 708,2,¡¢,¥£¤,¥£¤,1.0,1.0,0.8,Satisfied
Case 728,2,¡¢,£¤,¥£¤,0.6666666666666667,0.6666666666666666,0.8,Satisfied
Case 73,2,¡£,¤,¤,1.0,1.0,0.8,Satisfied
Case 732,2,¡¦,¢¦­®«£¤,¥£¤,0.2857142857142857,0.25,0.8,Satisfied
Case 747,2,¡¢,¥£¤,¥£¤,1.0,1.0,0.8,Satisfied
Case 755,2,¡¢,£¤,¥£¤,0.6666666666666667,0.6666666666666666,0.8,Satisfied
Case 757,2,¡¢,­¥£¤,¥£¤,0.75,0.75,0.8,Satisfied
Case 769,2,¡¢,£¤,¥£¤,0.6666666666666667,0.6666666666666666,0.8,Satisfied
Case 77,2,¡¢,¥£¤,¥£¤,1.0,1.0,0.8,Satisfied
Case 775,2,¡¢,¥£¤,¥£¤,1.0,1.0,0.8,Satisfied
Case 780,2,¡¢,¥£¤,¥£¤,1.0,1.0,0.8,Satisfied
Case 782,2,¡¢,¥£¤,¥£¤,1.0,1.0,0.8,Satisfied
Case 79,2,¡¢,¥¥£¤,¥£¤,0.75,1.0,0.8,Satisfied
Case 80,2,¡¢,£¤,¥£¤,0.6666666666666667,0.6666666666666666,0.8,Satisfied
Case 805,2,¡¢,¥£¤,¥£¤,1.0,1.0,0.8,Satisfied
Case 807,2,¡­,£¤,¥£¤,0.6666666666666667,0.6666666666666666,0.8,Satisfied
Case 809,2,¡¢,¥£¤,¥£¤,1.0,1.0,0.8,Satisfied
Case 82,2,¡¢,¥£¤,¥£¤,1.0,1.0,0.8,Satisfied
Case 821,2,¡¢,£¤,¥£¤,0.6666666666666667,0.6666666666666666,0.8,Satisfied
Case 824,2,¡¢,£¤,¥£¤,0.6666666666666667,0.6666666666666666,0.8,Satisfied
Case 825,2,¡¢,£¤,¥£¤,0.6666666666666667,0.6666666666666666,0.8,Satisfied
Case 826,2,¡¢,¥£¤,¥£¤,1.0,1.0,0.8,Satisfied
Case 829,2,¡¢,£¤,¥£¤,0.6666666666666667,0.6666666666666666,0.8,Satisfied
Case 83,2,¡¢,¥£¤,¥£¤,1.0,1.0,0.8,Satisfied
Case 831,2,¡¢,¥£¤,¥£¤,1.0,1.0,0.8,Satisfied
Case 839,2,¢¥,£¤,£¤,1.0,1.0,0.8,Satisfied
Case 841,2,¡¢,£¤,¥£¤,0.6666666666666667,0.6666666666666666,0.8,Satisfied
Case 845,2,¡¢,¥£¤,¥£¤,1.0,1.0,0.8,Satisfied
Case 849,2,¡¢,£¤,¥£¤,0.6666666666666667,0.6666666666666666,0.8,Satisfied
Case 856,2,¡¢,¥£¤,¥£¤,1.0,1.0,0.8,Satisfied
Case 868,2,¡¢,¦£¤,¥£¤,0.6666666666666667,0.5,0.8,Satisfied
Case 875,2,¡¢,£¤,¥£¤,0.6666666666666667,0.6666666666666666,0.8,Satisfied
Case 876,2,¡¢,¥£¤,¥£¤,1.0,1.0,0.8,Satisfied
Case 881,2,¡¢,¥£¤,¥£¤,1.0,1.0,0.8,Satisfied
Case 89,2,¡¢,£¤,¥£¤,0.6666666666666667,0.6666666666666666,0.8,Satisfied
Case 894,2,¡¢,¥¥£¤,¥£¤,0.75,1.0,0.8,Satisfied
Case 901,2,¡£,£¤,¤,0.5,0.5,0.8,Satisfied
Case 906,2,¡¢,£¤,¥£¤,0.6666666666666667,0.6666666666666666,0.8,Satisfied
Case 910,2,¡¢,£¤,¥£¤,0.6666666666666667,0.6666666666666666,0.8,Satisfied
Case 911,2,¡¢,¢£¤,¥£¤,0.6666666666666667,0.5,0.8,Satisfied
Case 930,2,¡¢,£¤,¥£¤,0.6666666666666667,0.6666666666666666,0.8,Satisfied
Case 939,2,¡¢,¥¥£¤,¥£¤,0.75,1.0,0.8,Satisfied
Case 949,2,¡¢,£¤,¥£¤,0.6666666666666667,0.6666666666666666,0.8,Satisfied
Case 951,2,¡¢,¥£¤,¥£¤,1.0,1.0,0.8,Satisfied
Case 954,2,¡¢,£¤,¥£¤,0.6666666666666667,0.6666666666666666,0.8,Satisfied
Case 959,2,¡¢,£¤,¥£¤,0.6666666666666667,0.6666666666666666,0.8,Satisfied
Case 961,2,¡¢,¥£¤,¥£¤,1.0,1.0,0.8,Satisfied
Case 962,2,¡¢,£¤,¥£¤,0.6666666666666667,0.6666666666666666,0.8,Satisfied
Case 963,2,¡¢,£¤,¥£¤,0.6666666666666667,0.6666666666666666,0.8,Satisfied
Case 964,2,¡¢,£¤,¥£¤,0.6666666666666667,0.6666666666666666,0.8,Satisfied
Case 97,2,¡¢,£¤,¥£¤,0.6666666666666667,0.6666666666666666,0.8,Satisfied
Case 979,2,¡¢,£¤,¥£¤,0.6666666666666667,0.6666666666666666,0.8,Satisfied
Case 980,2,¡¡,£¤,¢£¤,0.6666666666666667,0.6666666666666666,0.8,Satisfied
Case 984,2,¢£,¤,¤,1.0,1.0,0.8,Satisfied
Case 986,2,¡¢,¥£¤,¥£¤,1.0,1.0,0.8,Satisfied
Case 988,2,¡¢,¥£¤,¥£¤,1.0,1.0,0.8,Satisfied
Case 989,2,¡¢,¥£¤,¥£¤,1.0,1.0,0.8,Satisfied
Case 998,2,¡¢,¥£¤,¥£¤,1.0,1.0,0.8,Satisfied
Case 999,2,¡¢,£¤,¥£¤,0.6666666666666667,0.6666666666666666,0.8,Satisfied
Case 1,2,¡¢,¢¥£¤,¥£¤,0.75,0.75,0.9,Satisfied
Case 100,2,¡¢,­¥£¤,¥£¤,0.75,0.75,0.9,Satisfied
Case 1001,2,¡¢,¥£¤,¥£¤,1.0,1.0,0.9,Satisfied
Case 1007,2,¡¢,¥£¤,¥£¤,1.0,1.0,0.9,Satisfied
Case 1010,2,¡¢,­¥£¤,¥£¤,0.75,0.75,0.9,Satisfied
Case 1017,2,¡¢,¥£¥£¤,¥£¤,0.6,1.0,0.9,Satisfied
Case 1019,2,¡¢,¥£¤,¥£¤,1.0,1.0,0.9,Satisfied
Case 1023,2,¡¥,£¥£¤,£¤,0.5,0.6666666666666666,0.9,Satisfied
Case 1026,2,¡¢,­¥£¤,¥£¤,0.75,0.75,0.9,Satisfied
Case 1027,2,¡¢,¥£¤,¥£¤,1.0,1.0,0.9,Satisfied
Case 1043,2,¡¢,¥£¤,¥£¤,1.0,1.0,0.9,Satisfied
Case 105,2,¡¢,¥£¤,¥£¤,1.0,1.0,0.9,Satisfied
Case 1054,2,¡¢,¥£¤,¥£¤,1.0,1.0,0.9,Satisfied
Case 1057,2,¡¢,­¥£¤,¥£¤,0.75,0.75,0.9,Satisfied
Case 106,2,¡¥,£¤,£¤,1.0,1.0,0.9,Satisfied
Case 107,2,¡¢,¥£¤,¥£¤,1.0,1.0,0.9,Satisfied
Case 1070,2,¡¢,¥£¢¥£¤,¥£¤,0.5,0.75,0.9,Satisfied
Case 1075,2,¡¢,¥£¤,¥£¤,1.0,1.0,0.9,Satisfied
Case 1079,2,¡¢,¥¥£¤,¥£¤,0.75,1.0,0.9,Satisfied
Case 1087,2,¡¢,¥£¢¥£¤,¥£¤,0.5,0.75,0.9,Satisfied
Case 1088,2,¡¥,£¥£¤,£¤,0.5,0.6666666666666666,0.9,Satisfied
Case 1096,2,¡¢,¥£¤,¥£¤,1.0,1.0,0.9,Satisfied
Case 1101,2,¡¢,¥£¤,¥£¤,1.0,1.0,0.9,Satisfied
Case 1102,2,¡¢,¥£¥£¤,¥£¤,0.6,1.0,0.9,Satisfied
Case 1104,2,¡¢,¥£¤,¥£¤,1.0,1.0,0.9,Satisfied
Case 1109,2,¡¢,¥£¤,¥£¤,1.0,1.0,0.9,Satisfied
Case 1110,2,¡¢,¥£¤,¥£¤,1.0,1.0,0.9,Satisfied
Case 1111,2,¡¢,¥¢£¤,¥£¤,0.75,0.75,0.9,Satisfied
Case 1112,2,¡¢,¥¥£¤,¥£¤,0.75,1.0,0.9,Satisfied
Case 1113,2,¡¢,¥£¤,¥£¤,1.0,1.0,0.9,Satisfied
Case 1116,2,¡¢,¥£¤,¥£¤,1.0,1.0,0.9,Satisfied
Case 1122,2,¡¢,¥£¤,¥£¤,1.0,1.0,0.9,Satisfied
Case 1124,2,¡¢,¥£¤,¥£¤,1.0,1.0,0.9,Satisfied
Case 1129,2,¡¢,¥¢£¤,¥£¤,0.75,0.75,0.9,Satisfied
Case 114,2,¡¢,¥¢¥£¤,¥£¤,0.6,0.75,0.9,Satisfied
Case 1142,2,¡¢,¥­¥£¤,¥£¤,0.6,0.75,0.9,Satisfied
Case 1144,2,¡¥,£¢­¥£¤,£¤,0.33333333333333337,0.4,0.9,Satisfied
Case 1145,2,¡¢,¥£¤,¥£¤,1.0,1.0,0.9,Satisfied
Case 115,2,¡¢,¥¥£¤,¥£¤,0.75,1.0,0.9,Satisfied
Case 1156,2,¡¢,¥£¤,¥£¤,1.0,1.0,0.9,Satisfied
Case 1159,2,¡¢,¥£¤,¥£¤,1.0,1.0,0.9,Satisfied
Case 1164,2,¡¢,¥£¤,¥£¤,1.0,1.0,0.9,Satisfied
Case 1169,2,¡¥,£¤,£¤,1.0,1.0,0.9,Satisfied
Case 1176,2,¡¢,¥£¤,¥£¤,1.0,1.0,0.9,Satisfied
Case 1179,2,¡¢,¥£¤,¥£¤,1.0,1.0,0.9,Satisfied
Case 1185,2,¡¢,¥£¤,¥£¤,1.0,1.0,0.9,Satisfied
Case 1193,2,¡¢,¥£¤,¥£¤,1.0,1.0,0.9,Satisfied
Case 12,2,¡¢,¥£¤,¥£¤,1.0,1.0,0.9,Satisfied
Case 1210,2,¡¥,£¤,£¤,1.0,1.0,0.9,Satisfied
Case 1221,2,¡¢,¥£¤,¥£¤,1.0,1.0,0.9,Satisfied
Case 1235,2,¡¢,¥¥£¤,¥£¤,0.75,1.0,0.9,Satisfied
Case 1238,2,¡¢,¥­£¤,¥£¤,0.75,0.75,0.9,Satisfied
Case 1239,2,¡¢,¥£¤,¥£¤,1.0,1.0,0.9,Satisfied
Case 1246,2,¡¢,¥£¤,¥£¤,1.0,1.0,0.9,Satisfied
Case 1249,2,§¥,¥¥¥,£¤,0.0,0.0,0.9,Satisfied
Case 1250,2,¢¥,£¢¥£¤,£¤,0.4,0.5,0.9,Satisfied
Case 1254,2,¡¡,¥¥£¤,¢£¤,0.5,0.5,0.9,Satisfied
Case 1261,2,¢¢,¥£¤,£¤,0.6666666666666667,0.6666666666666666,0.9,Satisfied
Case 1269,2,¡¢,¢¥£¤,¥£¤,0.75,0.75,0.9,Satisfied
Case 1272,2,¡¢,¥£¤,¥£¤,1.0,1.0,0.9,Satisfied
Case 1275,2,¡¢,¥£¤,¥£¤,1.0,1.0,0.9,Satisfied
Case 129,2,¡¥,£¤,£¤,1.0,1.0,0.9,Satisfied
Case 1290,2,¡¢,¥£¤,¥£¤,1.0,1.0,0.9,Satisfied
Case 1292,2,¡¢,¥£¤,¥£¤,1.0,1.0,0.9,Satisfied
Case 1299,2,¡¢,¥£¤,¥£¤,1.0,1.0,0.9,Satisfied
Case 13,2,¡¢,¥£¤,¥£¤,1.0,1.0,0.9,Satisfied
Case 1301,2,¡¢,¥£¤,¥£¤,1.0,1.0,0.9,Satisfied
Case 1303,2,¡¢,­¥£¤,¥£¤,0.75,0.75,0.9,Satisfied
Case 1304,2,¡¢,¥£¤,¥£¤,1.0,1.0,0.9,Satisfied
Case 1305,2,¡¢,¥£¤,¥£¤,1.0,1.0,0.9,Satisfied
Case 1309,2,¡¥,£¤,£¤,1.0,1.0,0.9,Satisfied
Case 131,2,¡¢,¥£¤,¥£¤,1.0,1.0,0.9,Satisfied
Case 1313,2,¡¢,¥£¤,¥£¤,1.0,1.0,0.9,Satisfied
Case 1314,2,¡¢,¦¥£¤,¥£¤,0.75,0.75,0.9,Satisfied
Case 1315,2,¡¢,¥£¤,¥£¤,1.0,1.0,0.9,Satisfied
Case 1318,2,¡¢,­¥£¤,¥£¤,0.75,0.75,0.9,Satisfied
Case 1319,2,¡¢,¥£¤,¥£¤,1.0,1.0,0.9,Satisfied
Case 1323,2,¡¢,¥£¤,¥£¤,1.0,1.0,0.9,Satisfied
Case 1327,2,¡¥,£¤,£¤,1.0,1.0,0.9,Satisfied
Case 1330,2,¡¥,£¥£¤,£¤,0.5,0.6666666666666666,0.9,Satisfied
Case 1332,2,¡¢,¥£¤,¥£¤,1.0,1.0,0.9,Satisfied
Case 1338,2,¡¥,£¤,£¤,1.0,1.0,0.9,Satisfied
Case 1356,2,¡¢,¥£¤,¥£¤,1.0,1.0,0.9,Satisfied
Case 1358,2,¡¢,¥£¤,¥£¤,1.0,1.0,0.9,Satisfied
Case 1359,2,§¥,¥,£¤,0.0,0.0,0.9,Satisfied
Case 1364,2,¡¢,¥­­£¤,¥£¤,0.6,0.75,0.9,Satisfied
Case 1366,2,¡¢,¥£¤,¥£¤,1.0,1.0,0.9,Satisfied
Case 1371,2,¡¥,£¥£¤,£¤,0.5,0.6666666666666666,0.9,Satisfied
Case 1375,2,¡¢,¥£¤,¥£¤,1.0,1.0,0.9,Satisfied
Case 1384,2,¡¥,£¥£¤,£¤,0.5,0.6666666666666666,0.9,Satisfied
Case 1386,2,¡¢,¥£¥£¤,¥£¤,0.6,1.0,0.9,Satisfied
Case 1387,2,¡¢,¥£¤,¥£¤,1.0,1.0,0.9,Satisfied
Case 1388,2,¡¢,­­¥£¤,¥£¤,0.6,0.75,0.9,Satisfied
Case 1393,2,¡¡,¢¥£¤,¢£¤,0.75,0.75,0.9,Satisfied
Case 1396,2,¡¢,¥£¤,¥£¤,1.0,1.0,0.9,Satisfied
Case 1397,2,¡¢,¥£¤,¥£¤,1.0,1.0,0.9,Satisfied
Case 1398,2,¡¢,¥£¤,¥£¤,1.0,1.0,0.9,Satisfied
Case 140,2,¡¢,¥£¤,¥£¤,1.0,1.0,0.9,Satisfied
Case 1407,2,¡¢,¥¢¥£¤,¥£¤,0.6,0.75,0.9,Satisfied
Case 1409,2,¡¢,¥£¤,¥£¤,1.0,1.0,0.9,Satisfied
Case 1420,2,¡¢,¨¥£¤,¥£¤,0.75,0.75,0.9,Satisfied
Case 143,2,¡¢,¥£¤,¥£¤,1.0,1.0,0.9,Satisfied
Case 1432,2,¡¢,¥£¤,¥£¤,1.0,1.0,0.9,Satisfied
Case 1433,2,¡¢,¥£¤,¥£¤,1.0,1.0,0.9,Satisfied
Case 144,2,¡¢,¥£¤,¥£¤,1.0,1.0,0.9,Satisfied
Case 1441,2,¡¢,¥£¤,¥£¤,1.0,1.0,0.9,Satisfied
Case 1445,2,¡¢,¥£¤,¥£¤,1.0,1.0,0.9,Satisfied
Case 1449,2,¡¥,¢¥£¤,£¤,0.5,0.5,0.9,Satisfied
Case 145,2,¡¢,­¥£¤,¥£¤,0.75,0.75,0.9,Satisfied
Case 1450,2,¡¢,¥£¤,¥£¤,1.0,1.0,0.9,Satisfied
Case 1451,2,¡¢,­¥£¥£¤,¥£¤,0.5,0.75,0.9,Satisfied
Case 1457,2,¡¢,¥£¤,¥£¤,1.0,1.0,0.9,Satisfied
Case 1460,2,¡¢,¥¢¥£¤,¥£¤,0.6,0.75,0.9,Satisfied
Case 1464,2,¡¢,¥£¤,¥£¤,1.0,1.0,0.9,Satisfied
Case 1465,2,¡¢,¥£¤,¥£¤,1.0,1.0,0.9,Satisfied
Case 1466,2,¡¢,¥£¤,¥£¤,1.0,1.0,0.9,Satisfied
Case 147,2,¡¢,¥£¤,¥£¤,1.0,1.0,0.9,Satisfied
Case 1471,2,¡¢,­¥£¤,¥£¤,0.75,0.75,0.9,Satisfied
Case 1478,2,¡¡,¢¥¢¥£¤,¢£¤,0.5,0.75,0.9,Satisfied
Case 1484,2,¡¢,¥£¤,¥£¤,1.0,1.0,0.9,Satisfied
Case 1487,2,¡¢,¥£¤,¥£¤,1.0,1.0,0.9,Satisfied
Case 1495,2,¡¢,­­¥£¤,¥£¤,0.6,0.75,0.9,Satisfied
Case 15,2,¡¡,¢¥£¤,¢£¤,0.75,0.75,0.9,Satisfied
Case 1500,2,¡¥,£¥£¤,£¤,0.5,0.6666666666666666,0.9,Satisfied
Case 1501,2,¢¥,£¥£¤,£¤,0.5,0.6666666666666666,0.9,Satisfied
Case 1506,2,¡¥,¥¢£¥£¤,£¤,0.33333333333333337,0.5,0.9,Satisfied
Case 1507,2,¡¢,¥£¤,¥£¤,1.0,1.0,0.9,Satisfied
Case 1509,2,¡¢,¥£¤,¥£¤,1.0,1.0,0.9,Satisfied
Case 1510,2,¡¢,¥£¤,¥£¤,1.0,1.0,0.9,Satisfied
Case 1519,2,¡¥,£¥£¤,£¤,0.5,0.6666666666666666,0.9,Satisfied
Case 1535,2,¡¡,¡¥£¤,¢£¤,0.5,0.4,0.9,Satisfied
Case 154,2,¡¢,¥£¤,¥£¤,1.0,1.0,0.9,Satisfied
Case 1543,2,¡¢,¥£¤,¥£¤,1.0,1.0,0.9,Satisfied
Case 1553,2,¡¢,¥£¤,¥£¤,1.0,1.0,0.9,Satisfied
Case 156,2,¡¢,¥£¤,¥£¤,1.0,1.0,0.9,Satisfied
Case 1562,2,¡¢,¥£¤,¥£¤,1.0,1.0,0.9,Satisfied
Case 1570,2,¡¢,¥£¤,¥£¤,1.0,1.0,0.9,Satisfied
Case 1571,2,¡¢,¥¥¥¥¥,¥£¤,0.19999999999999996,0.33333333333333326,0.9,Satisfied
Case 1574,2,¡¢,¥£¤,¥£¤,1.0,1.0,0.9,Satisfied
Case 1577,2,§¡,¡¢¥£¤,¢¥£¤,0.8,0.8,0.9,Satisfied
Case 1580,2,¡¢,¥£¤,¥£¤,1.0,1.0,0.9,Satisfied
Case 1587,2,¡¢,¥£¤,¥£¤,1.0,1.0,0.9,Satisfied
Case 1603,2,¡¥,£¥£¤,£¤,0.5,0.6666666666666666,0.9,Satisfied
Case 1604,2,¡¢,¥£¤,¥£¤,1.0,1.0,0.9,Satisfied
Case 1605,2,¡¢,¢¥£¤,¥£¤,0.75,0.75,0.9,Satisfied
Case 1609,2,¡¢,¥£¤,¥£¤,1.0,1.0,0.9,Satisfied
Case 1610,2,¡¢,¥£¤,¥£¤,1.0,1.0,0.9,Satisfied
Case 1615,2,¡¢,¥£¤,¥£¤,1.0,1.0,0.9,Satisfied
Case 1650,2,¡¦,¦¬¬­¥£¤,¥£¤,0.4285714285714286,0.5,0.9,Satisfied
Case 1655,2,¡¢,¥£¤,¥£¤,1.0,1.0,0.9,Satisfied
Case 1658,2,¡¢,­¥£¤,¥£¤,0.75,0.75,0.9,Satisfied
Case 1663,2,¡¥,£¤,£¤,1.0,1.0,0.9,Satisfied
Case 1664,2,¢¥,£¤,£¤,1.0,1.0,0.9,Satisfied
Case 1671,2,¡¢,¥£¤,¥£¤,1.0,1.0,0.9,Satisfied
Case 1674,2,¡¢,¥£¤,¥£¤,1.0,1.0,0.9,Satisfied
Case 1675,2,¡¢,¥£¤,¥£¤,1.0,1.0,0.9,Satisfied
Case 1679,2,¡¢,¥£¤,¥£¤,1.0,1.0,0.9,Satisfied
Case 1681,2,¡¢,¥£¤,¥£¤,1.0,1.0,0.9,Satisfied
Case 1682,2,¡¢,¥£¤,¥£¤,1.0,1.0,0.9,Satisfied
Case 169,2,¡¥,£¤,£¤,1.0,1.0,0.9,Satisfied
Case 1691,2,§¡,¢¥£¤,¢¥£¤,1.0,1.0,0.9,Satisfied
Case 1697,2,¡¢,¥£¤,¥£¤,1.0,1.0,0.9,Satisfied
Case 1704,2,¡¢,¥£¤,¥£¤,1.0,1.0,0.9,Satisfied
Case 1709,2,¡¢,¥£¤,¥£¤,1.0,1.0,0.9,Satisfied
Case 1711,2,¡¢,¥£¤,¥£¤,1.0,1.0,0.9,Satisfied
Case 1718,2,¡¢,¥£¤,¥£¤,1.0,1.0,0.9,Satisfied
Case 1723,2,¡¢,¥£¤,¥£¤,1.0,1.0,0.9,Satisfied
Case 1730,2,¡¢,¥£¤,¥£¤,1.0,1.0,0.9,Satisfied
Case 1735,2,¡­,¥£¥£¤,¥£¤,0.6,1.0,0.9,Satisfied
Case 1746,2,¡¢,¥£¤,¥£¤,1.0,1.0,0.9,Satisfied
Case 1754,2,¡¢,¥£¤,¥£¤,1.0,1.0,0.9,Satisfied
Case 1760,2,¡¢,¥£¢¥¢£¤,¥£¤,0.4285714285714286,0.75,0.9,Satisfied
Case 1761,2,¡¢,¥£¤,¥£¤,1.0,1.0,0.9,Satisfied
Case 1764,2,¡­,¥£¥£¤,¥£¤,0.6,1.0,0.9,Satisfied
Case 1771,2,¡¢,¥£¤,¥£¤,1.0,1.0,0.9,Satisfied
Case 1772,2,¡¢,¥£¤,¥£¤,1.0,1.0,0.9,Satisfied
Case 1776,2,¡¢,¥£¤,¥£¤,1.0,1.0,0.9,Satisfied
Case 1777,2,¡¢,¥£¤,¥£¤,1.0,1.0,0.9,Satisfied
Case 1787,2,¡¢,¥¥£¥£¤,¥£¤,0.5,1.0,0.9,Satisfied
Case 1788,2,¡¢,¥£¤,¥£¤,1.0,1.0,0.9,Satisfied
Case 1791,2,¡¢,¥£¤,¥£¤,1.0,1.0,0.9,Satisfied
Case 1792,2,¡¢,¥£¤,¥£¤,1.0,1.0,0.9,Satisfied
Case 1795,2,¡¢,¥£¤,¥£¤,1.0,1.0,0.9,Satisfied
Case 1799,2,¡¢,­¥£¤,¥£¤,0.75,0.75,0.9,Satisfied
Case 18,2,¡¢,¥£¥£¤,¥£¤,0.6,1.0,0.9,Satisfied
Case 1812,2,¡¢,¥£¤,¥£¤,1.0,1.0,0.9,Satisfied
Case 1813,2,¡¢,¥£¤,¥£¤,1.0,1.0,0.9,Satisfied
Case 1814,2,¡¢,¥£¤,¥£¤,1.0,1.0,0.9,Satisfied
Case 1815,2,¡¢,¥£¤,¥£¤,1.0,1.0,0.9,Satisfied
Case 1817,2,¡¢,¥£¤,¥£¤,1.0,1.0,0.9,Satisfied
Case 1823,2,¡¢,¥£¤,¥£¤,1.0,1.0,0.9,Satisfied
Case 1826,2,¡¢,¥£¤,¥£¤,1.0,1.0,0.9,Satisfied
Case 1828,2,¡¢,¥£¤,¥£¤,1.0,1.0,0.9,Satisfied
Case 1831,2,¡¢,¥£¤,¥£¤,1.0,1.0,0.9,Satisfied
Case 184,2,¡¢,¢¥£¤,¥£¤,0.75,0.75,0.9,Satisfied
Case 1843,2,¡¡,¥£¤,¢£¤,0.6666666666666667,0.5,0.9,Satisfied
Case 1848,2,¡¢,¥£¤,¥£¤,1.0,1.0,0.9,Satisfied
Case 1858,2,¡¥,£¤,£¤,1.0,1.0,0.9,Satisfied
Case 1860,2,¡¢,¥£¤,¥£¤,1.0,1.0,0.9,Satisfied
Case 1868,2,¡¢,¥£¤,¥£¤,1.0,1.0,0.9,Satisfied
Case 1869,2,¡¢,¥£¤,¥£¤,1.0,1.0,0.9,Satisfied
Case 1874,2,§¡,¢¥£¤,¢¥£¤,1.0,1.0,0.9,Satisfied
Case 1882,2,¡¢,¥£¤,¥£¤,1.0,1.0,0.9,Satisfied
Case 1884,2,¡¢,¥£¤,¥£¤,1.0,1.0,0.9,Satisfied
Case 1887,2,¡¢,¥£¤,¥£¤,1.0,1.0,0.9,Satisfied
Case 1892,2,¡¢,¥£¤,¥£¤,1.0,1.0,0.9,Satisfied
Case 1894,2,¡¢,¥£¤,¥£¤,1.0,1.0,0.9,Satisfied
Case 1900,2,¡¢,¥£¤,¥£¤,1.0,1.0,0.9,Satisfied
Case 1901,2,¡¢,¥£¤,¥£¤,1.0,1.0,0.9,Satisfied
Case 1903,2,¡¢,¥£¤,¥£¤,1.0,1.0,0.9,Satisfied
Case 191,2,¡¡,¢¥£¤,¢£¤,0.75,0.75,0.9,Satisfied
Case 1915,2,¡¢,¥£¤,¥£¤,1.0,1.0,0.9,Satisfied
Case 1916,2,¡¢,¥£¤,¥£¤,1.0,1.0,0.9,Satisfied
Case 1918,2,¡¥,£¤,£¤,1.0,1.0,0.9,Satisfied
Case 192,2,¡¡,¢¥£¤¢¥£¤,¢£¤,0.375,0.75,0.9,Satisfied
Case 1924,2,¡¢,¥£¤,¥£¤,1.0,1.0,0.9,Satisfied
Case 193,2,¡¢,¥£¤,¥£¤,1.0,1.0,0.9,Satisfied
Case 1946,2,¡¢,¥£¤,¥£¤,1.0,1.0,0.9,Satisfied
Case 1961,2,¡¢,¥£¤,¥£¤,1.0,1.0,0.9,Satisfied
Case 1968,2,¡¢,¥£¤,¥£¤,1.0,1.0,0.9,Satisfied
Case 1975,2,¡¢,¥£¤,¥£¤,1.0,1.0,0.9,Satisfied
Case 1978,2,¡¥,¢¥£¤,£¤,0.5,0.5,0.9,Satisfied
Case 1980,2,¡¢,¥£¤,¥£¤,1.0,1.0,0.9,Satisfied
Case 1987,2,¡¥,£¤,£¤,1.0,1.0,0.9,Satisfied
Case 20,2,¡¢,¥£¤,¥£¤,1.0,1.0,0.9,Satisfied
Case 2007,2,¡¢,­¥£¥£¤,¥£¤,0.5,0.75,0.9,Satisfied
Case 2013,2,¡¢,¥£¤,¥£¤,1.0,1.0,0.9,Satisfied
Case 202,2,¡¢,¥£¤,¥£¤,1.0,1.0,0.9,Satisfied
Case 2021,2,¡¢,¥£¤,¥£¤,1.0,1.0,0.9,Satisfied
Case 2022,2,¡¡,¡¥£¤,¢£¤,0.5,0.4,0.9,Satisfied
Case 2035,2,¡¢,¦­¥£¤,¥£¤,0.6,0.6,0.9,Satisfied
Case 2037,2,¡¥,£¤,£¤,1.0,1.0,0.9,Satisfied
Case 2050,2,¡¢,¥£¤,¥£¤,1.0,1.0,0.9,Satisfied
Case 2059,2,¡¢,¥£¤,¥£¤,1.0,1.0,0.9,Satisfied
Case 2062,2,¡¢,¥£¤,¥£¤,1.0,1.0,0.9,Satisfied
Case 2068,2,¡¢,¥£¤,¥£¤,1.0,1.0,0.9,Satisfied
Case 2074,2,¡¢,¥£¤,¥£¤,1.0,1.0,0.9,Satisfied
Case 2081,2,¡¢,­¥£¤,¥£¤,0.75,0.75,0.9,Satisfied
Case 2083,2,¡¢,¥£¤,¥£¤,1.0,1.0,0.9,Satisfied
Case 2092,2,¡¢,¥£¤,¥£¤,1.0,1.0,0.9,Satisfied
Case 2093,2,¡¢,¥£¤,¥£¤,1.0,1.0,0.9,Satisfied
Case 2097,2,¡¢,¥£¤,¥£¤,1.0,1.0,0.9,Satisfied
Case 210,2,¡¢,¥£¤,¥£¤,1.0,1.0,0.9,Satisfied
Case 2103,2,¡¢,¥£¤,¥£¤,1.0,1.0,0.9,Satisfied
Case 2104,2,¡¢,­¥£¤,¥£¤,0.75,0.75,0.9,Satisfied
Case 2105,2,¡¢,¥£¤,¥£¤,1.0,1.0,0.9,Satisfied
Case 2108,2,¡¢,¥£¤,¥£¤,1.0,1.0,0.9,Satisfied
Case 211,2,¡¥,£¤,£¤,1.0,1.0,0.9,Satisfied
Case 2112,2,¡¢,¥£¤,¥£¤,1.0,1.0,0.9,Satisfied
Case 2117,2,¡¥,¥£¢¥£¥£¤,£¤,0.25,0.5,0.9,Satisfied
Case 2121,2,¡¢,¥£¤,¥£¤,1.0,1.0,0.9,Satisfied
Case 2123,2,¡¡,¢¥£¥£¤,¢£¤,0.5,0.75,0.9,Satisfied
Case 2125,2,¡¢,¥­,¥£¤,0.33333333333333337,0.25,0.9,Satisfied
Case 2126,2,¡¢,¥£¤,¥£¤,1.0,1.0,0.9,Satisfied
Case 2134,2,¡¥,¢£¤,£¤,0.6666666666666667,0.6666666666666666,0.9,Satisfied
Case 2141,2,¡¢,¥£¤,¥£¤,1.0,1.0,0.9,Satisfied
Case 2142,2,¡¢,¥£¤,¥£¤,1.0,1.0,0.9,Satisfied
Case 2143,2,¡¢,­¥£¤,¥£¤,0.75,0.75,0.9,Satisfied
Case 2152,2,¡¢,¥£¤,¥£¤,1.0,1.0,0.9,Satisfied
Case 2156,2,¡¢,¥£¤,¥£¤,1.0,1.0,0.9,Satisfied
Case 2157,2,¡¥,£¥£¤,£¤,0.5,0.6666666666666666,0.9,Satisfied
Case 2163,2,¡¢,¥£¤,¥£¤,1.0,1.0,0.9,Satisfied
Case 2167,2,¡¢,¥£¤,¥£¤,1.0,1.0,0.9,Satisfied
Case 2168,2,¡¢,¥¥£¤,¥£¤,0.75,1.0,0.9,Satisfied
Case 2172,2,¡¢,¥£¤,¥£¤,1.0,1.0,0.9,Satisfied
Case 2176,2,¡¢,¥£¤,¥£¤,1.0,1.0,0.9,Satisfied
Case 2177,2,¡¥,¥£¤,£¤,0.6666666666666667,0.6666666666666666,0.9,Satisfied
Case 2183,2,¡¢,¥£¤,¥£¤,1.0,1.0,0.9,Satisfied
Case 2187,2,¡¢,¥£¤,¥£¤,1.0,1.0,0.9,Satisfied
Case 2191,2,¡¢,¥£¤,¥£¤,1.0,1.0,0.9,Satisfied
Case 2197,2,¡¢,¥£¤,¥£¤,1.0,1.0,0.9,Satisfied
Case 2201,2,¡¢,¥£¤,¥£¤,1.0,1.0,0.9,Satisfied
Case 2203,2,¡¢,¥£¤,¥£¤,1.0,1.0,0.9,Satisfied
Case 2210,2,¡¢,¥£¤,¥£¤,1.0,1.0,0.9,Satisfied
Case 2211,2,¡¢,¥£¤,¥£¤,1.0,1.0,0.9,Satisfied
Case 2215,2,¡¢,¥£¤,¥£¤,1.0,1.0,0.9,Satisfied
Case 2219,2,¡¢,¥¢£¤,¥£¤,0.75,0.75,0.9,Satisfied
Case 2220,2,¡¢,¥£¤,¥£¤,1.0,1.0,0.9,Satisfied
Case 2227,2,¡¥,£¥£¤,£¤,0.5,0.6666666666666666,0.9,Satisfied
Case 2228,2,¡¢,¥£¤,¥£¤,1.0,1.0,0.9,Satisfied
Case 2229,2,¡¥,£¤,£¤,1.0,1.0,0.9,Satisfied
Case 2232,2,¡¥,£¤,£¤,1.0,1.0,0.9,Satisfied
Case 2236,2,¡¢,¥£¤,¥£¤,1.0,1.0,0.9,Satisfied
Case 2239,2,¡¢,¥£¥£¢¥£¤,¥£¤,0.375,0.75,0.9,Satisfied
Case 2245,2,¡¢,¥£¤,¥£¤,1.0,1.0,0.9,Satisfied
Case 2253,2,¢¥,£¤,£¤,1.0,1.0,0.9,Satisfied
Case 2256,2,¡¥,£¤,£¤,1.0,1.0,0.9,Satisfied
Case 2267,2,¡¢,¥£¤,¥£¤,1.0,1.0,0.9,Satisfied
Case 2268,2,¡¢,¥£¤,¥£¤,1.0,1.0,0.9,Satisfied
Case 2279,2,¡¢,¥£¤,¥£¤,1.0,1.0,0.9,Satisfied
Case 2285,2,¡¥,¢¥£¤,£¤,0.5,0.5,0.9,Satisfied
Case 2290,2,¡¢,¥£¤,¥£¤,1.0,1.0,0.9,Satisfied
Case 2296,2,¡¢,¥£¤,¥£¤,1.0,1.0,0.9,Satisfied
Case 23,2,¡¢,¥£¤,¥£¤,1.0,1.0,0.9,Satisfied
Case 230,2,¡¡,¢¥£¤,¢£¤,0.75,0.75,0.9,Satisfied
Case 2300,2,¡¢,­­¦­,¥£¤,0.0,0.0,0.9,Satisfied
Case 2302,2,¡¢,¥£¤,¥£¤,1.0,1.0,0.9,Satisfied
Case 2308,2,¡¢,¥£¤,¥£¤,1.0,1.0,0.9,Satisfied
Case 2315,2,¡¢,¥£¤,¥£¤,1.0,1.0,0.9,Satisfied
Case 232,2,¡¢,¥¥£¥£¤,¥£¤,0.5,1.0,0.9,Satisfied
Case 2322,2,¡¢,¥£¤,¥£¤,1.0,1.0,0.9,Satisfied
Case 2328,2,¡¢,¥£¤,¥£¤,1.0,1.0,0.9,Satisfied
Case 233,2,¡¢,¥£¤,¥£¤,1.0,1.0,0.9,Satisfied
Case 2330,2,¡¢,¥£¤,¥£¤,1.0,1.0,0.9,Satisfied
Case 2335,2,¡¢,¥£¤,¥£¤,1.0,1.0,0.9,Satisfied
Case 2342,2,¡¢,¥¥£¤,¥£¤,0.75,1.0,0.9,Satisfied
Case 2346,2,§¡,¢¥£¤,¢¥£¤,1.0,1.0,0.9,Satisfied
Case 2348,2,¡¢,¥£¤,¥£¤,1.0,1.0,0.9,Satisfied
Case 235,2,§¡,¢¥£¤,¢¥£¤,1.0,1.0,0.9,Satisfied
Case 2356,2,¡¢,¥¥£¤,¥£¤,0.75,1.0,0.9,Satisfied
Case 2362,2,¢¥,£¤,£¤,1.0,1.0,0.9,Satisfied
Case 2367,2,¡¢,¥£¤,¥£¤,1.0,1.0,0.9,Satisfied
Case 2368,2,¡¢,¥£¥£¥£­¢¥£¤,¥£¤,0.2727272727272727,0.6,0.9,Satisfied
Case 237,2,¡¢,­¥£¤,¥£¤,0.75,0.75,0.9,Satisfied
Case 2374,2,¡¢,¥£¤,¥£¤,1.0,1.0,0.9,Satisfied
Case 2375,2,¡¡,¡¢¥£¤,¢£¤,0.6,0.6,0.9,Satisfied
Case 2380,2,¡¢,¥¢£¤,¥£¤,0.75,0.75,0.9,Satisfied
Case 2381,2,¡¡,¡¥£¥£¤,¢£¤,0.33333333333333337,0.4,0.9,Satisfied
Case 2390,2,¡¢,¥£¤,¥£¤,1.0,1.0,0.9,Satisfied
Case 2391,2,¡¢,¥£¤,¥£¤,1.0,1.0,0.9,Satisfied
Case 2398,2,¡¢,¥£¤,¥£¤,1.0,1.0,0.9,Satisfied
Case 2399,2,¡¢,¢¥£¤,¥£¤,0.75,0.75,0.9,Satisfied
Case 2403,2,¡¢,¥£¤,¥£¤,1.0,1.0,0.9,Satisfied
Case 2415,2,¡¢,¥£¤,¥£¤,1.0,1.0,0.9,Satisfied
Case 2417,2,¡¢,¥­£¤,¥£¤,0.75,0.75,0.9,Satisfied
Case 242,2,¡¢,¥£¤,¥£¤,1.0,1.0,0.9,Satisfied
Case 2431,2,¡¢,¥£¤,¥£¤,1.0,1.0,0.9,Satisfied
Case 2432,2,¡¢,¥£¤,¥£¤,1.0,1.0,0.9,Satisfied
Case 2436,2,¡¥,£¤¢,£¤,0.6666666666666667,0.6666666666666666,0.9,Satisfied
Case 2447,2,¡¢,¢¥£¤,¥£¤,0.75,0.75,0.9,Satisfied
Case 2448,2,¡¢,¥£¤,¥£¤,1.0,1.0,0.9,Satisfied
Case 2451,2,¡¢,¦­­¥£,¥£¤,0.19999999999999996,0.4,0.9,Satisfied
Case 2452,2,¡¢,¥£¤,¥£¤,1.0,1.0,0.9,Satisfied
Case 2455,2,¡¢,¥£¤,¥£¤,1.0,1.0,0.9,Satisfied
Case 2458,2,¡¢,¥£¤,¥£¤,1.0,1.0,0.9,Satisfied
Case 2465,2,¡¢,¥£¤,¥£¤,1.0,1.0,0.9,Satisfied
Case 2466,2,¡¢,­­¥£¤,¥£¤,0.6,0.75,0.9,Satisfied
Case 247,2,§¢,¥£¤,¥£¤,1.0,1.0,0.9,Satisfied
Case 2473,2,¡¢,¥¢¥£¤,¥£¤,0.6,0.75,0.9,Satisfied
Case 2474,2,¡¢,¥£¤,¥£¤,1.0,1.0,0.9,Satisfied
Case 2476,2,¡¢,­¥£¤,¥£¤,0.75,0.75,0.9,Satisfied
Case 2481,2,¡¢,­¥£¤,¥£¤,0.75,0.75,0.9,Satisfied
Case 2490,2,¡¡,¢¥£¤,¢£¤,0.75,0.75,0.9,Satisfied
Case 2492,2,¡¢,¥£¤,¥£¤,1.0,1.0,0.9,Satisfied
Case 2498,2,¡¢,¥£¤,¥£¤,1.0,1.0,0.9,Satisfied
Case 2499,2,¡¢,¥£¤,¥£¤,1.0,1.0,0.9,Satisfied
Case 2504,2,¡¢,¥£¤,¥£¤,1.0,1.0,0.9,Satisfied
Case 2508,2,¡¢,¥£¤,¥£¤,1.0,1.0,0.9,Satisfied
Case 2512,2,¡¢,¥£¥£¤,¥£¤,0.6,1.0,0.9,Satisfied
Case 2514,2,¡¢,¥¥£¤,¥£¤,0.75,1.0,0.9,Satisfied
Case 2522,2,¡¢,¥£¥£¤,¥£¤,0.6,1.0,0.9,Satisfied
Case 253,2,¡¢,¥£¤,¥£¤,1.0,1.0,0.9,Satisfied
Case 2530,2,¡¢,¥£¤,¥£¤,1.0,1.0,0.9,Satisfied
Case 2534,2,¡¢,¥£¤,¥£¤,1.0,1.0,0.9,Satisfied
Case 2541,2,¢¥,£¤,£¤,1.0,1.0,0.9,Satisfied
Case 2550,2,¡¢,¥¥£¥£¤,¥£¤,0.5,1.0,0.9,Satisfied
Case 2555,2,¡¢,¥£¤,¥£¤,1.0,1.0,0.9,Satisfied
Case 2558,2,¡¢,¥£¤,¥£¤,1.0,1.0,0.9,Satisfied
Case 2569,2,¡¢,¥£¤,¥£¤,1.0,1.0,0.9,Satisfied
Case 2571,2,¡¢,¥£¤,¥£¤,1.0,1.0,0.9,Satisfied
Case 2577,2,¡¢,¥£¤,¥£¤,1.0,1.0,0.9,Satisfied
Case 2581,2,¡¡,¢¥£¤,¢£¤,0.75,0.75,0.9,Satisfied
Case 2585,2,¡¢,¥£¤,¥£¤,1.0,1.0,0.9,Satisfied
Case 2591,2,¡¢,¥£¤,¥£¤,1.0,1.0,0.9,Satisfied
Case 2593,2,¡­,¥£¤,¥£¤,1.0,1.0,0.9,Satisfied
Case 2596,2,¡¢,¥£¤,¥£¤,1.0,1.0,0.9,Satisfied
Case 2598,2,¡¢,¥£¤,¥£¤,1.0,1.0,0.9,Satisfied
Case 2599,2,¡¢,¥£¤,¥£¤,1.0,1.0,0.9,Satisfied
Case 2603,2,¡¢,¥£¤,¥£¤,1.0,1.0,0.9,Satisfied
Case 2607,2,¡¢,¥£¤,¥£¤,1.0,1.0,0.9,Satisfied
Case 2609,2,¡¢,¥£¤,¥£¤,1.0,1.0,0.9,Satisfied
Case 261,2,¡¢,¥£¤,¥£¤,1.0,1.0,0.9,Satisfied
Case 2611,2,¡¢,¥£¤,¥£¤,1.0,1.0,0.9,Satisfied
Case 2613,2,¡¢,¥¥¥£¥£¤,¥£¤,0.4285714285714286,1.0,0.9,Satisfied
Case 2614,2,¡¢,¥£¤,¥£¤,1.0,1.0,0.9,Satisfied
Case 2616,2,¡¥,£¤,£¤,1.0,1.0,0.9,Satisfied
Case 262,2,¡¢,¥£¥£¤,¥£¤,0.6,1.0,0.9,Satisfied
Case 2620,2,¡¢,­¥£¤,¥£¤,0.75,0.75,0.9,Satisfied
Case 2622,2,¢¥,£¤,£¤,1.0,1.0,0.9,Satisfied
Case 2625,2,¡¢,¥£¤,¥£¤,1.0,1.0,0.9,Satisfied
Case 2631,2,¡¢,¥£¤,¥£¤,1.0,1.0,0.9,Satisfied
Case 2634,2,¡¢,¥£¤,¥£¤,1.0,1.0,0.9,Satisfied
Case 2643,2,¡¥,£¤,£¤,1.0,1.0,0.9,Satisfied
Case 265,2,¡¢,¥£¤,¥£¤,1.0,1.0,0.9,Satisfied
Case 2659,2,¡¢,¥¥¢£¤,¥£¤,0.6,0.75,0.9,Satisfied
Case 2665,2,¡¢,¥£¤,¥£¤,1.0,1.0,0.9,Satisfied
Case 2666,2,¡¡,¢¥¥£¤,¢£¤,0.6,0.75,0.9,Satisfied
Case 2667,2,¡¢,¥¥£¢¥£¤,¥£¤,0.4285714285714286,0.75,0.9,Satisfied
Case 2668,2,¡¡,¢­¥£¤,¢£¤,0.6,0.6,0.9,Satisfied
Case 2674,2,¡¢,¥¢£¤,¥£¤,0.75,0.75,0.9,Satisfied
Case 2676,2,¡¢,¥£¤,¥£¤,1.0,1.0,0.9,Satisfied
Case 2681,2,¡¢,¥£¤,¥£¤,1.0,1.0,0.9,Satisfied
Case 2686,2,¢¥,£¤,£¤,1.0,1.0,0.9,Satisfied
Case 2700,2,¡¢,¥£¤,¥£¤,1.0,1.0,0.9,Satisfied
Case 2713,2,¡¢,¥£¤,¥£¤,1.0,1.0,0.9,Satisfied
Case 2714,2,¡¢,¥£¤,¥£¤,1.0,1.0,0.9,Satisfied
Case 2716,2,¡¢,¥£¤,¥£¤,1.0,1.0,0.9,Satisfied
Case 2720,2,¡¢,­¥£¤,¥£¤,0.75,0.75,0.9,Satisfied
Case 2721,2,¡¢,¥£¤,¥£¤,1.0,1.0,0.9,Satisfied
Case 2734,2,¡¢,¥£¤,¥£¤,1.0,1.0,0.9,Satisfied
Case 2741,2,¡¢,¥£¤,¥£¤,1.0,1.0,0.9,Satisfied
Case 2765,2,¡¢,¥¥£¤,¥£¤,0.75,1.0,0.9,Satisfied
Case 2770,2,¡¢,¥£¤,¥£¤,1.0,1.0,0.9,Satisfied
Case 2774,2,¡¥,£¥£¢¥£¤,£¤,0.2857142857142857,0.5,0.9,Satisfied
Case 2776,2,¢¥,¢¥£¤,£¤,0.5,0.5,0.9,Satisfied
Case 2777,2,¡¢,¥£¤,¥£¤,1.0,1.0,0.9,Satisfied
Case 2788,2,¡¢,¥£¤,¥£¤,1.0,1.0,0.9,Satisfied
Case 2789,2,¡¢,¥£¤,¥£¤,1.0,1.0,0.9,Satisfied
Case 2791,2,¡¢,¥£¤,¥£¤,1.0,1.0,0.9,Satisfied
Case 2797,2,¢¥,£¤,£¤,1.0,1.0,0.9,Satisfied
Case 28,2,¡¢,¦­­¥£,¥£¤,0.19999999999999996,0.4,0.9,Satisfied
Case 2814,2,¡¢,¥£¤,¥£¤,1.0,1.0,0.9,Satisfied
Case 282,2,¡¢,¥£¤,¥£¤,1.0,1.0,0.9,Satisfied
Case 2826,2,¡¢,¥£¤,¥£¤,1.0,1.0,0.9,Satisfied
Case 2834,2,¡¢,¥£¤,¥£¤,1.0,1.0,0.9,Satisfied
Case 2839,2,¡¢,¥£¤,¥£¤,1.0,1.0,0.9,Satisfied
Case 2847,2,¡¢,¥£¤,¥£¤,1.0,1.0,0.9,Satisfied
Case 2848,2,¡¢,¥£¤,¥£¤,1.0,1.0,0.9,Satisfied
Case 2849,2,¡¥,£¥£¤,£¤,0.5,0.6666666666666666,0.9,Satisfied
Case 2851,2,¡¢,¥£¤,¥£¤,1.0,1.0,0.9,Satisfied
Case 2854,2,¡¢,¥£¤,¥£¤,1.0,1.0,0.9,Satisfied
Case 286,2,¡¢,¥£¤,¥£¤,1.0,1.0,0.9,Satisfied
Case 2860,2,¡¢,¥£¤,¥£¤,1.0,1.0,0.9,Satisfied
Case 2866,2,¡¢,¥£¤,¥£¤,1.0,1.0,0.9,Satisfied
Case 2873,2,¡¢,¥£¤,¥£¤,1.0,1.0,0.9,Satisfied
Case 2875,2,¡¢,¥£¤,¥£¤,1.0,1.0,0.9,Satisfied
Case 2881,2,¡­,­¥£¤,¥£¤,0.75,0.75,0.9,Satisfied
Case 2891,2,¡¢,¥£¤,¥£¤,1.0,1.0,0.9,Satisfied
Case 2897,2,¡¢,­¢¥£¤,¥£¤,0.6,0.6,0.9,Satisfied
Case 2905,2,¡¢,¥£¤,¥£¤,1.0,1.0,0.9,Satisfied
Case 2908,2,¡¢,¥£¤,¥£¤,1.0,1.0,0.9,Satisfied
Case 2910,2,¡¢,¥£¤,¥£¤,1.0,1.0,0.9,Satisfied
Case 2918,2,¡¢,­¢¥£¤,¥£¤,0.6,0.6,0.9,Satisfied
Case 292,2,¡¢,¥£¤,¥£¤,1.0,1.0,0.9,Satisfied
Case 2931,2,¡¢,¥­£¥£¤,¥£¤,0.5,0.75,0.9,Satisfied
Case 2932,2,¡¢,¥£¤,¥£¤,1.0,1.0,0.9,Satisfied
Case 2934,2,¡¢,¥£¤,¥£¤,1.0,1.0,0.9,Satisfied
Case 2949,2,¡¢,¥£¤,¥£¤,1.0,1.0,0.9,Satisfied
Case 2956,2,¡¥,£¤,£¤,1.0,1.0,0.9,Satisfied
Case 296,2,¡¢,¥£¤,¥£¤,1.0,1.0,0.9,Satisfied
Case 2962,2,¡¢,¥£¤,¥£¤,1.0,1.0,0.9,Satisfied
Case 2964,2,¡¢,¥£¤,¥£¤,1.0,1.0,0.9,Satisfied
Case 2966,2,¡¢,¥£¤,¥£¤,1.0,1.0,0.9,Satisfied
Case 2968,2,¡¢,¥£¤,¥£¤,1.0,1.0,0.9,Satisfied
Case 2970,2,¡¢,­¥£¤,¥£¤,0.75,0.75,0.9,Satisfied
Case 2971,2,¡¢,¥£¤,¥£¤,1.0,1.0,0.9,Satisfied
Case 2975,2,¡¥,¡¢¥¥¢£¤,£¤,0.2857142857142857,0.4,0.9,Satisfied
Case 2981,2,¡¡,¢­­¥£¤,¢£¤,0.5,0.6,0.9,Satisfied
Case 2984,2,¡¢,¥£¥£¤,¥£¤,0.6,1.0,0.9,Satisfied
Case 2988,2,¡¥,£¥£¤,£¤,0.5,0.6666666666666666,0.9,Satisfied
Case 299,2,¡¢,¥£¤,¥£¤,1.0,1.0,0.9,Satisfied
Case 2992,2,¡¢,¥£¤,¥£¤,1.0,1.0,0.9,Satisfied
Case 3002,2,¡¢,¥£¤,¥£¤,1.0,1.0,0.9,Satisfied
Case 3008,2,¡¢,¥£¤,¥£¤,1.0,1.0,0.9,Satisfied
Case 3009,2,¡¢,¥¢£¤,¥£¤,0.75,0.75,0.9,Satisfied
Case 3010,2,¡¢,¥£¤,¥£¤,1.0,1.0,0.9,Satisfied
Case 3013,2,¡¢,¢¥£¤,¥£¤,0.75,0.75,0.9,Satisfied
Case 3015,2,¡¢,­¥£¤,¥£¤,0.75,0.75,0.9,Satisfied
Case 3016,2,¡¡,¢¥£¤,¢£¤,0.75,0.75,0.9,Satisfied
Case 3021,2,¡¢,¥£¤,¥£¤,1.0,1.0,0.9,Satisfied
Case 3027,2,¡¢,¥£¤,¥£¤,1.0,1.0,0.9,Satisfied
Case 3034,2,¡¢,¥£¤,¥£¤,1.0,1.0,0.9,Satisfied
Case 3035,2,¡¢,¥£¤,¥£¤,1.0,1.0,0.9,Satisfied
Case 3037,2,¡¢,¥£¤,¥£¤,1.0,1.0,0.9,Satisfied
Case 3038,2,¡¢,¥¢¥£¤,¥£¤,0.6,0.75,0.9,Satisfied
Case 3043,2,¡¢,¥£¤,¥£¤,1.0,1.0,0.9,Satisfied
Case 3044,2,¡¢,¥£¤,¥£¤,1.0,1.0,0.9,Satisfied
Case 3046,2,¡¥,£¤,£¤,1.0,1.0,0.9,Satisfied
Case 3056,2,¡¢,¥£¤,¥£¤,1.0,1.0,0.9,Satisfied
Case 3058,2,¡¢,­¥£¥£¤,¥£¤,0.5,0.75,0.9,Satisfied
Case 3059,2,¡¢,­¥£¤,¥£¤,0.75,0.75,0.9,Satisfied
Case 3061,2,¡¢,­¥£¤,¥£¤,0.75,0.75,0.9,Satisfied
Case 3071,2,¡¢,¦­¥£¤,¥£¤,0.6,0.6,0.9,Satisfied
Case 3073,2,¡¢,¥£¤,¥£¤,1.0,1.0,0.9,Satisfied
Case 3077,2,¡­,¥£¤,¥£¤,1.0,1.0,0.9,Satisfied
Case 3078,2,¡¢,¥£¤,¥£¤,1.0,1.0,0.9,Satisfied
Case 308,2,¡¢,¥£¤,¥£¤,1.0,1.0,0.9,Satisfied
Case 3082,2,¡¡,¢¥£¤,¢£¤,0.75,0.75,0.9,Satisfied
Case 3083,2,¡¢,¥£¤,¥£¤,1.0,1.0,0.9,Satisfied
Case 3086,2,¡¢,¥£¤,¥£¤,1.0,1.0,0.9,Satisfied
Case 3095,2,¡¢,¥£¤,¥£¤,1.0,1.0,0.9,Satisfied
Case 31,2,¡¢,¦­¥£¤,¥£¤,0.6,0.6,0.9,Satisfied
Case 3103,2,¡¢,­¥£¤,¥£¤,0.75,0.75,0.9,Satisfied
Case 3112,2,¡¢,¥£¤,¥£¤,1.0,1.0,0.9,Satisfied
Case 3113,2,¡¢,¥¥¢¥£¤,¥£¤,0.5,0.75,0.9,Satisfied
Case 3118,2,¡¢,¥¥¦£¤,¥£¤,0.6,0.75,0.9,Satisfied
Case 3121,2,¡¢,¥£¡¢¥£¤,¥£¤,0.4285714285714286,0.6,0.9,Satisfied
Case 3126,2,¡¢,¥£¤,¥£¤,1.0,1.0,0.9,Satisfied
Case 3128,2,¡¢,¥£¤,¥£¤,1.0,1.0,0.9,Satisfied
Case 313,2,¡¢,¥­¥£¥£¤,¥£¤,0.4285714285714286,0.75,0.9,Satisfied
Case 3139,2,¡¢,­¢¥£¤,¥£¤,0.6,0.6,0.9,Satisfied
Case 3142,2,¡¢,¥£¤,¥£¤,1.0,1.0,0.9,Satisfied
Case 3145,2,¡¢,¥£¤,¥£¤,1.0,1.0,0.9,Satisfied
Case 3148,2,¢¥,£¤,£¤,1.0,1.0,0.9,Satisfied
Case 317,2,¡¢,­¥£¤,¥£¤,0.75,0.75,0.9,Satisfied
Case 3172,2,¡¢,¥£¤,¥£¤,1.0,1.0,0.9,Satisfied
Case 3176,2,¡¢,­¥£¤,¥£¤,0.75,0.75,0.9,Satisfied
Case 3180,2,¡¢,¥£¤,¥£¤,1.0,1.0,0.9,Satisfied
Case 3182,2,¡¢,¥£¤,¥£¤,1.0,1.0,0.9,Satisfied
Case 3184,2,¡¢,¥£¤,¥£¤,1.0,1.0,0.9,Satisfied
Case 3186,2,¡¢,¥£¤,¥£¤,1.0,1.0,0.9,Satisfied
Case 3188,2,¡¢,¥£¤,¥£¤,1.0,1.0,0.9,Satisfied
Case 3192,2,¡¢,¦¥£¤,¥£¤,0.75,0.75,0.9,Satisfied
Case 3212,2,¡¢,¥£¤,¥£¤,1.0,1.0,0.9,Satisfied
Case 3214,2,¡¢,¦¥£¤,¥£¤,0.75,0.75,0.9,Satisfied
Case 3222,2,¡¢,¥£¤,¥£¤,1.0,1.0,0.9,Satisfied
Case 3226,2,¡¥,£¤,£¤,1.0,1.0,0.9,Satisfied
Case 3229,2,¡¢,¥£¤,¥£¤,1.0,1.0,0.9,Satisfied
Case 323,2,¡¢,¥£¤,¥£¤,1.0,1.0,0.9,Satisfied
Case 3231,2,¡¢,¥£¤,¥£¤,1.0,1.0,0.9,Satisfied
Case 3233,2,¡¢,¥£¤,¥£¤,1.0,1.0,0.9,Satisfied
Case 3239,2,¡¥,£¤,£¤,1.0,1.0,0.9,Satisfied
Case 324,2,¢¥,£¤,£¤,1.0,1.0,0.9,Satisfied
Case 3240,2,¡¢,¥£¤,¥£¤,1.0,1.0,0.9,Satisfied
Case 3249,2,¡¢,­­¢¥£¥£¤,¥£¤,0.375,0.6,0.9,Satisfied
Case 3251,2,¡¢,¥£¤,¥£¤,1.0,1.0,0.9,Satisfied
Case 3253,2,¡¢,¥£¤,¥£¤,1.0,1.0,0.9,Satisfied
Case 3254,2,¡¢,¥,¥£¤,0.33333333333333337,0.33333333333333326,0.9,Satisfied
Case 326,2,¡¢,­­¥£¤,¥£¤,0.6,0.75,0.9,Satisfied
Case 3260,2,¡¢,¥£¤,¥£¤,1.0,1.0,0.9,Satisfied
Case 3262,2,¡¢,¥£¤,¥£¤,1.0,1.0,0.9,Satisfied
Case 3273,2,¡¢,¥£¤,¥£¤,1.0,1.0,0.9,Satisfied
Case 3276,2,¡¢,­¥£¤,¥£¤,0.75,0.75,0.9,Satisfied
Case 3288,2,¡¢,¥£¥£¤,¥£¤,0.6,1.0,0.9,Satisfied
Case 3289,2,¡¢,¥£¤,¥£¤,1.0,1.0,0.9,Satisfied
Case 3294,2,¡¢,¥¢£¤,¥£¤,0.75,0.75,0.9,Satisfied
Case 33,2,¡¢,¥£¤,¥£¤,1.0,1.0,0.9,Satisfied
Case 331,2,¡¢,­¥£¤,¥£¤,0.75,0.75,0.9,Satisfied
Case 3314,2,¡¢,¥£¤,¥£¤,1.0,1.0,0.9,Satisfied
Case 3315,2,¡¢,¥£¤,¥£¤,1.0,1.0,0.9,Satisfied
Case 332,2,¡¢,¥£¤,¥£¤,1.0,1.0,0.9,Satisfied
Case 3323,2,¡¢,¦­­¥£,¥£¤,0.19999999999999996,0.4,0.9,Satisfied
Case 3324,2,¡¢,¥£¤,¥£¤,1.0,1.0,0.9,Satisfied
Case 333,2,¡¢,¥£¤,¥£¤,1.0,1.0,0.9,Satisfied
Case 3331,2,¡¢,¥£¤,¥£¤,1.0,1.0,0.9,Satisfied
Case 3334,2,¡¢,¥£¤,¥£¤,1.0,1.0,0.9,Satisfied
Case 3336,2,¡¢,¥£¤,¥£¤,1.0,1.0,0.9,Satisfied
Case 3338,2,¡­,¥£¤,¥£¤,1.0,1.0,0.9,Satisfied
Case 3341,2,¡¢,¥£¤,¥£¤,1.0,1.0,0.9,Satisfied
Case 3344,2,¡¥,£¥£¢¥£¥£¤,£¤,0.2222222222222222,0.5,0.9,Satisfied
Case 3349,2,¡¢,¥£¤,¥£¤,1.0,1.0,0.9,Satisfied
Case 3351,2,¡¢,¥£¥£¤,¥£¤,0.6,1.0,0.9,Satisfied
Case 3357,2,¡¢,¥£¤,¥£¤,1.0,1.0,0.9,Satisfied
Case 3358,2,¡¢,­¥£¤,¥£¤,0.75,0.75,0.9,Satisfied
Case 3360,2,¡¢,¥£¤,¥£¤,1.0,1.0,0.9,Satisfied
Case 3362,2,¡¢,¥£¤,¥£¤,1.0,1.0,0.9,Satisfied
Case 337,2,¡¢,¥£¤,¥£¤,1.0,1.0,0.9,Satisfied
Case 3372,2,¡¢,¥£¤,¥£¤,1.0,1.0,0.9,Satisfied
Case 3373,2,¡¢,¥£¤,¥£¤,1.0,1.0,0.9,Satisfied
Case 3376,2,¡¢,¥£¤,¥£¤,1.0,1.0,0.9,Satisfied
Case 3382,2,¡¢,¥£¤,¥£¤,1.0,1.0,0.9,Satisfied
Case 3398,2,¡¢,¥£¤,¥£¤,1.0,1.0,0.9,Satisfied
Case 34,2,¡¢,¥¥£¤,¥£¤,0.75,1.0,0.9,Satisfied
Case 3403,2,¡¢,¥£¤,¥£¤,1.0,1.0,0.9,Satisfied
Case 3409,2,¡¢,¦¬¬­,¥£¤,0.0,0.0,0.9,Satisfied
Case 3413,2,¡¢,¥£¤,¥£¤,1.0,1.0,0.9,Satisfied
Case 3416,2,¡¥,£¤,£¤,1.0,1.0,0.9,Satisfied
Case 3418,2,¡¢,­¥£¤,¥£¤,0.75,0.75,0.9,Satisfied
Case 3419,2,¡¢,¥£¤,¥£¤,1.0,1.0,0.9,Satisfied
Case 3426,2,¡¢,¥£¤,¥£¤,1.0,1.0,0.9,Satisfied
Case 3428,2,¡¢,¥£¤,¥£¤,1.0,1.0,0.9,Satisfied
Case 343,2,¡¢,¥£¤,¥£¤,1.0,1.0,0.9,Satisfied
Case 3436,2,¡¢,¥¥¥¥£¤,¥£¤,0.5,1.0,0.9,Satisfied
Case 3439,2,¢¥,£¢¥¢¥£¤,£¤,0.2857142857142857,0.5,0.9,Satisfied
Case 3440,2,¡¢,¥£¤,¥£¤,1.0,1.0,0.9,Satisfied
Case 3442,2,¡¢,¥£¤,¥£¤,1.0,1.0,0.9,Satisfied
Case 3443,2,¡¢,­¥£,¥£¤,0.33333333333333337,0.5,0.9,Satisfied
Case 3444,2,¡¦,¦¬¬­¥£¤,¥£¤,0.4285714285714286,0.5,0.9,Satisfied
Case 3448,2,¡¢,¥£¤,¥£¤,1.0,1.0,0.9,Satisfied
Case 3449,2,¡¡,¢¥£¤,¢£¤,0.75,0.75,0.9,Satisfied
Case 345,2,¡¢,¥£¤,¥£¤,1.0,1.0,0.9,Satisfied
Case 3454,2,¡¢,¢¥£¤,¥£¤,0.75,0.75,0.9,Satisfied
Case 346,2,¡¥,¥£¤,£¤,0.6666666666666667,0.6666666666666666,0.9,Satisfied
Case 3462,2,¡¢,¥£¤,¥£¤,1.0,1.0,0.9,Satisfied
Case 3465,2,¡¢,¥£¤,¥£¤,1.0,1.0,0.9,Satisfied
Case 3475,2,¡¢,¥£¤,¥£¤,1.0,1.0,0.9,Satisfied
Case 348,2,¡¢,¥£¤,¥£¤,1.0,1.0,0.9,Satisfied
Case 349,2,¡¢,¥£¤,¥£¤,1.0,1.0,0.9,Satisfied
Case 3498,2,¡¢,¥£¤,¥£¤,1.0,1.0,0.9,Satisfied
Case 3511,2,¡¢,¥£¤,¥£¤,1.0,1.0,0.9,Satisfied
Case 3516,2,¡¢,­¥£¤,¥£¤,0.75,0.75,0.9,Satisfied
Case 3517,2,¡¢,¥£¤,¥£¤,1.0,1.0,0.9,Satisfied
Case 3529,2,¡¢,¥£¤,¥£¤,1.0,1.0,0.9,Satisfied
Case 3530,2,¡¢,¥£¤,¥£¤,1.0,1.0,0.9,Satisfied
Case 3532,2,¡¢,¥£¤,¥£¤,1.0,1.0,0.9,Satisfied
Case 3535,2,¡¢,¥£¤,¥£¤,1.0,1.0,0.9,Satisfied
Case 3537,2,¡¢,¥£¤,¥£¤,1.0,1.0,0.9,Satisfied
Case 3539,2,¡¢,¥£¤,¥£¤,1.0,1.0,0.9,Satisfied
Case 3542,2,¡¢,¥£¤,¥£¤,1.0,1.0,0.9,Satisfied
Case 3543,2,¡¢,¥£¤,¥£¤,1.0,1.0,0.9,Satisfied
Case 3546,2,¡¢,¥£¤,¥£¤,1.0,1.0,0.9,Satisfied
Case 3551,2,¡¢,¥£¤,¥£¤,1.0,1.0,0.9,Satisfied
Case 3552,2,¡¢,¥£¤,¥£¤,1.0,1.0,0.9,Satisfied
Case 3562,2,¡¢,¥£¢¥£¤,¥£¤,0.5,0.75,0.9,Satisfied
Case 3563,2,¡¢,¥£¤,¥£¤,1.0,1.0,0.9,Satisfied
Case 3565,2,¡¢,¥£¤,¥£¤,1.0,1.0,0.9,Satisfied
Case 3567,2,¡¢,¥£¤,¥£¤,1.0,1.0,0.9,Satisfied
Case 3569,2,¢¥,£¤,£¤,1.0,1.0,0.9,Satisfied
Case 3582,2,¡¢,¥£¤,¥£¤,1.0,1.0,0.9,Satisfied
Case 3583,2,¡¢,¥£¤,¥£¤,1.0,1.0,0.9,Satisfied
Case 3592,2,¡¢,¥£¤,¥£¤,1.0,1.0,0.9,Satisfied
Case 3599,2,¡¢,¥£¤,¥£¤,1.0,1.0,0.9,Satisfied
Case 3600,2,¡¢,¥£¤,¥£¤,1.0,1.0,0.9,Satisfied
Case 3601,2,¡¢,¥£¤,¥£¤,1.0,1.0,0.9,Satisfied
Case 361,2,¡¢,¥£¢¥£¤,¥£¤,0.5,0.75,0.9,Satisfied
Case 3613,2,¡¢,­¥£¤,¥£¤,0.75,0.75,0.9,Satisfied
Case 3614,2,¡¢,¥£¤,¥£¤,1.0,1.0,0.9,Satisfied
Case 3634,2,¢¥,£¤,£¤,1.0,1.0,0.9,Satisfied
Case 3638,2,¡¢,¥£¤,¥£¤,1.0,1.0,0.9,Satisfied
Case 364,2,¡¢,¥£¤,¥£¤,1.0,1.0,0.9,Satisfied
Case 3641,2,¡¢,¥£¤,¥£¤,1.0,1.0,0.9,Satisfied
Case 3643,2,¡¢,¥£¤,¥£¤,1.0,1.0,0.9,Satisfied
Case 3645,2,¡¢,­¥£¤,¥£¤,0.75,0.75,0.9,Satisfied
Case 3653,2,¡¢,¥£¤,¥£¤,1.0,1.0,0.9,Satisfied
Case 3654,2,¡¢,¥£¤,¥£¤,1.0,1.0,0.9,Satisfied
Case 3656,2,¡¢,¥¥£¤,¥£¤,0.75,1.0,0.9,Satisfied
Case 3657,2,¡¢,¥£¤,¥£¤,1.0,1.0,0.9,Satisfied
Case 3662,2,¡¢,¥¥£¤,¥£¤,0.75,1.0,0.9,Satisfied
Case 3663,2,¡¢,¥£¤,¥£¤,1.0,1.0,0.9,Satisfied
Case 3666,2,¡¢,¥£¤,¥£¤,1.0,1.0,0.9,Satisfied
Case 3669,2,¡¡,¢¥¢­­£¤,¢£¤,0.4285714285714286,0.6,0.9,Satisfied
Case 367,2,¡¥,¥£¤,£¤,0.6666666666666667,0.6666666666666666,0.9,Satisfied
Case 3670,2,¡¢,¥£¤,¥£¤,1.0,1.0,0.9,Satisfied
Case 3673,2,¡¢,¥¢¥£¤,¥£¤,0.6,0.75,0.9,Satisfied
Case 3674,2,¡¢,¥£¤,¥£¤,1.0,1.0,0.9,Satisfied
Case 3676,2,¡¢,¥£¥£¤,¥£¤,0.6,1.0,0.9,Satisfied
Case 3678,2,¡¢,¥£¤,¥£¤,1.0,1.0,0.9,Satisfied
Case 3688,2,¡¡,¢¥£¤,¢£¤,0.75,0.75,0.9,Satisfied
Case 3692,2,¡¥,£¢¥£¤,£¤,0.4,0.5,0.9,Satisfied
Case 3696,2,¡¢,¥£¤,¥£¤,1.0,1.0,0.9,Satisfied
Case 370,2,¡¢,¥£¤,¥£¤,1.0,1.0,0.9,Satisfied
Case 3705,2,¡¢,¥£¢¥£¤,¥£¤,0.5,0.75,0.9,Satisfied
Case 3708,2,¡¢,¥£¤,¥£¤,1.0,1.0,0.9,Satisfied
Case 3738,2,¡¢,¥£¤,¥£¤,1.0,1.0,0.9,Satisfied
Case 374,2,¡¢,¥£¤,¥£¤,1.0,1.0,0.9,Satisfied
Case 3742,2,¡¢,¥£¤,¥£¤,1.0,1.0,0.9,Satisfied
Case 3745,2,¡¢,¥£¤,¥£¤,1.0,1.0,0.9,Satisfied
Case 3766,2,¡¢,¥£¤,¥£¤,1.0,1.0,0.9,Satisfied
Case 3770,2,¡¢,¥£¤,¥£¤,1.0,1.0,0.9,Satisfied
Case 3775,2,¡¢,¥£¤,¥£¤,1.0,1.0,0.9,Satisfied
Case 3776,2,¡¡,¢¥£¤,¢£¤,0.75,0.75,0.9,Satisfied
Case 378,2,¡¢,¥£¤,¥£¤,1.0,1.0,0.9,Satisfied
Case 3787,2,¡¢,¥¢£¤,¥£¤,0.75,0.75,0.9,Satisfied
Case 3798,2,¡¢,¥£¤,¥£¤,1.0,1.0,0.9,Satisfied
Case 380,2,¡¥,£¤,£¤,1.0,1.0,0.9,Satisfied
Case 3802,2,§¡,¥£¤,¢¥£¤,0.75,0.75,0.9,Satisfied
Case 3818,2,¡¢,¥£¤,¥£¤,1.0,1.0,0.9,Satisfied
Case 3819,2,¡¢,¥£¤,¥£¤,1.0,1.0,0.9,Satisfied
Case 382,2,¡¢,¥¢­£,¥£¤,0.25,0.4,0.9,Satisfied
Case 3822,2,¡¢,¥£¤,¥£¤,1.0,1.0,0.9,Satisfied
Case 383,2,§¥,¥,£¤,0.0,0.0,0.9,Satisfied
Case 3832,2,¡¢,¥¥£¢¥£¤,¥£¤,0.4285714285714286,0.75,0.9,Satisfied
Case 384,2,¡¢,¥£¤,¥£¤,1.0,1.0,0.9,Satisfied
Case 3844,2,¡¢,¥£¤,¥£¤,1.0,1.0,0.9,Satisfied
Case 3857,2,¡¢,¥£¤,¥£¤,1.0,1.0,0.9,Satisfied
Case 3864,2,¡¢,¥£¤,¥£¤,1.0,1.0,0.9,Satisfied
Case 3865,2,¡¢,­¥£¤,¥£¤,0.75,0.75,0.9,Satisfied
Case 3877,2,¡¢,¥£¤,¥£¤,1.0,1.0,0.9,Satisfied
Case 3880,2,¡¥,£¤,£¤,1.0,1.0,0.9,Satisfied
Case 3884,2,¡¢,¥¢£¤,¥£¤,0.75,0.75,0.9,Satisfied
Case 3885,2,¡¢,¥£¤,¥£¤,1.0,1.0,0.9,Satisfied
Case 3888,2,¡¥,£¤,£¤,1.0,1.0,0.9,Satisfied
Case 3890,2,¡¢,¥£¤,¥£¤,1.0,1.0,0.9,Satisfied
Case 3896,2,¡¢,¥£¤,¥£¤,1.0,1.0,0.9,Satisfied
Case 3898,2,¡¢,¥£¤,¥£¤,1.0,1.0,0.9,Satisfied
Case 3899,2,¡¢,¥£¤,¥£¤,1.0,1.0,0.9,Satisfied
Case 39,2,¡¢,¥£¤,¥£¤,1.0,1.0,0.9,Satisfied
Case 3905,2,¡¢,¥£¤,¥£¤,1.0,1.0,0.9,Satisfied
Case 3912,2,¡¢,¥£¤,¥£¤,1.0,1.0,0.9,Satisfied
Case 3913,2,¡¥,£¤,£¤,1.0,1.0,0.9,Satisfied
Case 3928,2,¡¢,¥£¤,¥£¤,1.0,1.0,0.9,Satisfied
Case 3930,2,¡¢,¥£¤,¥£¤,1.0,1.0,0.9,Satisfied
Case 3933,2,¡¢,¥£¤,¥£¤,1.0,1.0,0.9,Satisfied
Case 3943,2,¡¢,¥£¤,¥£¤,1.0,1.0,0.9,Satisfied
Case 3946,2,¡¢,¥£¤,¥£¤,1.0,1.0,0.9,Satisfied
Case 3957,2,¡¢,¢¥£¤,¥£¤,0.75,0.75,0.9,Satisfied
Case 3963,2,¡¢,­­¥£¥£¤,¥£¤,0.4285714285714286,0.75,0.9,Satisfied
Case 397,2,¡¢,¥£¤,¥£¤,1.0,1.0,0.9,Satisfied
Case 3974,2,¡¢,¥£¤,¥£¤,1.0,1.0,0.9,Satisfied
Case 3976,2,¡¢,¥£¤,¥£¤,1.0,1.0,0.9,Satisfied
Case 3983,2,¡¢,¥£¤,¥£¤,1.0,1.0,0.9,Satisfied
Case 399,2,¡¢,¥£¤,¥£¤,1.0,1.0,0.9,Satisfied
Case 3992,2,¡¢,­£¤,¥£¤,0.6666666666666667,0.5,0.9,Satisfied
Case 40,2,¡¢,£¤,¥£¤,0.6666666666666667,0.6666666666666666,0.9,Satisfied
Case 4004,2,¢£,£¤,¤,0.5,0.5,0.9,Satisfied
Case 4006,2,¡¢,¥¢¥£¤,¥£¤,0.6,0.75,0.9,Satisfied
Case 4009,2,¡¢,¥£¤,¥£¤,1.0,1.0,0.9,Satisfied
Case 4017,2,¡¢,¥£¤,¥£¤,1.0,1.0,0.9,Satisfied
Case 402,2,¡¢,£¤,¥£¤,0.6666666666666667,0.6666666666666666,0.9,Satisfied
Case 4026,2,¡¢,¥¦­£¤,¥£¤,0.6,0.6,0.9,Satisfied
Case 4030,2,¡¢,£¤,¥£¤,0.6666666666666667,0.6666666666666666,0.9,Satisfied
Case 4031,2,¡£,£¤,¤,0.5,0.5,0.9,Satisfied
Case 4032,2,¡¥,£¤,£¤,1.0,1.0,0.9,Satisfied
Case 4037,2,¡¢,£¤,¥£¤,0.6666666666666667,0.6666666666666666,0.9,Satisfied
Case 4048,2,¡¢,£¤,¥£¤,0.6666666666666667,0.6666666666666666,0.9,Satisfied
Case 4054,2,¡¢,£¤,¥£¤,0.6666666666666667,0.6666666666666666,0.9,Satisfied
Case 4067,2,¡¢,£¤,¥£¤,0.6666666666666667,0.6666666666666666,0.9,Satisfied
Case 4068,2,¡¢,£¤,¥£¤,0.6666666666666667,0.6666666666666666,0.9,Satisfied
Case 4069,2,¡¢,£¤,¥£¤,0.6666666666666667,0.6666666666666666,0.9,Satisfied
Case 407,2,¡¢,¥£¤,¥£¤,1.0,1.0,0.9,Satisfied
Case 4073,2,¡¢,¥£¤,¥£¤,1.0,1.0,0.9,Satisfied
Case 4074,2,¡¢,¥£¤,¥£¤,1.0,1.0,0.9,Satisfied
Case 408,2,¡¡,¢¥£¤,¢£¤,0.75,0.75,0.9,Satisfied
Case 4082,2,¡¢,­£¤,¥£¤,0.6666666666666667,0.5,0.9,Satisfied
Case 4084,2,¡¢,¥£¤,¥£¤,1.0,1.0,0.9,Satisfied
Case 4106,2,¡¢,£¤,¥£¤,0.6666666666666667,0.6666666666666666,0.9,Satisfied
Case 4107,2,¡¢,¥¥£¤,¥£¤,0.75,1.0,0.9,Satisfied
Case 412,2,¡¢,¥£¤,¥£¤,1.0,1.0,0.9,Satisfied
Case 4127,2,¡¢,£¤,¥£¤,0.6666666666666667,0.6666666666666666,0.9,Satisfied
Case 414,2,¡¡,¢£¤,¢£¤,1.0,1.0,0.9,Satisfied
Case 4145,2,¡¢,£¤,¥£¤,0.6666666666666667,0.6666666666666666,0.9,Satisfied
Case 4147,2,¡¢,¥£¤,¥£¤,1.0,1.0,0.9,Satisfied
Case 4149,2,¡¢,¥£¤,¥£¤,1.0,1.0,0.9,Satisfied
Case 4154,2,¡¢,£¤,¥£¤,0.6666666666666667,0.6666666666666666,0.9,Satisfied
Case 4156,2,¡¢,¥£¤,¥£¤,1.0,1.0,0.9,Satisfied
Case 4160,2,¡¢,£¤,¥£¤,0.6666666666666667,0.6666666666666666,0.9,Satisfied
Case 4161,2,¡¢,£¤,¥£¤,0.6666666666666667,0.6666666666666666,0.9,Satisfied
Case 4162,2,¡¢,£¤,¥£¤,0.6666666666666667,0.6666666666666666,0.9,Satisfied
Case 4165,2,¡¡,¢¥£¤,¢£¤,0.75,0.75,0.9,Satisfied
Case 4172,2,¡¢,¥£¤,¥£¤,1.0,1.0,0.9,Satisfied
Case 4183,2,¡­,£¤,¥£¤,0.6666666666666667,0.6666666666666666,0.9,Satisfied
Case 4185,2,¡¢,­£¤,¥£¤,0.6666666666666667,0.5,0.9,Satisfied
Case 4187,2,¡¢,¥¢¥,¥£¤,0.33333333333333337,0.25,0.9,Satisfied
Case 4194,2,¡¢,£¤,¥£¤,0.6666666666666667,0.6666666666666666,0.9,Satisfied
Case 4197,2,¡¡,¡¢£¤,¢£¤,0.75,0.75,0.9,Satisfied
Case 4206,2,¡¢,£¤,¥£¤,0.6666666666666667,0.6666666666666666,0.9,Satisfied
Case 421,2,¡¢,£¤,¥£¤,0.6666666666666667,0.6666666666666666,0.9,Satisfied
Case 4212,2,¡¢,£¤,¥£¤,0.6666666666666667,0.6666666666666666,0.9,Satisfied
Case 4241,2,¡¢,£¤,¥£¤,0.6666666666666667,0.6666666666666666,0.9,Satisfied
Case 4248,2,¡£,¤,¤,1.0,1.0,0.9,Satisfied
Case 4255,2,¡¢,££¤,¥£¤,0.6666666666666667,0.6666666666666666,0.9,Satisfied
Case 4257,2,¡¢,¥£¤,¥£¤,1.0,1.0,0.9,Satisfied
Case 4259,2,¡¢,¢£¤,¥£¤,0.6666666666666667,0.5,0.9,Satisfied
Case 4268,2,¢¥,£¤,£¤,1.0,1.0,0.9,Satisfied
Case 4269,2,¡¢,¥£¤,¥£¤,1.0,1.0,0.9,Satisfied
Case 427,2,¡¢,£¤,¥£¤,0.6666666666666667,0.6666666666666666,0.9,Satisfied
Case 4282,2,¡¢,£¤,¥£¤,0.6666666666666667,0.6666666666666666,0.9,Satisfied
Case 4300,2,¡¢,¥¥£¤,¥£¤,0.75,1.0,0.9,Satisfied
Case 4301,2,¡¢,¥£¤,¥£¤,1.0,1.0,0.9,Satisfied
Case 4324,2,¡¢,£¤,¥£¤,0.6666666666666667,0.6666666666666666,0.9,Satisfied
Case 4325,2,¡¢,£¤,¥£¤,0.6666666666666667,0.6666666666666666,0.9,Satisfied
Case 4326,2,¡¢,¥£¤,¥£¤,1.0,1.0,0.9,Satisfied
Case 433,2,¡¢,¥¥£¤,¥£¤,0.75,1.0,0.9,Satisfied
Case 4332,2,¡¢,£¤,¥£¤,0.6666666666666667,0.6666666666666666,0.9,Satisfied
Case 4337,2,¡¢,¥£¤,¥£¤,1.0,1.0,0.9,Satisfied
Case 4338,2,¡¢,¥¢¥£¤,¥£¤,0.6,0.75,0.9,Satisfied
Case 4348,2,¡¢,­£¤,¥£¤,0.6666666666666667,0.5,0.9,Satisfied
Case 435,2,¡¢,­£¤,¥£¤,0.6666666666666667,0.5,0.9,Satisfied
Case 4351,2,¡¢,¥£¤,¥£¤,1.0,1.0,0.9,Satisfied
Case 4352,2,¡¢,¥£¤,¥£¤,1.0,1.0,0.9,Satisfied
Case 4353,2,¡¢,¢¥¥£¤,¥£¤,0.6,0.75,0.9,Satisfied
Case 4354,2,¡¢,­£,¥£¤,0.33333333333333337,0.25,0.9,Satisfied
Case 4355,2,¡¢,£¤,¥£¤,0.6666666666666667,0.6666666666666666,0.9,Satisfied
Case 4359,2,¡¢,¥£¤,¥£¤,1.0,1.0,0.9,Satisfied
Case 4361,2,¡¢,­£¤,¥£¤,0.6666666666666667,0.5,0.9,Satisfied
Case 4365,2,¡¢,¥£¤,¥£¤,1.0,1.0,0.9,Satisfied
Case 4369,2,¡¢,¥£¤,¥£¤,1.0,1.0,0.9,Satisfied
Case 4370,2,§¥,¥,£¤,0.0,0.0,0.9,Satisfied
Case 4371,2,¡£,£¤,¤,0.5,0.5,0.9,Satisfied
Case 438,2,¡¢,­¥£¤,¥£¤,0.75,0.75,0.9,Satisfied
Case 4383,2,¡¢,£¤,¥£¤,0.6666666666666667,0.6666666666666666,0.9,Satisfied
Case 4385,2,¡¡,¢£¤,¢£¤,1.0,1.0,0.9,Satisfied
Case 4389,2,¡¢,­£¤,¥£¤,0.6666666666666667,0.5,0.9,Satisfied
Case 4394,2,¡¢,£¤,¥£¤,0.6666666666666667,0.6666666666666666,0.9,Satisfied
Case 4396,2,¡¢,£¤,¥£¤,0.6666666666666667,0.6666666666666666,0.9,Satisfied
Case 4398,2,¡¢,¥¢¥£¤,¥£¤,0.6,0.75,0.9,Satisfied
Case 4407,2,¡¢,¥£¤,¥£¤,1.0,1.0,0.9,Satisfied
Case 441,2,¢£,£¤,¤,0.5,0.5,0.9,Satisfied
Case 4410,2,¡¢,¥¢£¤,¥£¤,0.75,0.75,0.9,Satisfied
Case 4415,2,¡¢,£¤,¥£¤,0.6666666666666667,0.6666666666666666,0.9,Satisfied
Case 4417,2,¡¥,££¤,£¤,0.6666666666666667,1.0,0.9,Satisfied
Case 4419,2,¡¥,£¤,£¤,1.0,1.0,0.9,Satisfied
Case 4421,2,¡¢,¥£¤,¥£¤,1.0,1.0,0.9,Satisfied
Case 4422,2,¡¢,£¤,¥£¤,0.6666666666666667,0.6666666666666666,0.9,Satisfied
Case 4423,2,¡¡,¢£¤,¢£¤,1.0,1.0,0.9,Satisfied
Case 4424,2,¡¢,¥£¤,¥£¤,1.0,1.0,0.9,Satisfied
Case 4426,2,¡¢,¥£¤,¥£¤,1.0,1.0,0.9,Satisfied
Case 4431,2,¡¢,¥£¤,¥£¤,1.0,1.0,0.9,Satisfied
Case 4456,2,¡¢,¥£¤,¥£¤,1.0,1.0,0.9,Satisfied
Case 446,2,¡¢,¥£¤,¥£¤,1.0,1.0,0.9,Satisfied
Case 4463,2,¡¢,¦¦¬¬­¦£,¥£¤,0.0,0.16666666666666663,0.9,Satisfied
Case 4465,2,¡¢,¥£¤,¥£¤,1.0,1.0,0.9,Satisfied
Case 4469,2,¡¢,£¤,¥£¤,0.6666666666666667,0.6666666666666666,0.9,Satisfied
Case 447,2,¡£,¤,¤,1.0,1.0,0.9,Satisfied
Case 4478,2,¡¢,¥¢£¤,¥£¤,0.75,0.75,0.9,Satisfied
Case 4485,2,¡¢,¥£¤,¥£¤,1.0,1.0,0.9,Satisfied
Case 4487,2,¡¢,£¤,¥£¤,0.6666666666666667,0.6666666666666666,0.9,Satisfied
Case 4501,2,¢¥,¢¥£¤,£¤,0.5,0.5,0.9,Satisfied
Case 4506,2,¡¢,¥£¤,¥£¤,1.0,1.0,0.9,Satisfied
Case 4511,2,¡¢,­££¤,¥£¤,0.5,0.5,0.9,Satisfied
Case 4530,2,¡¡,£¤,¢£¤,0.6666666666666667,0.6666666666666666,0.9,Satisfied
Case 4532,2,¡£,¤,¤,1.0,1.0,0.9,Satisfied
Case 4535,2,¡¢,£¤,¥£¤,0.6666666666666667,0.6666666666666666,0.9,Satisfied
Case 4537,2,¡¢,£¤,¥£¤,0.6666666666666667,0.6666666666666666,0.9,Satisfied
Case 4544,2,¡¢,£,¥£¤,0.33333333333333337,0.33333333333333326,0.9,Satisfied
Case 4558,2,¡¢,¥£¤,¥£¤,1.0,1.0,0.9,Satisfied
Case 456,2,¡¢,£¤,¥£¤,0.6666666666666667,0.6666666666666666,0.9,Satisfied
Case 4563,2,¡¢,¥£¤,¥£¤,1.0,1.0,0.9,Satisfied
Case 4575,2,¡¢,¥£¤,¥£¤,1.0,1.0,0.9,Satisfied
Case 46,2,¡¢,¢¥£¤,¥£¤,0.75,0.75,0.9,Satisfied
Case 467,2,¡¢,¥¢­£¤,¥£¤,0.6,0.6,0.9,Satisfied
Case 470,2,¡¢,¥£¤,¥£¤,1.0,1.0,0.9,Satisfied
Case 474,2,¡¡,¡¢¥£¤,¢£¤,0.6,0.6,0.9,Satisfied
Case 478,2,¡¡,¢¥£¤,¢£¤,0.75,0.75,0.9,Satisfied
Case 480,2,¡¢,£¤,¥£¤,0.6666666666666667,0.6666666666666666,0.9,Satisfied
Case 483,2,¡¢,£¤,¥£¤,0.6666666666666667,0.6666666666666666,0.9,Satisfied
Case 484,2,¡¢,¥£¤,¥£¤,1.0,1.0,0.9,Satisfied
Case 487,2,¡¢,£¤,¥£¤,0.6666666666666667,0.6666666666666666,0.9,Satisfied
Case 496,2,¡¢,¥£¤,¥£¤,1.0,1.0,0.9,Satisfied
Case 498,2,¡¢,££¤,¥£¤,0.6666666666666667,0.6666666666666666,0.9,Satisfied
Case 502,2,¡¢,£¤,¥£¤,0.6666666666666667,0.6666666666666666,0.9,Satisfied
Case 503,2,¡¢,¦­£¤,¥£¤,0.5,0.4,0.9,Satisfied
Case 504,2,¡¢,¥£¤,¥£¤,1.0,1.0,0.9,Satisfied
Case 506,2,¡¢,­£¤,¥£¤,0.6666666666666667,0.5,0.9,Satisfied
Case 507,2,¡¢,£¤,¥£¤,0.6666666666666667,0.6666666666666666,0.9,Satisfied
Case 520,2,¡¢,££¤,¥£¤,0.6666666666666667,0.6666666666666666,0.9,Satisfied
Case 523,2,¢¥,£¤,£¤,1.0,1.0,0.9,Satisfied
Case 525,2,¡¡,¢¥¥,¢£¤,0.33333333333333337,0.25,0.9,Satisfied
Case 527,2,¡¥,¡¡¢£¤,£¤,0.4,0.5,0.9,Satisfied
Case 529,2,¡¥,¥£¤,£¤,0.6666666666666667,0.6666666666666666,0.9,Satisfied
Case 530,2,¡¢,¥¥¥£¤,¥£¤,0.6,1.0,0.9,Satisfied
Case 532,2,¡¢,£¢¥£¤,¥£¤,0.6,0.75,0.9,Satisfied
Case 533,2,¡¢,£¤,¥£¤,0.6666666666666667,0.6666666666666666,0.9,Satisfied
Case 54,2,¡¢,£¤,¥£¤,0.6666666666666667,0.6666666666666666,0.9,Satisfied
Case 553,2,¡¢,¥£¤,¥£¤,1.0,1.0,0.9,Satisfied
Case 554,2,¡£,¤,¤,1.0,1.0,0.9,Satisfied
Case 557,2,¢£,¤,¤,1.0,1.0,0.9,Satisfied
Case 558,2,¡¢,¢£¤,¥£¤,0.6666666666666667,0.5,0.9,Satisfied
Case 559,2,¡¢,¥£¤,¥£¤,1.0,1.0,0.9,Satisfied
Case 566,2,¡¢,¥¢¥£¤,¥£¤,0.6,0.75,0.9,Satisfied
Case 575,2,¡¢,¥£¤,¥£¤,1.0,1.0,0.9,Satisfied
Case 58,2,¡¦,­£¤,¥£¤,0.6666666666666667,0.5,0.9,Satisfied
Case 593,2,¡¢,£¤,¥£¤,0.6666666666666667,0.6666666666666666,0.9,Satisfied
Case 594,2,¡¢,£¤,¥£¤,0.6666666666666667,0.6666666666666666,0.9,Satisfied
Case 595,2,¡¢,¥£¤,¥£¤,1.0,1.0,0.9,Satisfied
Case 603,2,¡¢,££¤,¥£¤,0.6666666666666667,0.6666666666666666,0.9,Satisfied
Case 606,2,¡¢,£¤,¥£¤,0.6666666666666667,0.6666666666666666,0.9,Satisfied
Case 622,2,¡¢,¦£¤,¥£¤,0.6666666666666667,0.5,0.9,Satisfied
Case 624,2,¡¢,¥£¤,¥£¤,1.0,1.0,0.9,Satisfied
Case 626,2,¡¢,¥£¤,¥£¤,1.0,1.0,0.9,Satisfied
Case 63,2,¡¢,£¤,¥£¤,0.6666666666666667,0.6666666666666666,0.9,Satisfied
Case 630,2,¡¢,£¤,¥£¤,0.6666666666666667,0.6666666666666666,0.9,Satisfied
Case 631,2,¢¥,¢¥£¤,£¤,0.5,0.5,0.9,Satisfied
Case 638,2,¡¢,¥¢¥£¤,¥£¤,0.6,0.75,0.9,Satisfied
Case 639,2,¡¢,¥£¤,¥£¤,1.0,1.0,0.9,Satisfied
Case 645,2,¡¢,£¤,¥£¤,0.6666666666666667,0.6666666666666666,0.9,Satisfied
Case 65,2,¡¢,¥£¤,¥£¤,1.0,1.0,0.9,Satisfied
Case 656,2,¡¢,¥££¤,¥£¤,0.75,1.0,0.9,Satisfied
Case 664,2,¡¢,¥£¤,¥£¤,1.0,1.0,0.9,Satisfied
Case 676,2,¢¥,£¤,£¤,1.0,1.0,0.9,Satisfied
Case 679,2,¡¢,£¤,¥£¤,0.6666666666666667,0.6666666666666666,0.9,Satisfied
Case 685,2,¢¥,£¤,£¤,1.0,1.0,0.9,Satisfied
Case 69,2,¡¢,£¤,¥£¤,0.6666666666666667,0.6666666666666666,0.9,Satisfied
Case 691,2,¡¢,£¤,¥£¤,0.6666666666666667,0.6666666666666666,0.9,Satisfied
Case 696,2,¡¢,£¤,¥£¤,0.6666666666666667,0.6666666666666666,0.9,Satisfied
Case 7,2,¡¡,¡¢£¤,¢£¤,0.75,0.75,0.9,Satisfied
Case 701,2,¡¢,£¤,¥£¤,0.6666666666666667,0.6666666666666666,0.9,Satisfied
Case 708,2,¡¢,¥£¤,¥£¤,1.0,1.0,0.9,Satisfied
Case 728,2,¡¢,£¤,¥£¤,0.6666666666666667,0.6666666666666666,0.9,Satisfied
Case 73,2,¡£,¤,¤,1.0,1.0,0.9,Satisfied
Case 732,2,¡¦,¢¦­®«£¤,¥£¤,0.2857142857142857,0.25,0.9,Satisfied
Case 747,2,¡¢,¥£¤,¥£¤,1.0,1.0,0.9,Satisfied
Case 755,2,¡¢,£¤,¥£¤,0.6666666666666667,0.6666666666666666,0.9,Satisfied
Case 757,2,¡¢,­¥£¤,¥£¤,0.75,0.75,0.9,Satisfied
Case 769,2,¡¢,£¤,¥£¤,0.6666666666666667,0.6666666666666666,0.9,Satisfied
Case 77,2,¡¢,¥£¤,¥£¤,1.0,1.0,0.9,Satisfied
Case 775,2,¡¢,¥£¤,¥£¤,1.0,1.0,0.9,Satisfied
Case 780,2,¡¢,¥£¤,¥£¤,1.0,1.0,0.9,Satisfied
Case 782,2,¡¢,¥£¤,¥£¤,1.0,1.0,0.9,Satisfied
Case 79,2,¡¢,¥¥£¤,¥£¤,0.75,1.0,0.9,Satisfied
Case 80,2,¡¢,£¤,¥£¤,0.6666666666666667,0.6666666666666666,0.9,Satisfied
Case 805,2,¡¢,¥£¤,¥£¤,1.0,1.0,0.9,Satisfied
Case 807,2,¡­,£¤,¥£¤,0.6666666666666667,0.6666666666666666,0.9,Satisfied
Case 809,2,¡¢,¥£¤,¥£¤,1.0,1.0,0.9,Satisfied
Case 82,2,¡¢,¥£¤,¥£¤,1.0,1.0,0.9,Satisfied
Case 821,2,¡¢,£¤,¥£¤,0.6666666666666667,0.6666666666666666,0.9,Satisfied
Case 824,2,¡¢,£¤,¥£¤,0.6666666666666667,0.6666666666666666,0.9,Satisfied
Case 825,2,¡¢,£¤,¥£¤,0.6666666666666667,0.6666666666666666,0.9,Satisfied
Case 826,2,¡¢,¥£¤,¥£¤,1.0,1.0,0.9,Satisfied
Case 829,2,¡¢,£¤,¥£¤,0.6666666666666667,0.6666666666666666,0.9,Satisfied
Case 83,2,¡¢,¥£¤,¥£¤,1.0,1.0,0.9,Satisfied
Case 831,2,¡¢,¥£¤,¥£¤,1.0,1.0,0.9,Satisfied
Case 839,2,¢¥,£¤,£¤,1.0,1.0,0.9,Satisfied
Case 841,2,¡¢,£¤,¥£¤,0.6666666666666667,0.6666666666666666,0.9,Satisfied
Case 845,2,¡¢,¥£¤,¥£¤,1.0,1.0,0.9,Satisfied
Case 849,2,¡¢,£¤,¥£¤,0.6666666666666667,0.6666666666666666,0.9,Satisfied
Case 856,2,¡¢,¥£¤,¥£¤,1.0,1.0,0.9,Satisfied
Case 868,2,¡¢,¦£¤,¥£¤,0.6666666666666667,0.5,0.9,Satisfied
Case 875,2,¡¢,£¤,¥£¤,0.6666666666666667,0.6666666666666666,0.9,Satisfied
Case 876,2,¡¢,¥£¤,¥£¤,1.0,1.0,0.9,Satisfied
Case 881,2,¡¢,¥£¤,¥£¤,1.0,1.0,0.9,Satisfied
Case 89,2,¡¢,£¤,¥£¤,0.6666666666666667,0.6666666666666666,0.9,Satisfied
Case 894,2,¡¢,¥¥£¤,¥£¤,0.75,1.0,0.9,Satisfied
Case 901,2,¡£,£¤,¤,0.5,0.5,0.9,Satisfied
Case 906,2,¡¢,£¤,¥£¤,0.6666666666666667,0.6666666666666666,0.9,Satisfied
Case 910,2,¡¢,£¤,¥£¤,0.6666666666666667,0.6666666666666666,0.9,Satisfied
Case 911,2,¡¢,¢£¤,¥£¤,0.6666666666666667,0.5,0.9,Satisfied
Case 930,2,¡¢,£¤,¥£¤,0.6666666666666667,0.6666666666666666,0.9,Satisfied
Case 939,2,¡¢,¥¥£¤,¥£¤,0.75,1.0,0.9,Satisfied
Case 949,2,¡¢,£¤,¥£¤,0.6666666666666667,0.6666666666666666,0.9,Satisfied
Case 951,2,¡¢,¥£¤,¥£¤,1.0,1.0,0.9,Satisfied
Case 954,2,¡¢,£¤,¥£¤,0.6666666666666667,0.6666666666666666,0.9,Satisfied
Case 959,2,¡¢,£¤,¥£¤,0.6666666666666667,0.6666666666666666,0.9,Satisfied
Case 961,2,¡¢,¥£¤,¥£¤,1.0,1.0,0.9,Satisfied
Case 962,2,¡¢,£¤,¥£¤,0.6666666666666667,0.6666666666666666,0.9,Satisfied
Case 963,2,¡¢,£¤,¥£¤,0.6666666666666667,0.6666666666666666,0.9,Satisfied
Case 964,2,¡¢,£¤,¥£¤,0.6666666666666667,0.6666666666666666,0.9,Satisfied
Case 97,2,¡¢,£¤,¥£¤,0.6666666666666667,0.6666666666666666,0.9,Satisfied
Case 979,2,¡¢,£¤,¥£¤,0.6666666666666667,0.6666666666666666,0.9,Satisfied
Case 980,2,¡¡,£¤,¢£¤,0.6666666666666667,0.6666666666666666,0.9,Satisfied
Case 984,2,¢£,¤,¤,1.0,1.0,0.9,Satisfied
Case 986,2,¡¢,¥£¤,¥£¤,1.0,1.0,0.9,Satisfied
Case 988,2,¡¢,¥£¤,¥£¤,1.0,1.0,0.9,Satisfied
Case 989,2,¡¢,¥£¤,¥£¤,1.0,1.0,0.9,Satisfied
Case 998,2,¡¢,¥£¤,¥£¤,1.0,1.0,0.9,Satisfied
Case 999,2,¡¢,£¤,¥£¤,0.6666666666666667,0.6666666666666666,0.9,Satisfied
Case 1,3,¡¢¢,¥£¤,£¤,0.6666666666666667,0.6666666666666666,0.5,Satisfied
Case 100,3,¡¢­,¥£¤,£¤,0.6666666666666667,0.6666666666666666,0.5,Satisfied
Case 1001,3,¡¢¥,£¤,£¤,1.0,1.0,0.5,Satisfied
Case 1007,3,¡¢¥,£¤,£¤,1.0,1.0,0.5,Satisfied
Case 1010,3,¡¢­,¥£¤,£¤,0.6666666666666667,0.6666666666666666,0.5,Satisfied
Case 1017,3,¡¢¥,£¥£¤,£¤,0.5,0.6666666666666666,0.5,Satisfied
Case 1019,3,¡¢¥,£¤,£¤,1.0,1.0,0.5,Satisfied
Case 1023,3,¡¥£,¥£¤,¤,0.33333333333333337,0.33333333333333326,0.5,Satisfied
Case 1026,3,¡¢­,¥£¤,£¤,0.6666666666666667,0.6666666666666666,0.5,Satisfied
Case 1027,3,¡¢¥,£¤,£¤,1.0,1.0,0.5,Satisfied
Case 1043,3,¡¢¥,£¤,£¤,1.0,1.0,0.5,Satisfied
Case 105,3,¡¢¥,£¤,£¤,1.0,1.0,0.5,Satisfied
Case 1054,3,¡¢¥,£¤,£¤,1.0,1.0,0.5,Satisfied
Case 1057,3,¡¢­,¥£¤,£¤,0.6666666666666667,0.6666666666666666,0.5,Satisfied
Case 106,3,¡¥£,¤,¤,1.0,1.0,0.5,Satisfied
Case 107,3,¡¢¥,£¤,£¤,1.0,1.0,0.5,Satisfied
Case 1070,3,¡¢¥,£¢¥£¤,£¤,0.4,0.5,0.5,Satisfied
Case 1075,3,¡¢¥,£¤,£¤,1.0,1.0,0.5,Satisfied
Case 1079,3,¡¢¥,¥£¤,£¤,0.6666666666666667,0.6666666666666666,0.5,Satisfied
Case 1087,3,¡¢¥,£¢¥£¤,£¤,0.4,0.5,0.5,Satisfied
Case 1088,3,¡¥£,¥£¤,¤,0.33333333333333337,0.33333333333333326,0.5,Satisfied
Case 1096,3,¡¢¥,£¤,£¤,1.0,1.0,0.5,Satisfied
Case 1101,3,¡¢¥,£¤,£¤,1.0,1.0,0.5,Satisfied
Case 1102,3,¡¢¥,£¥£¤,£¤,0.5,0.6666666666666666,0.5,Satisfied
Case 1104,3,¡¢¥,£¤,£¤,1.0,1.0,0.5,Satisfied
Case 1109,3,¡¢¥,£¤,£¤,1.0,1.0,0.5,Satisfied
Case 1110,3,¡¢¥,£¤,£¤,1.0,1.0,0.5,Satisfied
Case 1111,3,¡¢¥,¢£¤,£¤,0.6666666666666667,0.6666666666666666,0.5,Satisfied
Case 1112,3,¡¢¥,¥£¤,£¤,0.6666666666666667,0.6666666666666666,0.5,Satisfied
Case 1113,3,¡¢¥,£¤,£¤,1.0,1.0,0.5,Satisfied
Case 1116,3,¡¢¥,£¤,£¤,1.0,1.0,0.5,Satisfied
Case 1122,3,¡¢¥,£¤,£¤,1.0,1.0,0.5,Satisfied
Case 1124,3,¡¢¥,£¤,£¤,1.0,1.0,0.5,Satisfied
Case 1129,3,¡¢¥,¢£¤,£¤,0.6666666666666667,0.6666666666666666,0.5,Satisfied
Case 114,3,¡¢¥,¢¥£¤,£¤,0.5,0.5,0.5,Satisfied
Case 1142,3,¡¢¥,­¥£¤,£¤,0.5,0.5,0.5,Satisfied
Case 1144,3,¡¥£,¢­¥£¤,¤,0.19999999999999996,0.19999999999999996,0.5,Satisfied
Case 1145,3,¡¢¥,£¤,£¤,1.0,1.0,0.5,Satisfied
Case 115,3,¡¢¥,¥£¤,£¤,0.6666666666666667,0.6666666666666666,0.5,Satisfied
Case 1156,3,¡¢¥,£¤,£¤,1.0,1.0,0.5,Satisfied
Case 1159,3,¡¢¥,£¤,£¤,1.0,1.0,0.5,Satisfied
Case 1164,3,¡¢¥,£¤,£¤,1.0,1.0,0.5,Satisfied
Case 1169,3,¡¥£,¤,¤,1.0,1.0,0.5,Satisfied
Case 1176,3,¡¢¥,£¤,£¤,1.0,1.0,0.5,Satisfied
Case 1179,3,¡¢¥,£¤,£¤,1.0,1.0,0.5,Satisfied
Case 1185,3,¡¢¥,£¤,£¤,1.0,1.0,0.5,Satisfied
Case 1193,3,¡¢¥,£¤,£¤,1.0,1.0,0.5,Satisfied
Case 12,3,¡¢¥,£¤,£¤,1.0,1.0,0.5,Satisfied
Case 1210,3,¡¥£,¤,¤,1.0,1.0,0.5,Satisfied
Case 1221,3,¡¢¥,£¤,£¤,1.0,1.0,0.5,Satisfied
Case 1235,3,¡¢¥,¥£¤,£¤,0.6666666666666667,0.6666666666666666,0.5,Satisfied
Case 1238,3,¡¢¥,­£¤,£¤,0.6666666666666667,0.6666666666666666,0.5,Satisfied
Case 1239,3,¡¢¥,£¤,£¤,1.0,1.0,0.5,Satisfied
Case 1246,3,¡¢¥,£¤,£¤,1.0,1.0,0.5,Satisfied
Case 1249,3,§¥¥,¥¥,¢£¤,0.0,0.0,0.5,Satisfied
Case 1250,3,¢¥£,¢¥£¤,¤,0.25,0.25,0.5,Satisfied
Case 1254,3,¡¡¥,¥£¤,¢£¤,0.6666666666666667,0.5,0.5,Satisfied
Case 1261,3,¢¢¥,£¤,£¤,1.0,1.0,0.5,Satisfied
Case 1269,3,¡¢¢,¥£¤,£¤,0.6666666666666667,0.6666666666666666,0.5,Satisfied
Case 1272,3,¡¢¥,£¤,£¤,1.0,1.0,0.5,Satisfied
Case 1275,3,¡¢¥,£¤,£¤,1.0,1.0,0.5,Satisfied
Case 129,3,¡¥£,¤,¤,1.0,1.0,0.5,Satisfied
Case 1290,3,¡¢¥,£¤,£¤,1.0,1.0,0.5,Satisfied
Case 1292,3,¡¢¥,£¤,£¤,1.0,1.0,0.5,Satisfied
Case 1299,3,¡¢¥,£¤,£¤,1.0,1.0,0.5,Satisfied
Case 13,3,¡¢¥,£¤,£¤,1.0,1.0,0.5,Satisfied
Case 1301,3,¡¢¥,£¤,£¤,1.0,1.0,0.5,Satisfied
Case 1303,3,¡¢­,¥£¤,£¤,0.6666666666666667,0.6666666666666666,0.5,Satisfied
Case 1304,3,¡¢¥,£¤,£¤,1.0,1.0,0.5,Satisfied
Case 1305,3,¡¢¥,£¤,£¤,1.0,1.0,0.5,Satisfied
Case 1309,3,¡¥£,¤,¤,1.0,1.0,0.5,Satisfied
Case 131,3,¡¢¥,£¤,£¤,1.0,1.0,0.5,Satisfied
Case 1313,3,¡¢¥,£¤,£¤,1.0,1.0,0.5,Satisfied
Case 1314,3,¡¢¦,¥£¤,£¤,0.6666666666666667,0.6666666666666666,0.5,Satisfied
Case 1315,3,¡¢¥,£¤,£¤,1.0,1.0,0.5,Satisfied
Case 1318,3,¡¢­,¥£¤,£¤,0.6666666666666667,0.6666666666666666,0.5,Satisfied
Case 1319,3,¡¢¥,£¤,£¤,1.0,1.0,0.5,Satisfied
Case 1323,3,¡¢¥,£¤,£¤,1.0,1.0,0.5,Satisfied
Case 1327,3,¡¥£,¤,¤,1.0,1.0,0.5,Satisfied
Case 1330,3,¡¥£,¥£¤,¤,0.33333333333333337,0.33333333333333326,0.5,Satisfied
Case 1332,3,¡¢¥,£¤,£¤,1.0,1.0,0.5,Satisfied
Case 1338,3,¡¥£,¤,¤,1.0,1.0,0.5,Satisfied
Case 1356,3,¡¢¥,£¤,£¤,1.0,1.0,0.5,Satisfied
Case 1358,3,¡¢¥,£¤,£¤,1.0,1.0,0.5,Satisfied
Case 1364,3,¡¢¥,­­£¤,£¤,0.5,0.6666666666666666,0.5,Satisfied
Case 1366,3,¡¢¥,£¤,£¤,1.0,1.0,0.5,Satisfied
Case 1371,3,¡¥£,¥£¤,¤,0.33333333333333337,0.33333333333333326,0.5,Satisfied
Case 1375,3,¡¢¥,£¤,£¤,1.0,1.0,0.5,Satisfied
Case 1384,3,¡¥£,¥£¤,¤,0.33333333333333337,0.33333333333333326,0.5,Satisfied
Case 1386,3,¡¢¥,£¥£¤,£¤,0.5,0.6666666666666666,0.5,Satisfied
Case 1387,3,¡¢¥,£¤,£¤,1.0,1.0,0.5,Satisfied
Case 1388,3,¡¢­,­¥£¤,£¤,0.5,0.5,0.5,Satisfied
Case 1393,3,¡¡¢,¥£¤,£¤,0.6666666666666667,0.6666666666666666,0.5,Satisfied
Case 1396,3,¡¢¥,£¤,£¤,1.0,1.0,0.5,Satisfied
Case 1397,3,¡¢¥,£¤,£¤,1.0,1.0,0.5,Satisfied
Case 1398,3,¡¢¥,£¤,£¤,1.0,1.0,0.5,Satisfied
Case 140,3,¡¢¥,£¤,£¤,1.0,1.0,0.5,Satisfied
Case 1407,3,¡¢¥,¢¥£¤,£¤,0.5,0.5,0.5,Satisfied
Case 1409,3,¡¢¥,£¤,£¤,1.0,1.0,0.5,Satisfied
Case 1420,3,¡¢¨,¥£¤,£¤,0.6666666666666667,0.6666666666666666,0.5,Satisfied
Case 143,3,¡¢¥,£¤,£¤,1.0,1.0,0.5,Satisfied
Case 1432,3,¡¢¥,£¤,£¤,1.0,1.0,0.5,Satisfied
Case 1433,3,¡¢¥,£¤,£¤,1.0,1.0,0.5,Satisfied
Case 144,3,¡¢¥,£¤,£¤,1.0,1.0,0.5,Satisfied
Case 1441,3,¡¢¥,£¤,£¤,1.0,1.0,0.5,Satisfied
Case 1445,3,¡¢¥,£¤,£¤,1.0,1.0,0.5,Satisfied
Case 1449,3,¡¥¢,¥£¤,£¤,0.6666666666666667,0.6666666666666666,0.5,Satisfied
Case 145,3,¡¢­,¥£¤,£¤,0.6666666666666667,0.6666666666666666,0.5,Satisfied
Case 1450,3,¡¢¥,£¤,£¤,1.0,1.0,0.5,Satisfied
Case 1451,3,¡¢­,¥£¥£¤,£¤,0.4,0.6666666666666666,0.5,Satisfied
Case 1457,3,¡¢¥,£¤,£¤,1.0,1.0,0.5,Satisfied
Case 1460,3,¡¢¥,¢¥£¤,£¤,0.5,0.5,0.5,Satisfied
Case 1464,3,¡¢¥,£¤,£¤,1.0,1.0,0.5,Satisfied
Case 1465,3,¡¢¥,£¤,£¤,1.0,1.0,0.5,Satisfied
Case 1466,3,¡¢¥,£¤,£¤,1.0,1.0,0.5,Satisfied
Case 147,3,¡¢¥,£¤,£¤,1.0,1.0,0.5,Satisfied
Case 1471,3,¡¢­,¥£¤,£¤,0.6666666666666667,0.6666666666666666,0.5,Satisfied
Case 1478,3,¡¡¢,¥¢¥£¤,£¤,0.4,0.5,0.5,Satisfied
Case 1484,3,¡¢¥,£¤,£¤,1.0,1.0,0.5,Satisfied
Case 1487,3,¡¢¥,£¤,£¤,1.0,1.0,0.5,Satisfied
Case 1495,3,¡¢­,­¥£¤,£¤,0.5,0.5,0.5,Satisfied
Case 15,3,¡¡¢,¥£¤,£¤,0.6666666666666667,0.6666666666666666,0.5,Satisfied
Case 1500,3,¡¥£,¥£¤,¤,0.33333333333333337,0.33333333333333326,0.5,Satisfied
Case 1501,3,¢¥£,¥£¤,¤,0.33333333333333337,0.33333333333333326,0.5,Satisfied
Case 1506,3,¡¥¥,¢£¥£¤,¢£¤,0.6,0.75,0.5,Satisfied
Case 1507,3,¡¢¥,£¤,£¤,1.0,1.0,0.5,Satisfied
Case 1509,3,¡¢¥,£¤,£¤,1.0,1.0,0.5,Satisfied
Case 1510,3,¡¢¥,£¤,£¤,1.0,1.0,0.5,Satisfied
Case 1519,3,¡¥£,¥£¤,¤,0.33333333333333337,0.33333333333333326,0.5,Satisfied
Case 1535,3,¡¡¡,¥£¤,¢£¤,0.6666666666666667,0.5,0.5,Satisfied
Case 154,3,¡¢¥,£¤,£¤,1.0,1.0,0.5,Satisfied
Case 1543,3,¡¢¥,£¤,£¤,1.0,1.0,0.5,Satisfied
Case 1553,3,¡¢¥,£¤,£¤,1.0,1.0,0.5,Satisfied
Case 156,3,¡¢¥,£¤,£¤,1.0,1.0,0.5,Satisfied
Case 1562,3,¡¢¥,£¤,£¤,1.0,1.0,0.5,Satisfied
Case 1570,3,¡¢¥,£¤,£¤,1.0,1.0,0.5,Satisfied
Case 1571,3,¡¢¥,¥¥¥¥,£¤,0.0,0.0,0.5,Satisfied
Case 1574,3,¡¢¥,£¤,£¤,1.0,1.0,0.5,Satisfied
Case 1577,3,§¡¡,¢¥£¤,¢£¤,0.75,0.75,0.5,Satisfied
Case 1580,3,¡¢¥,£¤,£¤,1.0,1.0,0.5,Satisfied
Case 1587,3,¡¢¥,£¤,£¤,1.0,1.0,0.5,Satisfied
Case 1603,3,¡¥£,¥£¤,¤,0.33333333333333337,0.33333333333333326,0.5,Satisfied
Case 1604,3,¡¢¥,£¤,£¤,1.0,1.0,0.5,Satisfied
Case 1605,3,¡¢¢,¥£¤,£¤,0.6666666666666667,0.6666666666666666,0.5,Satisfied
Case 1609,3,¡¢¥,£¤,£¤,1.0,1.0,0.5,Satisfied
Case 1610,3,¡¢¥,£¤,£¤,1.0,1.0,0.5,Satisfied
Case 1615,3,¡¢¥,£¤,£¤,1.0,1.0,0.5,Satisfied
Case 1650,3,¡¦¦,¬¬­¥£¤,£¤,0.33333333333333337,0.4,0.5,Satisfied
Case 1655,3,¡¢¥,£¤,£¤,1.0,1.0,0.5,Satisfied
Case 1658,3,¡¢­,¥£¤,£¤,0.6666666666666667,0.6666666666666666,0.5,Satisfied
Case 1663,3,¡¥£,¤,¤,1.0,1.0,0.5,Satisfied
Case 1664,3,¢¥£,¤,¤,1.0,1.0,0.5,Satisfied
Case 1671,3,¡¢¥,£¤,£¤,1.0,1.0,0.5,Satisfied
Case 1674,3,¡¢¥,£¤,£¤,1.0,1.0,0.5,Satisfied
Case 1675,3,¡¢¥,£¤,£¤,1.0,1.0,0.5,Satisfied
Case 1679,3,¡¢¥,£¤,£¤,1.0,1.0,0.5,Satisfied
Case 1681,3,¡¢¥,£¤,£¤,1.0,1.0,0.5,Satisfied
Case 1682,3,¡¢¥,£¤,£¤,1.0,1.0,0.5,Satisfied
Case 169,3,¡¥£,¤,¤,1.0,1.0,0.5,Satisfied
Case 1691,3,§¡¢,¥£¤,£¤,0.6666666666666667,0.6666666666666666,0.5,Satisfied
Case 1697,3,¡¢¥,£¤,£¤,1.0,1.0,0.5,Satisfied
Case 1704,3,¡¢¥,£¤,£¤,1.0,1.0,0.5,Satisfied
Case 1709,3,¡¢¥,£¤,£¤,1.0,1.0,0.5,Satisfied
Case 1711,3,¡¢¥,£¤,£¤,1.0,1.0,0.5,Satisfied
Case 1718,3,¡¢¥,£¤,£¤,1.0,1.0,0.5,Satisfied
Case 1723,3,¡¢¥,£¤,£¤,1.0,1.0,0.5,Satisfied
Case 1730,3,¡¢¥,£¤,£¤,1.0,1.0,0.5,Satisfied
Case 1735,3,¡­¥,£¥£¤,£¤,0.5,0.6666666666666666,0.5,Satisfied
Case 1746,3,¡¢¥,£¤,£¤,1.0,1.0,0.5,Satisfied
Case 1754,3,¡¢¥,£¤,£¤,1.0,1.0,0.5,Satisfied
Case 1760,3,¡¢¥,£¢¥¢£¤,£¤,0.33333333333333337,0.5,0.5,Satisfied
Case 1761,3,¡¢¥,£¤,£¤,1.0,1.0,0.5,Satisfied
Case 1764,3,¡­¥,£¥£¤,£¤,0.5,0.6666666666666666,0.5,Satisfied
Case 1771,3,¡¢¥,£¤,£¤,1.0,1.0,0.5,Satisfied
Case 1772,3,¡¢¥,£¤,£¤,1.0,1.0,0.5,Satisfied
Case 1776,3,¡¢¥,£¤,£¤,1.0,1.0,0.5,Satisfied
Case 1777,3,¡¢¥,£¤,£¤,1.0,1.0,0.5,Satisfied
Case 1787,3,¡¢¥,¥£¥£¤,£¤,0.4,0.6666666666666666,0.5,Satisfied
Case 1788,3,¡¢¥,£¤,£¤,1.0,1.0,0.5,Satisfied
Case 1791,3,¡¢¥,£¤,£¤,1.0,1.0,0.5,Satisfied
Case 1792,3,¡¢¥,£¤,£¤,1.0,1.0,0.5,Satisfied
Case 1795,3,¡¢¥,£¤,£¤,1.0,1.0,0.5,Satisfied
Case 1799,3,¡¢­,¥£¤,£¤,0.6666666666666667,0.6666666666666666,0.5,Satisfied
Case 18,3,¡¢¥,£¥£¤,£¤,0.5,0.6666666666666666,0.5,Satisfied
Case 1812,3,¡¢¥,£¤,£¤,1.0,1.0,0.5,Satisfied
Case 1813,3,¡¢¥,£¤,£¤,1.0,1.0,0.5,Satisfied
Case 1814,3,¡¢¥,£¤,£¤,1.0,1.0,0.5,Satisfied
Case 1815,3,¡¢¥,£¤,£¤,1.0,1.0,0.5,Satisfied
Case 1817,3,¡¢¥,£¤,£¤,1.0,1.0,0.5,Satisfied
Case 1823,3,¡¢¥,£¤,£¤,1.0,1.0,0.5,Satisfied
Case 1826,3,¡¢¥,£¤,£¤,1.0,1.0,0.5,Satisfied
Case 1828,3,¡¢¥,£¤,£¤,1.0,1.0,0.5,Satisfied
Case 1831,3,¡¢¥,£¤,£¤,1.0,1.0,0.5,Satisfied
Case 184,3,¡¢¢,¥£¤,£¤,0.6666666666666667,0.6666666666666666,0.5,Satisfied
Case 1843,3,¡¡¥,£¤,¢£¤,0.6666666666666667,0.6666666666666666,0.5,Satisfied
Case 1848,3,¡¢¥,£¤,£¤,1.0,1.0,0.5,Satisfied
Case 1858,3,¡¥£,¤,¤,1.0,1.0,0.5,Satisfied
Case 1860,3,¡¢¥,£¤,£¤,1.0,1.0,0.5,Satisfied
Case 1868,3,¡¢¥,£¤,£¤,1.0,1.0,0.5,Satisfied
Case 1869,3,¡¢¥,£¤,£¤,1.0,1.0,0.5,Satisfied
Case 1874,3,§¡¢,¥£¤,£¤,0.6666666666666667,0.6666666666666666,0.5,Satisfied
Case 1882,3,¡¢¥,£¤,£¤,1.0,1.0,0.5,Satisfied
Case 1884,3,¡¢¥,£¤,£¤,1.0,1.0,0.5,Satisfied
Case 1887,3,¡¢¥,£¤,£¤,1.0,1.0,0.5,Satisfied
Case 1892,3,¡¢¥,£¤,£¤,1.0,1.0,0.5,Satisfied
Case 1894,3,¡¢¥,£¤,£¤,1.0,1.0,0.5,Satisfied
Case 1900,3,¡¢¥,£¤,£¤,1.0,1.0,0.5,Satisfied
Case 1901,3,¡¢¥,£¤,£¤,1.0,1.0,0.5,Satisfied
Case 1903,3,¡¢¥,£¤,£¤,1.0,1.0,0.5,Satisfied
Case 191,3,¡¡¢,¥£¤,£¤,0.6666666666666667,0.6666666666666666,0.5,Satisfied
Case 1915,3,¡¢¥,£¤,£¤,1.0,1.0,0.5,Satisfied
Case 1916,3,¡¢¥,£¤,£¤,1.0,1.0,0.5,Satisfied
Case 1918,3,¡¥£,¤,¤,1.0,1.0,0.5,Satisfied
Case 192,3,¡¡¢,¥£¤¢¥£¤,£¤,0.2857142857142857,0.5,0.5,Satisfied
Case 1924,3,¡¢¥,£¤,£¤,1.0,1.0,0.5,Satisfied
Case 193,3,¡¢¥,£¤,£¤,1.0,1.0,0.5,Satisfied
Case 1946,3,¡¢¥,£¤,£¤,1.0,1.0,0.5,Satisfied
Case 1961,3,¡¢¥,£¤,£¤,1.0,1.0,0.5,Satisfied
Case 1968,3,¡¢¥,£¤,£¤,1.0,1.0,0.5,Satisfied
Case 1975,3,¡¢¥,£¤,£¤,1.0,1.0,0.5,Satisfied
Case 1978,3,¡¥¢,¥£¤,£¤,0.6666666666666667,0.6666666666666666,0.5,Satisfied
Case 1980,3,¡¢¥,£¤,£¤,1.0,1.0,0.5,Satisfied
Case 1987,3,¡¥£,¤,¤,1.0,1.0,0.5,Satisfied
Case 20,3,¡¢¥,£¤,£¤,1.0,1.0,0.5,Satisfied
Case 2007,3,¡¢­,¥£¥£¤,£¤,0.4,0.6666666666666666,0.5,Satisfied
Case 2013,3,¡¢¥,£¤,£¤,1.0,1.0,0.5,Satisfied
Case 202,3,¡¢¥,£¤,£¤,1.0,1.0,0.5,Satisfied
Case 2021,3,¡¢¥,£¤,£¤,1.0,1.0,0.5,Satisfied
Case 2022,3,¡¡¡,¥£¤,¢£¤,0.6666666666666667,0.5,0.5,Satisfied
Case 2035,3,¡¢¦,­¥£¤,£¤,0.5,0.5,0.5,Satisfied
Case 2037,3,¡¥£,¤,¤,1.0,1.0,0.5,Satisfied
Case 2050,3,¡¢¥,£¤,£¤,1.0,1.0,0.5,Satisfied
Case 2059,3,¡¢¥,£¤,£¤,1.0,1.0,0.5,Satisfied
Case 2062,3,¡¢¥,£¤,£¤,1.0,1.0,0.5,Satisfied
Case 2068,3,¡¢¥,£¤,£¤,1.0,1.0,0.5,Satisfied
Case 2074,3,¡¢¥,£¤,£¤,1.0,1.0,0.5,Satisfied
Case 2081,3,¡¢­,¥£¤,£¤,0.6666666666666667,0.6666666666666666,0.5,Satisfied
Case 2083,3,¡¢¥,£¤,£¤,1.0,1.0,0.5,Satisfied
Case 2092,3,¡¢¥,£¤,£¤,1.0,1.0,0.5,Satisfied
Case 2093,3,¡¢¥,£¤,£¤,1.0,1.0,0.5,Satisfied
Case 2097,3,¡¢¥,£¤,£¤,1.0,1.0,0.5,Satisfied
Case 210,3,¡¢¥,£¤,£¤,1.0,1.0,0.5,Satisfied
Case 2103,3,¡¢¥,£¤,£¤,1.0,1.0,0.5,Satisfied
Case 2104,3,¡¢­,¥£¤,£¤,0.6666666666666667,0.6666666666666666,0.5,Satisfied
Case 2105,3,¡¢¥,£¤,£¤,1.0,1.0,0.5,Satisfied
Case 2108,3,¡¢¥,£¤,£¤,1.0,1.0,0.5,Satisfied
Case 211,3,¡¥£,¤,¤,1.0,1.0,0.5,Satisfied
Case 2112,3,¡¢¥,£¤,£¤,1.0,1.0,0.5,Satisfied
Case 2117,3,¡¥¥,£¢¥£¥£¤,¢£¤,0.4285714285714286,0.75,0.5,Satisfied
Case 2121,3,¡¢¥,£¤,£¤,1.0,1.0,0.5,Satisfied
Case 2123,3,¡¡¢,¥£¥£¤,£¤,0.4,0.6666666666666666,0.5,Satisfied
Case 2125,3,¡¢¥,­,£¤,0.0,0.0,0.5,Satisfied
Case 2126,3,¡¢¥,£¤,£¤,1.0,1.0,0.5,Satisfied
Case 2134,3,¡¥¢,£¤,£¤,1.0,1.0,0.5,Satisfied
Case 2141,3,¡¢¥,£¤,£¤,1.0,1.0,0.5,Satisfied
Case 2142,3,¡¢¥,£¤,£¤,1.0,1.0,0.5,Satisfied
Case 2143,3,¡¢­,¥£¤,£¤,0.6666666666666667,0.6666666666666666,0.5,Satisfied
Case 2152,3,¡¢¥,£¤,£¤,1.0,1.0,0.5,Satisfied
Case 2156,3,¡¢¥,£¤,£¤,1.0,1.0,0.5,Satisfied
Case 2157,3,¡¥£,¥£¤,¤,0.33333333333333337,0.33333333333333326,0.5,Satisfied
Case 2163,3,¡¢¥,£¤,£¤,1.0,1.0,0.5,Satisfied
Case 2167,3,¡¢¥,£¤,£¤,1.0,1.0,0.5,Satisfied
Case 2168,3,¡¢¥,¥£¤,£¤,0.6666666666666667,0.6666666666666666,0.5,Satisfied
Case 2172,3,¡¢¥,£¤,£¤,1.0,1.0,0.5,Satisfied
Case 2176,3,¡¢¥,£¤,£¤,1.0,1.0,0.5,Satisfied
Case 2177,3,¡¥¥,£¤,¢£¤,0.6666666666666667,0.6666666666666666,0.5,Satisfied
Case 2183,3,¡¢¥,£¤,£¤,1.0,1.0,0.5,Satisfied
Case 2187,3,¡¢¥,£¤,£¤,1.0,1.0,0.5,Satisfied
Case 2191,3,¡¢¥,£¤,£¤,1.0,1.0,0.5,Satisfied
Case 2197,3,¡¢¥,£¤,£¤,1.0,1.0,0.5,Satisfied
Case 2201,3,¡¢¥,£¤,£¤,1.0,1.0,0.5,Satisfied
Case 2203,3,¡¢¥,£¤,£¤,1.0,1.0,0.5,Satisfied
Case 2210,3,¡¢¥,£¤,£¤,1.0,1.0,0.5,Satisfied
Case 2211,3,¡¢¥,£¤,£¤,1.0,1.0,0.5,Satisfied
Case 2215,3,¡¢¥,£¤,£¤,1.0,1.0,0.5,Satisfied
Case 2219,3,¡¢¥,¢£¤,£¤,0.6666666666666667,0.6666666666666666,0.5,Satisfied
Case 2220,3,¡¢¥,£¤,£¤,1.0,1.0,0.5,Satisfied
Case 2227,3,¡¥£,¥£¤,¤,0.33333333333333337,0.33333333333333326,0.5,Satisfied
Case 2228,3,¡¢¥,£¤,£¤,1.0,1.0,0.5,Satisfied
Case 2229,3,¡¥£,¤,¤,1.0,1.0,0.5,Satisfied
Case 2232,3,¡¥£,¤,¤,1.0,1.0,0.5,Satisfied
Case 2236,3,¡¢¥,£¤,£¤,1.0,1.0,0.5,Satisfied
Case 2239,3,¡¢¥,£¥£¢¥£¤,£¤,0.2857142857142857,0.5,0.5,Satisfied
Case 2245,3,¡¢¥,£¤,£¤,1.0,1.0,0.5,Satisfied
Case 2253,3,¢¥£,¤,¤,1.0,1.0,0.5,Satisfied
Case 2256,3,¡¥£,¤,¤,1.0,1.0,0.5,Satisfied
Case 2267,3,¡¢¥,£¤,£¤,1.0,1.0,0.5,Satisfied
Case 2268,3,¡¢¥,£¤,£¤,1.0,1.0,0.5,Satisfied
Case 2279,3,¡¢¥,£¤,£¤,1.0,1.0,0.5,Satisfied
Case 2285,3,¡¥¢,¥£¤,£¤,0.6666666666666667,0.6666666666666666,0.5,Satisfied
Case 2290,3,¡¢¥,£¤,£¤,1.0,1.0,0.5,Satisfied
Case 2296,3,¡¢¥,£¤,£¤,1.0,1.0,0.5,Satisfied
Case 23,3,¡¢¥,£¤,£¤,1.0,1.0,0.5,Satisfied
Case 230,3,¡¡¢,¥£¤,£¤,0.6666666666666667,0.6666666666666666,0.5,Satisfied
Case 2300,3,¡¢­,­¦­,£¤,0.0,0.0,0.5,Satisfied
Case 2302,3,¡¢¥,£¤,£¤,1.0,1.0,0.5,Satisfied
Case 2308,3,¡¢¥,£¤,£¤,1.0,1.0,0.5,Satisfied
Case 2315,3,¡¢¥,£¤,£¤,1.0,1.0,0.5,Satisfied
Case 232,3,¡¢¥,¥£¥£¤,£¤,0.4,0.6666666666666666,0.5,Satisfied
Case 2322,3,¡¢¥,£¤,£¤,1.0,1.0,0.5,Satisfied
Case 2328,3,¡¢¥,£¤,£¤,1.0,1.0,0.5,Satisfied
Case 233,3,¡¢¥,£¤,£¤,1.0,1.0,0.5,Satisfied
Case 2330,3,¡¢¥,£¤,£¤,1.0,1.0,0.5,Satisfied
Case 2335,3,¡¢¥,£¤,£¤,1.0,1.0,0.5,Satisfied
Case 2342,3,¡¢¥,¥£¤,£¤,0.6666666666666667,0.6666666666666666,0.5,Satisfied
Case 2346,3,§¡¢,¥£¤,£¤,0.6666666666666667,0.6666666666666666,0.5,Satisfied
Case 2348,3,¡¢¥,£¤,£¤,1.0,1.0,0.5,Satisfied
Case 235,3,§¡¢,¥£¤,£¤,0.6666666666666667,0.6666666666666666,0.5,Satisfied
Case 2356,3,¡¢¥,¥£¤,£¤,0.6666666666666667,0.6666666666666666,0.5,Satisfied
Case 2362,3,¢¥£,¤,¤,1.0,1.0,0.5,Satisfied
Case 2367,3,¡¢¥,£¤,£¤,1.0,1.0,0.5,Satisfied
Case 2368,3,¡¢¥,£¥£¥£­¢¥£¤,£¤,0.19999999999999996,0.4,0.5,Satisfied
Case 237,3,¡¢­,¥£¤,£¤,0.6666666666666667,0.6666666666666666,0.5,Satisfied
Case 2374,3,¡¢¥,£¤,£¤,1.0,1.0,0.5,Satisfied
Case 2375,3,¡¡¡,¢¥£¤,¢£¤,0.75,0.75,0.5,Satisfied
Case 2380,3,¡¢¥,¢£¤,£¤,0.6666666666666667,0.6666666666666666,0.5,Satisfied
Case 2381,3,¡¡¡,¥£¥£¤,¢£¤,0.4,0.5,0.5,Satisfied
Case 2390,3,¡¢¥,£¤,£¤,1.0,1.0,0.5,Satisfied
Case 2391,3,¡¢¥,£¤,£¤,1.0,1.0,0.5,Satisfied
Case 2398,3,¡¢¥,£¤,£¤,1.0,1.0,0.5,Satisfied
Case 2399,3,¡¢¢,¥£¤,£¤,0.6666666666666667,0.6666666666666666,0.5,Satisfied
Case 2403,3,¡¢¥,£¤,£¤,1.0,1.0,0.5,Satisfied
Case 2415,3,¡¢¥,£¤,£¤,1.0,1.0,0.5,Satisfied
Case 2417,3,¡¢¥,­£¤,£¤,0.6666666666666667,0.6666666666666666,0.5,Satisfied
Case 242,3,¡¢¥,£¤,£¤,1.0,1.0,0.5,Satisfied
Case 2431,3,¡¢¥,£¤,£¤,1.0,1.0,0.5,Satisfied
Case 2432,3,¡¢¥,£¤,£¤,1.0,1.0,0.5,Satisfied
Case 2436,3,¡¥£,¤¢,¤,0.5,0.5,0.5,Satisfied
Case 2447,3,¡¢¢,¥£¤,£¤,0.6666666666666667,0.6666666666666666,0.5,Satisfied
Case 2448,3,¡¢¥,£¤,£¤,1.0,1.0,0.5,Satisfied
Case 2451,3,¡¢¦,­­¥£,£¤,0.0,0.25,0.5,Satisfied
Case 2452,3,¡¢¥,£¤,£¤,1.0,1.0,0.5,Satisfied
Case 2455,3,¡¢¥,£¤,£¤,1.0,1.0,0.5,Satisfied
Case 2458,3,¡¢¥,£¤,£¤,1.0,1.0,0.5,Satisfied
Case 2465,3,¡¢¥,£¤,£¤,1.0,1.0,0.5,Satisfied
Case 2466,3,¡¢­,­¥£¤,£¤,0.5,0.5,0.5,Satisfied
Case 247,3,§¢¥,£¤,£¤,1.0,1.0,0.5,Satisfied
Case 2473,3,¡¢¥,¢¥£¤,£¤,0.5,0.5,0.5,Satisfied
Case 2474,3,¡¢¥,£¤,£¤,1.0,1.0,0.5,Satisfied
Case 2476,3,¡¢­,¥£¤,£¤,0.6666666666666667,0.6666666666666666,0.5,Satisfied
Case 2481,3,¡¢­,¥£¤,£¤,0.6666666666666667,0.6666666666666666,0.5,Satisfied
Case 2490,3,¡¡¢,¥£¤,£¤,0.6666666666666667,0.6666666666666666,0.5,Satisfied
Case 2492,3,¡¢¥,£¤,£¤,1.0,1.0,0.5,Satisfied
Case 2498,3,¡¢¥,£¤,£¤,1.0,1.0,0.5,Satisfied
Case 2499,3,¡¢¥,£¤,£¤,1.0,1.0,0.5,Satisfied
Case 2504,3,¡¢¥,£¤,£¤,1.0,1.0,0.5,Satisfied
Case 2508,3,¡¢¥,£¤,£¤,1.0,1.0,0.5,Satisfied
Case 2512,3,¡¢¥,£¥£¤,£¤,0.5,0.6666666666666666,0.5,Satisfied
Case 2514,3,¡¢¥,¥£¤,£¤,0.6666666666666667,0.6666666666666666,0.5,Satisfied
Case 2522,3,¡¢¥,£¥£¤,£¤,0.5,0.6666666666666666,0.5,Satisfied
Case 253,3,¡¢¥,£¤,£¤,1.0,1.0,0.5,Satisfied
Case 2530,3,¡¢¥,£¤,£¤,1.0,1.0,0.5,Satisfied
Case 2534,3,¡¢¥,£¤,£¤,1.0,1.0,0.5,Satisfied
Case 2541,3,¢¥£,¤,¤,1.0,1.0,0.5,Satisfied
Case 2550,3,¡¢¥,¥£¥£¤,£¤,0.4,0.6666666666666666,0.5,Satisfied
Case 2555,3,¡¢¥,£¤,£¤,1.0,1.0,0.5,Satisfied
Case 2558,3,¡¢¥,£¤,£¤,1.0,1.0,0.5,Satisfied
Case 2569,3,¡¢¥,£¤,£¤,1.0,1.0,0.5,Satisfied
Case 2571,3,¡¢¥,£¤,£¤,1.0,1.0,0.5,Satisfied
Case 2577,3,¡¢¥,£¤,£¤,1.0,1.0,0.5,Satisfied
Case 2581,3,¡¡¢,¥£¤,£¤,0.6666666666666667,0.6666666666666666,0.5,Satisfied
Case 2585,3,¡¢¥,£¤,£¤,1.0,1.0,0.5,Satisfied
Case 2591,3,¡¢¥,£¤,£¤,1.0,1.0,0.5,Satisfied
Case 2593,3,¡­¥,£¤,£¤,1.0,1.0,0.5,Satisfied
Case 2596,3,¡¢¥,£¤,£¤,1.0,1.0,0.5,Satisfied
Case 2598,3,¡¢¥,£¤,£¤,1.0,1.0,0.5,Satisfied
Case 2599,3,¡¢¥,£¤,£¤,1.0,1.0,0.5,Satisfied
Case 2603,3,¡¢¥,£¤,£¤,1.0,1.0,0.5,Satisfied
Case 2607,3,¡¢¥,£¤,£¤,1.0,1.0,0.5,Satisfied
Case 2609,3,¡¢¥,£¤,£¤,1.0,1.0,0.5,Satisfied
Case 261,3,¡¢¥,£¤,£¤,1.0,1.0,0.5,Satisfied
Case 2611,3,¡¢¥,£¤,£¤,1.0,1.0,0.5,Satisfied
Case 2613,3,¡¢¥,¥¥£¥£¤,£¤,0.33333333333333337,0.6666666666666666,0.5,Satisfied
Case 2614,3,¡¢¥,£¤,£¤,1.0,1.0,0.5,Satisfied
Case 2616,3,¡¥£,¤,¤,1.0,1.0,0.5,Satisfied
Case 262,3,¡¢¥,£¥£¤,£¤,0.5,0.6666666666666666,0.5,Satisfied
Case 2620,3,¡¢­,¥£¤,£¤,0.6666666666666667,0.6666666666666666,0.5,Satisfied
Case 2622,3,¢¥£,¤,¤,1.0,1.0,0.5,Satisfied
Case 2625,3,¡¢¥,£¤,£¤,1.0,1.0,0.5,Satisfied
Case 2631,3,¡¢¥,£¤,£¤,1.0,1.0,0.5,Satisfied
Case 2634,3,¡¢¥,£¤,£¤,1.0,1.0,0.5,Satisfied
Case 2643,3,¡¥£,¤,¤,1.0,1.0,0.5,Satisfied
Case 265,3,¡¢¥,£¤,£¤,1.0,1.0,0.5,Satisfied
Case 2659,3,¡¢¥,¥¢£¤,£¤,0.5,0.5,0.5,Satisfied
Case 2665,3,¡¢¥,£¤,£¤,1.0,1.0,0.5,Satisfied
Case 2666,3,¡¡¢,¥¥£¤,£¤,0.5,0.6666666666666666,0.5,Satisfied
Case 2667,3,¡¢¥,¥£¢¥£¤,£¤,0.33333333333333337,0.5,0.5,Satisfied
Case 2668,3,¡¡¢,­¥£¤,£¤,0.5,0.5,0.5,Satisfied
Case 2674,3,¡¢¥,¢£¤,£¤,0.6666666666666667,0.6666666666666666,0.5,Satisfied
Case 2676,3,¡¢¥,£¤,£¤,1.0,1.0,0.5,Satisfied
Case 2681,3,¡¢¥,£¤,£¤,1.0,1.0,0.5,Satisfied
Case 2686,3,¢¥£,¤,¤,1.0,1.0,0.5,Satisfied
Case 2700,3,¡¢¥,£¤,£¤,1.0,1.0,0.5,Satisfied
Case 2713,3,¡¢¥,£¤,£¤,1.0,1.0,0.5,Satisfied
Case 2714,3,¡¢¥,£¤,£¤,1.0,1.0,0.5,Satisfied
Case 2716,3,¡¢¥,£¤,£¤,1.0,1.0,0.5,Satisfied
Case 2720,3,¡¢­,¥£¤,£¤,0.6666666666666667,0.6666666666666666,0.5,Satisfied
Case 2721,3,¡¢¥,£¤,£¤,1.0,1.0,0.5,Satisfied
Case 2734,3,¡¢¥,£¤,£¤,1.0,1.0,0.5,Satisfied
Case 2741,3,¡¢¥,£¤,£¤,1.0,1.0,0.5,Satisfied
Case 2765,3,¡¢¥,¥£¤,£¤,0.6666666666666667,0.6666666666666666,0.5,Satisfied
Case 2770,3,¡¢¥,£¤,£¤,1.0,1.0,0.5,Satisfied
Case 2774,3,¡¥£,¥£¢¥£¤,¤,0.16666666666666663,0.25,0.5,Satisfied
Case 2776,3,¢¥¢,¥£¤,£¤,0.6666666666666667,0.6666666666666666,0.5,Satisfied
Case 2777,3,¡¢¥,£¤,£¤,1.0,1.0,0.5,Satisfied
Case 2788,3,¡¢¥,£¤,£¤,1.0,1.0,0.5,Satisfied
Case 2789,3,¡¢¥,£¤,£¤,1.0,1.0,0.5,Satisfied
Case 2791,3,¡¢¥,£¤,£¤,1.0,1.0,0.5,Satisfied
Case 2797,3,¢¥£,¤,¤,1.0,1.0,0.5,Satisfied
Case 28,3,¡¢¦,­­¥£,£¤,0.0,0.25,0.5,Satisfied
Case 2814,3,¡¢¥,£¤,£¤,1.0,1.0,0.5,Satisfied
Case 282,3,¡¢¥,£¤,£¤,1.0,1.0,0.5,Satisfied
Case 2826,3,¡¢¥,£¤,£¤,1.0,1.0,0.5,Satisfied
Case 2834,3,¡¢¥,£¤,£¤,1.0,1.0,0.5,Satisfied
Case 2839,3,¡¢¥,£¤,£¤,1.0,1.0,0.5,Satisfied
Case 2847,3,¡¢¥,£¤,£¤,1.0,1.0,0.5,Satisfied
Case 2848,3,¡¢¥,£¤,£¤,1.0,1.0,0.5,Satisfied
Case 2849,3,¡¥£,¥£¤,¤,0.33333333333333337,0.33333333333333326,0.5,Satisfied
Case 2851,3,¡¢¥,£¤,£¤,1.0,1.0,0.5,Satisfied
Case 2854,3,¡¢¥,£¤,£¤,1.0,1.0,0.5,Satisfied
Case 286,3,¡¢¥,£¤,£¤,1.0,1.0,0.5,Satisfied
Case 2860,3,¡¢¥,£¤,£¤,1.0,1.0,0.5,Satisfied
Case 2866,3,¡¢¥,£¤,£¤,1.0,1.0,0.5,Satisfied
Case 2873,3,¡¢¥,£¤,£¤,1.0,1.0,0.5,Satisfied
Case 2875,3,¡¢¥,£¤,£¤,1.0,1.0,0.5,Satisfied
Case 2881,3,¡­­,¥£¤,£¤,0.6666666666666667,0.6666666666666666,0.5,Satisfied
Case 2891,3,¡¢¥,£¤,£¤,1.0,1.0,0.5,Satisfied
Case 2897,3,¡¢­,¢¥£¤,£¤,0.5,0.5,0.5,Satisfied
Case 2905,3,¡¢¥,£¤,£¤,1.0,1.0,0.5,Satisfied
Case 2908,3,¡¢¥,£¤,£¤,1.0,1.0,0.5,Satisfied
Case 2910,3,¡¢¥,£¤,£¤,1.0,1.0,0.5,Satisfied
Case 2918,3,¡¢­,¢¥£¤,£¤,0.5,0.5,0.5,Satisfied
Case 292,3,¡¢¥,£¤,£¤,1.0,1.0,0.5,Satisfied
Case 2931,3,¡¢¥,­£¥£¤,£¤,0.4,0.5,0.5,Satisfied
Case 2932,3,¡¢¥,£¤,£¤,1.0,1.0,0.5,Satisfied
Case 2934,3,¡¢¥,£¤,£¤,1.0,1.0,0.5,Satisfied
Case 2949,3,¡¢¥,£¤,£¤,1.0,1.0,0.5,Satisfied
Case 2956,3,¡¥£,¤,¤,1.0,1.0,0.5,Satisfied
Case 296,3,¡¢¥,£¤,£¤,1.0,1.0,0.5,Satisfied
Case 2962,3,¡¢¥,£¤,£¤,1.0,1.0,0.5,Satisfied
Case 2964,3,¡¢¥,£¤,£¤,1.0,1.0,0.5,Satisfied
Case 2966,3,¡¢¥,£¤,£¤,1.0,1.0,0.5,Satisfied
Case 2968,3,¡¢¥,£¤,£¤,1.0,1.0,0.5,Satisfied
Case 2970,3,¡¢­,¥£¤,£¤,0.6666666666666667,0.6666666666666666,0.5,Satisfied
Case 2971,3,¡¢¥,£¤,£¤,1.0,1.0,0.5,Satisfied
Case 2975,3,¡¥¡,¢¥¥¢£¤,¢£¤,0.5,0.75,0.5,Satisfied
Case 2981,3,¡¡¢,­­¥£¤,£¤,0.4,0.5,0.5,Satisfied
Case 2984,3,¡¢¥,£¥£¤,£¤,0.5,0.6666666666666666,0.5,Satisfied
Case 2988,3,¡¥£,¥£¤,¤,0.33333333333333337,0.33333333333333326,0.5,Satisfied
Case 299,3,¡¢¥,£¤,£¤,1.0,1.0,0.5,Satisfied
Case 2992,3,¡¢¥,£¤,£¤,1.0,1.0,0.5,Satisfied
Case 3002,3,¡¢¥,£¤,£¤,1.0,1.0,0.5,Satisfied
Case 3008,3,¡¢¥,£¤,£¤,1.0,1.0,0.5,Satisfied
Case 3009,3,¡¢¥,¢£¤,£¤,0.6666666666666667,0.6666666666666666,0.5,Satisfied
Case 3010,3,¡¢¥,£¤,£¤,1.0,1.0,0.5,Satisfied
Case 3013,3,¡¢¢,¥£¤,£¤,0.6666666666666667,0.6666666666666666,0.5,Satisfied
Case 3015,3,¡¢­,¥£¤,£¤,0.6666666666666667,0.6666666666666666,0.5,Satisfied
Case 3016,3,¡¡¢,¥£¤,£¤,0.6666666666666667,0.6666666666666666,0.5,Satisfied
Case 3021,3,¡¢¥,£¤,£¤,1.0,1.0,0.5,Satisfied
Case 3027,3,¡¢¥,£¤,£¤,1.0,1.0,0.5,Satisfied
Case 3034,3,¡¢¥,£¤,£¤,1.0,1.0,0.5,Satisfied
Case 3035,3,¡¢¥,£¤,£¤,1.0,1.0,0.5,Satisfied
Case 3037,3,¡¢¥,£¤,£¤,1.0,1.0,0.5,Satisfied
Case 3038,3,¡¢¥,¢¥£¤,£¤,0.5,0.5,0.5,Satisfied
Case 3043,3,¡¢¥,£¤,£¤,1.0,1.0,0.5,Satisfied
Case 3044,3,¡¢¥,£¤,£¤,1.0,1.0,0.5,Satisfied
Case 3046,3,¡¥£,¤,¤,1.0,1.0,0.5,Satisfied
Case 3056,3,¡¢¥,£¤,£¤,1.0,1.0,0.5,Satisfied
Case 3058,3,¡¢­,¥£¥£¤,£¤,0.4,0.6666666666666666,0.5,Satisfied
Case 3059,3,¡¢­,¥£¤,£¤,0.6666666666666667,0.6666666666666666,0.5,Satisfied
Case 3061,3,¡¢­,¥£¤,£¤,0.6666666666666667,0.6666666666666666,0.5,Satisfied
Case 3071,3,¡¢¦,­¥£¤,£¤,0.5,0.5,0.5,Satisfied
Case 3073,3,¡¢¥,£¤,£¤,1.0,1.0,0.5,Satisfied
Case 3077,3,¡­¥,£¤,£¤,1.0,1.0,0.5,Satisfied
Case 3078,3,¡¢¥,£¤,£¤,1.0,1.0,0.5,Satisfied
Case 308,3,¡¢¥,£¤,£¤,1.0,1.0,0.5,Satisfied
Case 3082,3,¡¡¢,¥£¤,£¤,0.6666666666666667,0.6666666666666666,0.5,Satisfied
Case 3083,3,¡¢¥,£¤,£¤,1.0,1.0,0.5,Satisfied
Case 3086,3,¡¢¥,£¤,£¤,1.0,1.0,0.5,Satisfied
Case 3095,3,¡¢¥,£¤,£¤,1.0,1.0,0.5,Satisfied
Case 31,3,¡¢¦,­¥£¤,£¤,0.5,0.5,0.5,Satisfied
Case 3103,3,¡¢­,¥£¤,£¤,0.6666666666666667,0.6666666666666666,0.5,Satisfied
Case 3112,3,¡¢¥,£¤,£¤,1.0,1.0,0.5,Satisfied
Case 3113,3,¡¢¥,¥¢¥£¤,£¤,0.4,0.5,0.5,Satisfied
Case 3118,3,¡¢¥,¥¦£¤,£¤,0.5,0.5,0.5,Satisfied
Case 3121,3,¡¢¥,£¡¢¥£¤,£¤,0.33333333333333337,0.4,0.5,Satisfied
Case 3126,3,¡¢¥,£¤,£¤,1.0,1.0,0.5,Satisfied
Case 3128,3,¡¢¥,£¤,£¤,1.0,1.0,0.5,Satisfied
Case 313,3,¡¢¥,­¥£¥£¤,£¤,0.33333333333333337,0.5,0.5,Satisfied
Case 3139,3,¡¢­,¢¥£¤,£¤,0.5,0.5,0.5,Satisfied
Case 3142,3,¡¢¥,£¤,£¤,1.0,1.0,0.5,Satisfied
Case 3145,3,¡¢¥,£¤,£¤,1.0,1.0,0.5,Satisfied
Case 3148,3,¢¥£,¤,¤,1.0,1.0,0.5,Satisfied
Case 317,3,¡¢­,¥£¤,£¤,0.6666666666666667,0.6666666666666666,0.5,Satisfied
Case 3172,3,¡¢¥,£¤,£¤,1.0,1.0,0.5,Satisfied
Case 3176,3,¡¢­,¥£¤,£¤,0.6666666666666667,0.6666666666666666,0.5,Satisfied
Case 3180,3,¡¢¥,£¤,£¤,1.0,1.0,0.5,Satisfied
Case 3182,3,¡¢¥,£¤,£¤,1.0,1.0,0.5,Satisfied
Case 3184,3,¡¢¥,£¤,£¤,1.0,1.0,0.5,Satisfied
Case 3186,3,¡¢¥,£¤,£¤,1.0,1.0,0.5,Satisfied
Case 3188,3,¡¢¥,£¤,£¤,1.0,1.0,0.5,Satisfied
Case 3192,3,¡¢¦,¥£¤,£¤,0.6666666666666667,0.6666666666666666,0.5,Satisfied
Case 3212,3,¡¢¥,£¤,£¤,1.0,1.0,0.5,Satisfied
Case 3214,3,¡¢¦,¥£¤,£¤,0.6666666666666667,0.6666666666666666,0.5,Satisfied
Case 3222,3,¡¢¥,£¤,£¤,1.0,1.0,0.5,Satisfied
Case 3226,3,¡¥£,¤,¤,1.0,1.0,0.5,Satisfied
Case 3229,3,¡¢¥,£¤,£¤,1.0,1.0,0.5,Satisfied
Case 323,3,¡¢¥,£¤,£¤,1.0,1.0,0.5,Satisfied
Case 3231,3,¡¢¥,£¤,£¤,1.0,1.0,0.5,Satisfied
Case 3233,3,¡¢¥,£¤,£¤,1.0,1.0,0.5,Satisfied
Case 3239,3,¡¥£,¤,¤,1.0,1.0,0.5,Satisfied
Case 324,3,¢¥£,¤,¤,1.0,1.0,0.5,Satisfied
Case 3240,3,¡¢¥,£¤,£¤,1.0,1.0,0.5,Satisfied
Case 3249,3,¡¢­,­¢¥£¥£¤,£¤,0.2857142857142857,0.4,0.5,Satisfied
Case 3251,3,¡¢¥,£¤,£¤,1.0,1.0,0.5,Satisfied
Case 3253,3,¡¢¥,£¤,£¤,1.0,1.0,0.5,Satisfied
Case 326,3,¡¢­,­¥£¤,£¤,0.5,0.5,0.5,Satisfied
Case 3260,3,¡¢¥,£¤,£¤,1.0,1.0,0.5,Satisfied
Case 3262,3,¡¢¥,£¤,£¤,1.0,1.0,0.5,Satisfied
Case 3273,3,¡¢¥,£¤,£¤,1.0,1.0,0.5,Satisfied
Case 3276,3,¡¢­,¥£¤,£¤,0.6666666666666667,0.6666666666666666,0.5,Satisfied
Case 3288,3,¡¢¥,£¥£¤,£¤,0.5,0.6666666666666666,0.5,Satisfied
Case 3289,3,¡¢¥,£¤,£¤,1.0,1.0,0.5,Satisfied
Case 3294,3,¡¢¥,¢£¤,£¤,0.6666666666666667,0.6666666666666666,0.5,Satisfied
Case 33,3,¡¢¥,£¤,£¤,1.0,1.0,0.5,Satisfied
Case 331,3,¡¢­,¥£¤,£¤,0.6666666666666667,0.6666666666666666,0.5,Satisfied
Case 3314,3,¡¢¥,£¤,£¤,1.0,1.0,0.5,Satisfied
Case 3315,3,¡¢¥,£¤,£¤,1.0,1.0,0.5,Satisfied
Case 332,3,¡¢¥,£¤,£¤,1.0,1.0,0.5,Satisfied
Case 3323,3,¡¢¦,­­¥£,£¤,0.0,0.25,0.5,Satisfied
Case 3324,3,¡¢¥,£¤,£¤,1.0,1.0,0.5,Satisfied
Case 333,3,¡¢¥,£¤,£¤,1.0,1.0,0.5,Satisfied
Case 3331,3,¡¢¥,£¤,£¤,1.0,1.0,0.5,Satisfied
Case 3334,3,¡¢¥,£¤,£¤,1.0,1.0,0.5,Satisfied
Case 3336,3,¡¢¥,£¤,£¤,1.0,1.0,0.5,Satisfied
Case 3338,3,¡­¥,£¤,£¤,1.0,1.0,0.5,Satisfied
Case 3341,3,¡¢¥,£¤,£¤,1.0,1.0,0.5,Satisfied
Case 3344,3,¡¥£,¥£¢¥£¥£¤,¤,0.125,0.25,0.5,Satisfied
Case 3349,3,¡¢¥,£¤,£¤,1.0,1.0,0.5,Satisfied
Case 3351,3,¡¢¥,£¥£¤,£¤,0.5,0.6666666666666666,0.5,Satisfied
Case 3357,3,¡¢¥,£¤,£¤,1.0,1.0,0.5,Satisfied
Case 3358,3,¡¢­,¥£¤,£¤,0.6666666666666667,0.6666666666666666,0.5,Satisfied
Case 3360,3,¡¢¥,£¤,£¤,1.0,1.0,0.5,Satisfied
Case 3362,3,¡¢¥,£¤,£¤,1.0,1.0,0.5,Satisfied
Case 337,3,¡¢¥,£¤,£¤,1.0,1.0,0.5,Satisfied
Case 3372,3,¡¢¥,£¤,£¤,1.0,1.0,0.5,Satisfied
Case 3373,3,¡¢¥,£¤,£¤,1.0,1.0,0.5,Satisfied
Case 3376,3,¡¢¥,£¤,£¤,1.0,1.0,0.5,Satisfied
Case 3382,3,¡¢¥,£¤,£¤,1.0,1.0,0.5,Satisfied
Case 3398,3,¡¢¥,£¤,£¤,1.0,1.0,0.5,Satisfied
Case 34,3,¡¢¥,¥£¤,£¤,0.6666666666666667,0.6666666666666666,0.5,Satisfied
Case 3403,3,¡¢¥,£¤,£¤,1.0,1.0,0.5,Satisfied
Case 3409,3,¡¢¦,¬¬­,£¤,0.0,0.0,0.5,Satisfied
Case 3413,3,¡¢¥,£¤,£¤,1.0,1.0,0.5,Satisfied
Case 3416,3,¡¥£,¤,¤,1.0,1.0,0.5,Satisfied
Case 3418,3,¡¢­,¥£¤,£¤,0.6666666666666667,0.6666666666666666,0.5,Satisfied
Case 3419,3,¡¢¥,£¤,£¤,1.0,1.0,0.5,Satisfied
Case 3426,3,¡¢¥,£¤,£¤,1.0,1.0,0.5,Satisfied
Case 3428,3,¡¢¥,£¤,£¤,1.0,1.0,0.5,Satisfied
Case 343,3,¡¢¥,£¤,£¤,1.0,1.0,0.5,Satisfied
Case 3436,3,¡¢¥,¥¥¥£¤,£¤,0.4,0.6666666666666666,0.5,Satisfied
Case 3439,3,¢¥£,¢¥¢¥£¤,¤,0.16666666666666663,0.25,0.5,Satisfied
Case 3440,3,¡¢¥,£¤,£¤,1.0,1.0,0.5,Satisfied
Case 3442,3,¡¢¥,£¤,£¤,1.0,1.0,0.5,Satisfied
Case 3443,3,¡¢­,¥£,£¤,0.0,0.33333333333333326,0.5,Satisfied
Case 3444,3,¡¦¦,¬¬­¥£¤,£¤,0.33333333333333337,0.4,0.5,Satisfied
Case 3448,3,¡¢¥,£¤,£¤,1.0,1.0,0.5,Satisfied
Case 3449,3,¡¡¢,¥£¤,£¤,0.6666666666666667,0.6666666666666666,0.5,Satisfied
Case 345,3,¡¢¥,£¤,£¤,1.0,1.0,0.5,Satisfied
Case 3454,3,¡¢¢,¥£¤,£¤,0.6666666666666667,0.6666666666666666,0.5,Satisfied
Case 346,3,¡¥¥,£¤,¢£¤,0.6666666666666667,0.6666666666666666,0.5,Satisfied
Case 3462,3,¡¢¥,£¤,£¤,1.0,1.0,0.5,Satisfied
Case 3465,3,¡¢¥,£¤,£¤,1.0,1.0,0.5,Satisfied
Case 3475,3,¡¢¥,£¤,£¤,1.0,1.0,0.5,Satisfied
Case 348,3,¡¢¥,£¤,£¤,1.0,1.0,0.5,Satisfied
Case 349,3,¡¢¥,£¤,£¤,1.0,1.0,0.5,Satisfied
Case 3498,3,¡¢¥,£¤,£¤,1.0,1.0,0.5,Satisfied
Case 3511,3,¡¢¥,£¤,£¤,1.0,1.0,0.5,Satisfied
Case 3516,3,¡¢­,¥£¤,£¤,0.6666666666666667,0.6666666666666666,0.5,Satisfied
Case 3517,3,¡¢¥,£¤,£¤,1.0,1.0,0.5,Satisfied
Case 3529,3,¡¢¥,£¤,£¤,1.0,1.0,0.5,Satisfied
Case 3530,3,¡¢¥,£¤,£¤,1.0,1.0,0.5,Satisfied
Case 3532,3,¡¢¥,£¤,£¤,1.0,1.0,0.5,Satisfied
Case 3535,3,¡¢¥,£¤,£¤,1.0,1.0,0.5,Satisfied
Case 3537,3,¡¢¥,£¤,£¤,1.0,1.0,0.5,Satisfied
Case 3539,3,¡¢¥,£¤,£¤,1.0,1.0,0.5,Satisfied
Case 3542,3,¡¢¥,£¤,£¤,1.0,1.0,0.5,Satisfied
Case 3543,3,¡¢¥,£¤,£¤,1.0,1.0,0.5,Satisfied
Case 3546,3,¡¢¥,£¤,£¤,1.0,1.0,0.5,Satisfied
Case 3551,3,¡¢¥,£¤,£¤,1.0,1.0,0.5,Satisfied
Case 3552,3,¡¢¥,£¤,£¤,1.0,1.0,0.5,Satisfied
Case 3562,3,¡¢¥,£¢¥£¤,£¤,0.4,0.5,0.5,Satisfied
Case 3563,3,¡¢¥,£¤,£¤,1.0,1.0,0.5,Satisfied
Case 3565,3,¡¢¥,£¤,£¤,1.0,1.0,0.5,Satisfied
Case 3567,3,¡¢¥,£¤,£¤,1.0,1.0,0.5,Satisfied
Case 3569,3,¢¥£,¤,¤,1.0,1.0,0.5,Satisfied
Case 3582,3,¡¢¥,£¤,£¤,1.0,1.0,0.5,Satisfied
Case 3583,3,¡¢¥,£¤,£¤,1.0,1.0,0.5,Satisfied
Case 3592,3,¡¢¥,£¤,£¤,1.0,1.0,0.5,Satisfied
Case 3599,3,¡¢¥,£¤,£¤,1.0,1.0,0.5,Satisfied
Case 3600,3,¡¢¥,£¤,£¤,1.0,1.0,0.5,Satisfied
Case 3601,3,¡¢¥,£¤,£¤,1.0,1.0,0.5,Satisfied
Case 361,3,¡¢¥,£¢¥£¤,£¤,0.4,0.5,0.5,Satisfied
Case 3613,3,¡¢­,¥£¤,£¤,0.6666666666666667,0.6666666666666666,0.5,Satisfied
Case 3614,3,¡¢¥,£¤,£¤,1.0,1.0,0.5,Satisfied
Case 3634,3,¢¥£,¤,¤,1.0,1.0,0.5,Satisfied
Case 3638,3,¡¢¥,£¤,£¤,1.0,1.0,0.5,Satisfied
Case 364,3,¡¢¥,£¤,£¤,1.0,1.0,0.5,Satisfied
Case 3641,3,¡¢¥,£¤,£¤,1.0,1.0,0.5,Satisfied
Case 3643,3,¡¢¥,£¤,£¤,1.0,1.0,0.5,Satisfied
Case 3645,3,¡¢­,¥£¤,£¤,0.6666666666666667,0.6666666666666666,0.5,Satisfied
Case 3653,3,¡¢¥,£¤,£¤,1.0,1.0,0.5,Satisfied
Case 3654,3,¡¢¥,£¤,£¤,1.0,1.0,0.5,Satisfied
Case 3656,3,¡¢¥,¥£¤,£¤,0.6666666666666667,0.6666666666666666,0.5,Satisfied
Case 3657,3,¡¢¥,£¤,£¤,1.0,1.0,0.5,Satisfied
Case 3662,3,¡¢¥,¥£¤,£¤,0.6666666666666667,0.6666666666666666,0.5,Satisfied
Case 3663,3,¡¢¥,£¤,£¤,1.0,1.0,0.5,Satisfied
Case 3666,3,¡¢¥,£¤,£¤,1.0,1.0,0.5,Satisfied
Case 3669,3,¡¡¢,¥¢­­£¤,£¤,0.33333333333333337,0.4,0.5,Satisfied
Case 367,3,¡¥¥,£¤,¢£¤,0.6666666666666667,0.6666666666666666,0.5,Satisfied
Case 3670,3,¡¢¥,£¤,£¤,1.0,1.0,0.5,Satisfied
Case 3673,3,¡¢¥,¢¥£¤,£¤,0.5,0.5,0.5,Satisfied
Case 3674,3,¡¢¥,£¤,£¤,1.0,1.0,0.5,Satisfied
Case 3676,3,¡¢¥,£¥£¤,£¤,0.5,0.6666666666666666,0.5,Satisfied
Case 3678,3,¡¢¥,£¤,£¤,1.0,1.0,0.5,Satisfied
Case 3688,3,¡¡¢,¥£¤,£¤,0.6666666666666667,0.6666666666666666,0.5,Satisfied
Case 3692,3,¡¥£,¢¥£¤,¤,0.25,0.25,0.5,Satisfied
Case 3696,3,¡¢¥,£¤,£¤,1.0,1.0,0.5,Satisfied
Case 370,3,¡¢¥,£¤,£¤,1.0,1.0,0.5,Satisfied
Case 3705,3,¡¢¥,£¢¥£¤,£¤,0.4,0.5,0.5,Satisfied
Case 3708,3,¡¢¥,£¤,£¤,1.0,1.0,0.5,Satisfied
Case 3738,3,¡¢¥,£¤,£¤,1.0,1.0,0.5,Satisfied
Case 374,3,¡¢¥,£¤,£¤,1.0,1.0,0.5,Satisfied
Case 3742,3,¡¢¥,£¤,£¤,1.0,1.0,0.5,Satisfied
Case 3745,3,¡¢¥,£¤,£¤,1.0,1.0,0.5,Satisfied
Case 3766,3,¡¢¥,£¤,£¤,1.0,1.0,0.5,Satisfied
Case 3770,3,¡¢¥,£¤,£¤,1.0,1.0,0.5,Satisfied
Case 3775,3,¡¢¥,£¤,£¤,1.0,1.0,0.5,Satisfied
Case 3776,3,¡¡¢,¥£¤,£¤,0.6666666666666667,0.6666666666666666,0.5,Satisfied
Case 378,3,¡¢¥,£¤,£¤,1.0,1.0,0.5,Satisfied
Case 3787,3,¡¢¥,¢£¤,£¤,0.6666666666666667,0.6666666666666666,0.5,Satisfied
Case 3798,3,¡¢¥,£¤,£¤,1.0,1.0,0.5,Satisfied
Case 380,3,¡¥£,¤,¤,1.0,1.0,0.5,Satisfied
Case 3802,3,§¡¥,£¤,¢£¤,0.6666666666666667,0.6666666666666666,0.5,Satisfied
Case 3818,3,¡¢¥,£¤,£¤,1.0,1.0,0.5,Satisfied
Case 3819,3,¡¢¥,£¤,£¤,1.0,1.0,0.5,Satisfied
Case 382,3,¡¢¥,¢­£,£¤,0.0,0.25,0.5,Satisfied
Case 3822,3,¡¢¥,£¤,£¤,1.0,1.0,0.5,Satisfied
Case 3832,3,¡¢¥,¥£¢¥£¤,£¤,0.33333333333333337,0.5,0.5,Satisfied
Case 384,3,¡¢¥,£¤,£¤,1.0,1.0,0.5,Satisfied
Case 3844,3,¡¢¥,£¤,£¤,1.0,1.0,0.5,Satisfied
Case 3857,3,¡¢¥,£¤,£¤,1.0,1.0,0.5,Satisfied
Case 3864,3,¡¢¥,£¤,£¤,1.0,1.0,0.5,Satisfied
Case 3865,3,¡¢­,¥£¤,£¤,0.6666666666666667,0.6666666666666666,0.5,Satisfied
Case 3877,3,¡¢¥,£¤,£¤,1.0,1.0,0.5,Satisfied
Case 3880,3,¡¥£,¤,¤,1.0,1.0,0.5,Satisfied
Case 3884,3,¡¢¥,¢£¤,£¤,0.6666666666666667,0.6666666666666666,0.5,Satisfied
Case 3885,3,¡¢¥,£¤,£¤,1.0,1.0,0.5,Satisfied
Case 3888,3,¡¥£,¤,¤,1.0,1.0,0.5,Satisfied
Case 3890,3,¡¢¥,£¤,£¤,1.0,1.0,0.5,Satisfied
Case 3896,3,¡¢¥,£¤,£¤,1.0,1.0,0.5,Satisfied
Case 3898,3,¡¢¥,£¤,£¤,1.0,1.0,0.5,Satisfied
Case 3899,3,¡¢¥,£¤,£¤,1.0,1.0,0.5,Satisfied
Case 39,3,¡¢¥,£¤,£¤,1.0,1.0,0.5,Satisfied
Case 3905,3,¡¢¥,£¤,£¤,1.0,1.0,0.5,Satisfied
Case 3912,3,¡¢¥,£¤,£¤,1.0,1.0,0.5,Satisfied
Case 3913,3,¡¥£,¤,¤,1.0,1.0,0.5,Satisfied
Case 3928,3,¡¢¥,£¤,£¤,1.0,1.0,0.5,Satisfied
Case 3930,3,¡¢¥,£¤,£¤,1.0,1.0,0.5,Satisfied
Case 3933,3,¡¢¥,£¤,£¤,1.0,1.0,0.5,Satisfied
Case 3943,3,¡¢¥,£¤,£¤,1.0,1.0,0.5,Satisfied
Case 3946,3,¡¢¥,£¤,£¤,1.0,1.0,0.5,Satisfied
Case 3957,3,¡¢¢,¥£¤,£¤,0.6666666666666667,0.6666666666666666,0.5,Satisfied
Case 3963,3,¡¢­,­¥£¥£¤,£¤,0.33333333333333337,0.5,0.5,Satisfied
Case 397,3,¡¢¥,£¤,£¤,1.0,1.0,0.5,Satisfied
Case 3974,3,¡¢¥,£¤,£¤,1.0,1.0,0.5,Satisfied
Case 3976,3,¡¢¥,£¤,£¤,1.0,1.0,0.5,Satisfied
Case 3983,3,¡¢¥,£¤,£¤,1.0,1.0,0.5,Satisfied
Case 399,3,¡¢¥,£¤,£¤,1.0,1.0,0.5,Satisfied
Case 3992,3,¡¢­,£¤,£¤,1.0,1.0,0.5,Satisfied
Case 40,3,¡¢£,¤,¤,1.0,1.0,0.5,Satisfied
Case 4004,3,¢££,¤,¤,1.0,1.0,0.5,Satisfied
Case 4006,3,¡¢¥,¢¥£¤,£¤,0.5,0.5,0.5,Satisfied
Case 4009,3,¡¢¥,£¤,£¤,1.0,1.0,0.5,Satisfied
Case 4017,3,¡¢¥,£¤,£¤,1.0,1.0,0.5,Satisfied
Case 402,3,¡¢£,¤,¤,1.0,1.0,0.5,Satisfied
Case 4026,3,¡¢¥,¦­£¤,£¤,0.5,0.5,0.5,Satisfied
Case 4030,3,¡¢£,¤,¤,1.0,1.0,0.5,Satisfied
Case 4031,3,¡££,¤,¤,1.0,1.0,0.5,Satisfied
Case 4032,3,¡¥£,¤,¤,1.0,1.0,0.5,Satisfied
Case 4037,3,¡¢£,¤,¤,1.0,1.0,0.5,Satisfied
Case 4048,3,¡¢£,¤,¤,1.0,1.0,0.5,Satisfied
Case 4054,3,¡¢£,¤,¤,1.0,1.0,0.5,Satisfied
Case 4067,3,¡¢£,¤,¤,1.0,1.0,0.5,Satisfied
Case 4068,3,¡¢£,¤,¤,1.0,1.0,0.5,Satisfied
Case 4069,3,¡¢£,¤,¤,1.0,1.0,0.5,Satisfied
Case 407,3,¡¢¥,£¤,£¤,1.0,1.0,0.5,Satisfied
Case 4073,3,¡¢¥,£¤,£¤,1.0,1.0,0.5,Satisfied
Case 4074,3,¡¢¥,£¤,£¤,1.0,1.0,0.5,Satisfied
Case 408,3,¡¡¢,¥£¤,£¤,0.6666666666666667,0.6666666666666666,0.5,Satisfied
Case 4082,3,¡¢­,£¤,£¤,1.0,1.0,0.5,Satisfied
Case 4084,3,¡¢¥,£¤,£¤,1.0,1.0,0.5,Satisfied
Case 4106,3,¡¢£,¤,¤,1.0,1.0,0.5,Satisfied
Case 4107,3,¡¢¥,¥£¤,£¤,0.6666666666666667,0.6666666666666666,0.5,Satisfied
Case 412,3,¡¢¥,£¤,£¤,1.0,1.0,0.5,Satisfied
Case 4127,3,¡¢£,¤,¤,1.0,1.0,0.5,Satisfied
Case 414,3,¡¡¢,£¤,£¤,1.0,1.0,0.5,Satisfied
Case 4145,3,¡¢£,¤,¤,1.0,1.0,0.5,Satisfied
Case 4147,3,¡¢¥,£¤,£¤,1.0,1.0,0.5,Satisfied
Case 4149,3,¡¢¥,£¤,£¤,1.0,1.0,0.5,Satisfied
Case 4154,3,¡¢£,¤,¤,1.0,1.0,0.5,Satisfied
Case 4156,3,¡¢¥,£¤,£¤,1.0,1.0,0.5,Satisfied
Case 4160,3,¡¢£,¤,¤,1.0,1.0,0.5,Satisfied
Case 4161,3,¡¢£,¤,¤,1.0,1.0,0.5,Satisfied
Case 4162,3,¡¢£,¤,¤,1.0,1.0,0.5,Satisfied
Case 4165,3,¡¡¢,¥£¤,£¤,0.6666666666666667,0.6666666666666666,0.5,Satisfied
Case 4172,3,¡¢¥,£¤,£¤,1.0,1.0,0.5,Satisfied
Case 4183,3,¡­£,¤,¤,1.0,1.0,0.5,Satisfied
Case 4185,3,¡¢­,£¤,£¤,1.0,1.0,0.5,Satisfied
Case 4187,3,¡¢¥,¢¥,£¤,0.0,0.0,0.5,Satisfied
Case 4194,3,¡¢£,¤,¤,1.0,1.0,0.5,Satisfied
Case 4197,3,¡¡¡,¢£¤,¢£¤,1.0,1.0,0.5,Satisfied
Case 4206,3,¡¢£,¤,¤,1.0,1.0,0.5,Satisfied
Case 421,3,¡¢£,¤,¤,1.0,1.0,0.5,Satisfied
Case 4212,3,¡¢£,¤,¤,1.0,1.0,0.5,Satisfied
Case 4241,3,¡¢£,¤,¤,1.0,1.0,0.5,Satisfied
Case 4255,3,¡¢£,£¤,¤,0.5,0.5,0.5,Satisfied
Case 4257,3,¡¢¥,£¤,£¤,1.0,1.0,0.5,Satisfied
Case 4259,3,¡¢¢,£¤,£¤,1.0,1.0,0.5,Satisfied
Case 4268,3,¢¥£,¤,¤,1.0,1.0,0.5,Satisfied
Case 4269,3,¡¢¥,£¤,£¤,1.0,1.0,0.5,Satisfied
Case 427,3,¡¢£,¤,¤,1.0,1.0,0.5,Satisfied
Case 4282,3,¡¢£,¤,¤,1.0,1.0,0.5,Satisfied
Case 4300,3,¡¢¥,¥£¤,£¤,0.6666666666666667,0.6666666666666666,0.5,Satisfied
Case 4301,3,¡¢¥,£¤,£¤,1.0,1.0,0.5,Satisfied
Case 4324,3,¡¢£,¤,¤,1.0,1.0,0.5,Satisfied
Case 4325,3,¡¢£,¤,¤,1.0,1.0,0.5,Satisfied
Case 4326,3,¡¢¥,£¤,£¤,1.0,1.0,0.5,Satisfied
Case 433,3,¡¢¥,¥£¤,£¤,0.6666666666666667,0.6666666666666666,0.5,Satisfied
Case 4332,3,¡¢£,¤,¤,1.0,1.0,0.5,Satisfied
Case 4337,3,¡¢¥,£¤,£¤,1.0,1.0,0.5,Satisfied
Case 4338,3,¡¢¥,¢¥£¤,£¤,0.5,0.5,0.5,Satisfied
Case 4348,3,¡¢­,£¤,£¤,1.0,1.0,0.5,Satisfied
Case 435,3,¡¢­,£¤,£¤,1.0,1.0,0.5,Satisfied
Case 4351,3,¡¢¥,£¤,£¤,1.0,1.0,0.5,Satisfied
Case 4352,3,¡¢¥,£¤,£¤,1.0,1.0,0.5,Satisfied
Case 4353,3,¡¢¢,¥¥£¤,£¤,0.5,0.6666666666666666,0.5,Satisfied
Case 4354,3,¡¢­,£,£¤,0.5,0.5,0.5,Satisfied
Case 4355,3,¡¢£,¤,¤,1.0,1.0,0.5,Satisfied
Case 4359,3,¡¢¥,£¤,£¤,1.0,1.0,0.5,Satisfied
Case 4361,3,¡¢­,£¤,£¤,1.0,1.0,0.5,Satisfied
Case 4365,3,¡¢¥,£¤,£¤,1.0,1.0,0.5,Satisfied
Case 4369,3,¡¢¥,£¤,£¤,1.0,1.0,0.5,Satisfied
Case 4371,3,¡££,¤,¤,1.0,1.0,0.5,Satisfied
Case 438,3,¡¢­,¥£¤,£¤,0.6666666666666667,0.6666666666666666,0.5,Satisfied
Case 4383,3,¡¢£,¤,¤,1.0,1.0,0.5,Satisfied
Case 4385,3,¡¡¢,£¤,£¤,1.0,1.0,0.5,Satisfied
Case 4389,3,¡¢­,£¤,£¤,1.0,1.0,0.5,Satisfied
Case 4394,3,¡¢£,¤,¤,1.0,1.0,0.5,Satisfied
Case 4396,3,¡¢£,¤,¤,1.0,1.0,0.5,Satisfied
Case 4398,3,¡¢¥,¢¥£¤,£¤,0.5,0.5,0.5,Satisfied
Case 4407,3,¡¢¥,£¤,£¤,1.0,1.0,0.5,Satisfied
Case 441,3,¢££,¤,¤,1.0,1.0,0.5,Satisfied
Case 4410,3,¡¢¥,¢£¤,£¤,0.6666666666666667,0.6666666666666666,0.5,Satisfied
Case 4415,3,¡¢£,¤,¤,1.0,1.0,0.5,Satisfied
Case 4417,3,¡¥£,£¤,¤,0.5,0.5,0.5,Satisfied
Case 4419,3,¡¥£,¤,¤,1.0,1.0,0.5,Satisfied
Case 4421,3,¡¢¥,£¤,£¤,1.0,1.0,0.5,Satisfied
Case 4422,3,¡¢£,¤,¤,1.0,1.0,0.5,Satisfied
Case 4423,3,¡¡¢,£¤,£¤,1.0,1.0,0.5,Satisfied
Case 4424,3,¡¢¥,£¤,£¤,1.0,1.0,0.5,Satisfied
Case 4426,3,¡¢¥,£¤,£¤,1.0,1.0,0.5,Satisfied
Case 4431,3,¡¢¥,£¤,£¤,1.0,1.0,0.5,Satisfied
Case 4456,3,¡¢¥,£¤,£¤,1.0,1.0,0.5,Satisfied
Case 446,3,¡¢¥,£¤,£¤,1.0,1.0,0.5,Satisfied
Case 4463,3,¡¢¦,¦¬¬­¦£,£¤,0.0,0.19999999999999996,0.5,Satisfied
Case 4465,3,¡¢¥,£¤,£¤,1.0,1.0,0.5,Satisfied
Case 4469,3,¡¢£,¤,¤,1.0,1.0,0.5,Satisfied
Case 4478,3,¡¢¥,¢£¤,£¤,0.6666666666666667,0.6666666666666666,0.5,Satisfied
Case 4485,3,¡¢¥,£¤,£¤,1.0,1.0,0.5,Satisfied
Case 4487,3,¡¢£,¤,¤,1.0,1.0,0.5,Satisfied
Case 4501,3,¢¥¢,¥£¤,£¤,0.6666666666666667,0.6666666666666666,0.5,Satisfied
Case 4506,3,¡¢¥,£¤,£¤,1.0,1.0,0.5,Satisfied
Case 4511,3,¡¢­,££¤,£¤,0.6666666666666667,1.0,0.5,Satisfied
Case 4530,3,¡¡£,¤,¤,1.0,1.0,0.5,Satisfied
Case 4535,3,¡¢£,¤,¤,1.0,1.0,0.5,Satisfied
Case 4537,3,¡¢£,¤,¤,1.0,1.0,0.5,Satisfied
Case 4558,3,¡¢¥,£¤,£¤,1.0,1.0,0.5,Satisfied
Case 456,3,¡¢£,¤,¤,1.0,1.0,0.5,Satisfied
Case 4563,3,¡¢¥,£¤,£¤,1.0,1.0,0.5,Satisfied
Case 4575,3,¡¢¥,£¤,£¤,1.0,1.0,0.5,Satisfied
Case 46,3,¡¢¢,¥£¤,£¤,0.6666666666666667,0.6666666666666666,0.5,Satisfied
Case 467,3,¡¢¥,¢­£¤,£¤,0.5,0.5,0.5,Satisfied
Case 470,3,¡¢¥,£¤,£¤,1.0,1.0,0.5,Satisfied
Case 474,3,¡¡¡,¢¥£¤,¢£¤,0.75,0.75,0.5,Satisfied
Case 478,3,¡¡¢,¥£¤,£¤,0.6666666666666667,0.6666666666666666,0.5,Satisfied
Case 480,3,¡¢£,¤,¤,1.0,1.0,0.5,Satisfied
Case 483,3,¡¢£,¤,¤,1.0,1.0,0.5,Satisfied
Case 484,3,¡¢¥,£¤,£¤,1.0,1.0,0.5,Satisfied
Case 487,3,¡¢£,¤,¤,1.0,1.0,0.5,Satisfied
Case 496,3,¡¢¥,£¤,£¤,1.0,1.0,0.5,Satisfied
Case 498,3,¡¢£,£¤,¤,0.5,0.5,0.5,Satisfied
Case 502,3,¡¢£,¤,¤,1.0,1.0,0.5,Satisfied
Case 503,3,¡¢¦,­£¤,£¤,0.6666666666666667,0.6666666666666666,0.5,Satisfied
Case 504,3,¡¢¥,£¤,£¤,1.0,1.0,0.5,Satisfied
Case 506,3,¡¢­,£¤,£¤,1.0,1.0,0.5,Satisfied
Case 507,3,¡¢£,¤,¤,1.0,1.0,0.5,Satisfied
Case 520,3,¡¢£,£¤,¤,0.5,0.5,0.5,Satisfied
Case 523,3,¢¥£,¤,¤,1.0,1.0,0.5,Satisfied
Case 525,3,¡¡¢,¥¥,£¤,0.0,0.0,0.5,Satisfied
Case 527,3,¡¥¡,¡¢£¤,¢£¤,0.75,0.75,0.5,Satisfied
Case 529,3,¡¥¥,£¤,¢£¤,0.6666666666666667,0.6666666666666666,0.5,Satisfied
Case 530,3,¡¢¥,¥¥£¤,£¤,0.5,0.6666666666666666,0.5,Satisfied
Case 532,3,¡¢£,¢¥£¤,¤,0.25,0.25,0.5,Satisfied
Case 533,3,¡¢£,¤,¤,1.0,1.0,0.5,Satisfied
Case 54,3,¡¢£,¤,¤,1.0,1.0,0.5,Satisfied
Case 553,3,¡¢¥,£¤,£¤,1.0,1.0,0.5,Satisfied
Case 558,3,¡¢¢,£¤,£¤,1.0,1.0,0.5,Satisfied
Case 559,3,¡¢¥,£¤,£¤,1.0,1.0,0.5,Satisfied
Case 566,3,¡¢¥,¢¥£¤,£¤,0.5,0.5,0.5,Satisfied
Case 575,3,¡¢¥,£¤,£¤,1.0,1.0,0.5,Satisfied
Case 58,3,¡¦­,£¤,£¤,1.0,1.0,0.5,Satisfied
Case 593,3,¡¢£,¤,¤,1.0,1.0,0.5,Satisfied
Case 594,3,¡¢£,¤,¤,1.0,1.0,0.5,Satisfied
Case 595,3,¡¢¥,£¤,£¤,1.0,1.0,0.5,Satisfied
Case 603,3,¡¢£,£¤,¤,0.5,0.5,0.5,Satisfied
Case 606,3,¡¢£,¤,¤,1.0,1.0,0.5,Satisfied
Case 622,3,¡¢¦,£¤,£¤,1.0,1.0,0.5,Satisfied
Case 624,3,¡¢¥,£¤,£¤,1.0,1.0,0.5,Satisfied
Case 626,3,¡¢¥,£¤,£¤,1.0,1.0,0.5,Satisfied
Case 63,3,¡¢£,¤,¤,1.0,1.0,0.5,Satisfied
Case 630,3,¡¢£,¤,¤,1.0,1.0,0.5,Satisfied
Case 631,3,¢¥¢,¥£¤,£¤,0.6666666666666667,0.6666666666666666,0.5,Satisfied
Case 638,3,¡¢¥,¢¥£¤,£¤,0.5,0.5,0.5,Satisfied
Case 639,3,¡¢¥,£¤,£¤,1.0,1.0,0.5,Satisfied
Case 645,3,¡¢£,¤,¤,1.0,1.0,0.5,Satisfied
Case 65,3,¡¢¥,£¤,£¤,1.0,1.0,0.5,Satisfied
Case 656,3,¡¢¥,££¤,£¤,0.6666666666666667,1.0,0.5,Satisfied
Case 664,3,¡¢¥,£¤,£¤,1.0,1.0,0.5,Satisfied
Case 676,3,¢¥£,¤,¤,1.0,1.0,0.5,Satisfied
Case 679,3,¡¢£,¤,¤,1.0,1.0,0.5,Satisfied
Case 685,3,¢¥£,¤,¤,1.0,1.0,0.5,Satisfied
Case 69,3,¡¢£,¤,¤,1.0,1.0,0.5,Satisfied
Case 691,3,¡¢£,¤,¤,1.0,1.0,0.5,Satisfied
Case 696,3,¡¢£,¤,¤,1.0,1.0,0.5,Satisfied
Case 7,3,¡¡¡,¢£¤,¢£¤,1.0,1.0,0.5,Satisfied
Case 701,3,¡¢£,¤,¤,1.0,1.0,0.5,Satisfied
Case 708,3,¡¢¥,£¤,£¤,1.0,1.0,0.5,Satisfied
Case 728,3,¡¢£,¤,¤,1.0,1.0,0.5,Satisfied
Case 732,3,¡¦¢,¦­®«£¤,£¤,0.33333333333333337,0.33333333333333326,0.5,Satisfied
Case 747,3,¡¢¥,£¤,£¤,1.0,1.0,0.5,Satisfied
Case 755,3,¡¢£,¤,¤,1.0,1.0,0.5,Satisfied
Case 757,3,¡¢­,¥£¤,£¤,0.6666666666666667,0.6666666666666666,0.5,Satisfied
Case 769,3,¡¢£,¤,¤,1.0,1.0,0.5,Satisfied
Case 77,3,¡¢¥,£¤,£¤,1.0,1.0,0.5,Satisfied
Case 775,3,¡¢¥,£¤,£¤,1.0,1.0,0.5,Satisfied
Case 780,3,¡¢¥,£¤,£¤,1.0,1.0,0.5,Satisfied
Case 782,3,¡¢¥,£¤,£¤,1.0,1.0,0.5,Satisfied
Case 79,3,¡¢¥,¥£¤,£¤,0.6666666666666667,0.6666666666666666,0.5,Satisfied
Case 80,3,¡¢£,¤,¤,1.0,1.0,0.5,Satisfied
Case 805,3,¡¢¥,£¤,£¤,1.0,1.0,0.5,Satisfied
Case 807,3,¡­£,¤,¤,1.0,1.0,0.5,Satisfied
Case 809,3,¡¢¥,£¤,£¤,1.0,1.0,0.5,Satisfied
Case 82,3,¡¢¥,£¤,£¤,1.0,1.0,0.5,Satisfied
Case 821,3,¡¢£,¤,¤,1.0,1.0,0.5,Satisfied
Case 824,3,¡¢£,¤,¤,1.0,1.0,0.5,Satisfied
Case 825,3,¡¢£,¤,¤,1.0,1.0,0.5,Satisfied
Case 826,3,¡¢¥,£¤,£¤,1.0,1.0,0.5,Satisfied
Case 829,3,¡¢£,¤,¤,1.0,1.0,0.5,Satisfied
Case 83,3,¡¢¥,£¤,£¤,1.0,1.0,0.5,Satisfied
Case 831,3,¡¢¥,£¤,£¤,1.0,1.0,0.5,Satisfied
Case 839,3,¢¥£,¤,¤,1.0,1.0,0.5,Satisfied
Case 841,3,¡¢£,¤,¤,1.0,1.0,0.5,Satisfied
Case 845,3,¡¢¥,£¤,£¤,1.0,1.0,0.5,Satisfied
Case 849,3,¡¢£,¤,¤,1.0,1.0,0.5,Satisfied
Case 856,3,¡¢¥,£¤,£¤,1.0,1.0,0.5,Satisfied
Case 868,3,¡¢¦,£¤,£¤,1.0,1.0,0.5,Satisfied
Case 875,3,¡¢£,¤,¤,1.0,1.0,0.5,Satisfied
Case 876,3,¡¢¥,£¤,£¤,1.0,1.0,0.5,Satisfied
Case 881,3,¡¢¥,£¤,£¤,1.0,1.0,0.5,Satisfied
Case 89,3,¡¢£,¤,¤,1.0,1.0,0.5,Satisfied
Case 894,3,¡¢¥,¥£¤,£¤,0.6666666666666667,0.6666666666666666,0.5,Satisfied
Case 901,3,¡££,¤,¤,1.0,1.0,0.5,Satisfied
Case 906,3,¡¢£,¤,¤,1.0,1.0,0.5,Satisfied
Case 910,3,¡¢£,¤,¤,1.0,1.0,0.5,Satisfied
Case 911,3,¡¢¢,£¤,£¤,1.0,1.0,0.5,Satisfied
Case 930,3,¡¢£,¤,¤,1.0,1.0,0.5,Satisfied
Case 939,3,¡¢¥,¥£¤,£¤,0.6666666666666667,0.6666666666666666,0.5,Satisfied
Case 949,3,¡¢£,¤,¤,1.0,1.0,0.5,Satisfied
Case 951,3,¡¢¥,£¤,£¤,1.0,1.0,0.5,Satisfied
Case 954,3,¡¢£,¤,¤,1.0,1.0,0.5,Satisfied
Case 959,3,¡¢£,¤,¤,1.0,1.0,0.5,Satisfied
Case 961,3,¡¢¥,£¤,£¤,1.0,1.0,0.5,Satisfied
Case 962,3,¡¢£,¤,¤,1.0,1.0,0.5,Satisfied
Case 963,3,¡¢£,¤,¤,1.0,1.0,0.5,Satisfied
Case 964,3,¡¢£,¤,¤,1.0,1.0,0.5,Satisfied
Case 97,3,¡¢£,¤,¤,1.0,1.0,0.5,Satisfied
Case 979,3,¡¢£,¤,¤,1.0,1.0,0.5,Satisfied
Case 980,3,¡¡£,¤,¤,1.0,1.0,0.5,Satisfied
Case 986,3,¡¢¥,£¤,£¤,1.0,1.0,0.5,Satisfied
Case 988,3,¡¢¥,£¤,£¤,1.0,1.0,0.5,Satisfied
Case 989,3,¡¢¥,£¤,£¤,1.0,1.0,0.5,Satisfied
Case 998,3,¡¢¥,£¤,£¤,1.0,1.0,0.5,Satisfied
Case 999,3,¡¢£,¤,¤,1.0,1.0,0.5,Satisfied
Case 1,3,¡¢¢,¥£¤,£¤,0.6666666666666667,0.6666666666666666,0.6,Satisfied
Case 100,3,¡¢­,¥£¤,£¤,0.6666666666666667,0.6666666666666666,0.6,Satisfied
Case 1001,3,¡¢¥,£¤,£¤,1.0,1.0,0.6,Satisfied
Case 1007,3,¡¢¥,£¤,£¤,1.0,1.0,0.6,Satisfied
Case 1010,3,¡¢­,¥£¤,£¤,0.6666666666666667,0.6666666666666666,0.6,Satisfied
Case 1017,3,¡¢¥,£¥£¤,£¤,0.5,0.6666666666666666,0.6,Satisfied
Case 1019,3,¡¢¥,£¤,£¤,1.0,1.0,0.6,Satisfied
Case 1023,3,¡¥£,¥£¤,¤,0.33333333333333337,0.33333333333333326,0.6,Satisfied
Case 1026,3,¡¢­,¥£¤,£¤,0.6666666666666667,0.6666666666666666,0.6,Satisfied
Case 1027,3,¡¢¥,£¤,£¤,1.0,1.0,0.6,Satisfied
Case 1043,3,¡¢¥,£¤,£¤,1.0,1.0,0.6,Satisfied
Case 105,3,¡¢¥,£¤,£¤,1.0,1.0,0.6,Satisfied
Case 1054,3,¡¢¥,£¤,£¤,1.0,1.0,0.6,Satisfied
Case 1057,3,¡¢­,¥£¤,£¤,0.6666666666666667,0.6666666666666666,0.6,Satisfied
Case 106,3,¡¥£,¤,¤,1.0,1.0,0.6,Satisfied
Case 107,3,¡¢¥,£¤,£¤,1.0,1.0,0.6,Satisfied
Case 1070,3,¡¢¥,£¢¥£¤,£¤,0.4,0.5,0.6,Satisfied
Case 1075,3,¡¢¥,£¤,£¤,1.0,1.0,0.6,Satisfied
Case 1079,3,¡¢¥,¥£¤,£¤,0.6666666666666667,0.6666666666666666,0.6,Satisfied
Case 1087,3,¡¢¥,£¢¥£¤,£¤,0.4,0.5,0.6,Satisfied
Case 1088,3,¡¥£,¥£¤,¤,0.33333333333333337,0.33333333333333326,0.6,Satisfied
Case 1096,3,¡¢¥,£¤,£¤,1.0,1.0,0.6,Satisfied
Case 1101,3,¡¢¥,£¤,£¤,1.0,1.0,0.6,Satisfied
Case 1102,3,¡¢¥,£¥£¤,£¤,0.5,0.6666666666666666,0.6,Satisfied
Case 1104,3,¡¢¥,£¤,£¤,1.0,1.0,0.6,Satisfied
Case 1109,3,¡¢¥,£¤,£¤,1.0,1.0,0.6,Satisfied
Case 1110,3,¡¢¥,£¤,£¤,1.0,1.0,0.6,Satisfied
Case 1111,3,¡¢¥,¢£¤,£¤,0.6666666666666667,0.6666666666666666,0.6,Satisfied
Case 1112,3,¡¢¥,¥£¤,£¤,0.6666666666666667,0.6666666666666666,0.6,Satisfied
Case 1113,3,¡¢¥,£¤,£¤,1.0,1.0,0.6,Satisfied
Case 1116,3,¡¢¥,£¤,£¤,1.0,1.0,0.6,Satisfied
Case 1122,3,¡¢¥,£¤,£¤,1.0,1.0,0.6,Satisfied
Case 1124,3,¡¢¥,£¤,£¤,1.0,1.0,0.6,Satisfied
Case 1129,3,¡¢¥,¢£¤,£¤,0.6666666666666667,0.6666666666666666,0.6,Satisfied
Case 114,3,¡¢¥,¢¥£¤,£¤,0.5,0.5,0.6,Satisfied
Case 1142,3,¡¢¥,­¥£¤,£¤,0.5,0.5,0.6,Satisfied
Case 1144,3,¡¥£,¢­¥£¤,¤,0.19999999999999996,0.19999999999999996,0.6,Satisfied
Case 1145,3,¡¢¥,£¤,£¤,1.0,1.0,0.6,Satisfied
Case 115,3,¡¢¥,¥£¤,£¤,0.6666666666666667,0.6666666666666666,0.6,Satisfied
Case 1156,3,¡¢¥,£¤,£¤,1.0,1.0,0.6,Satisfied
Case 1159,3,¡¢¥,£¤,£¤,1.0,1.0,0.6,Satisfied
Case 1164,3,¡¢¥,£¤,£¤,1.0,1.0,0.6,Satisfied
Case 1169,3,¡¥£,¤,¤,1.0,1.0,0.6,Satisfied
Case 1176,3,¡¢¥,£¤,£¤,1.0,1.0,0.6,Satisfied
Case 1179,3,¡¢¥,£¤,£¤,1.0,1.0,0.6,Satisfied
Case 1185,3,¡¢¥,£¤,£¤,1.0,1.0,0.6,Satisfied
Case 1193,3,¡¢¥,£¤,£¤,1.0,1.0,0.6,Satisfied
Case 12,3,¡¢¥,£¤,£¤,1.0,1.0,0.6,Satisfied
Case 1210,3,¡¥£,¤,¤,1.0,1.0,0.6,Satisfied
Case 1221,3,¡¢¥,£¤,£¤,1.0,1.0,0.6,Satisfied
Case 1235,3,¡¢¥,¥£¤,£¤,0.6666666666666667,0.6666666666666666,0.6,Satisfied
Case 1238,3,¡¢¥,­£¤,£¤,0.6666666666666667,0.6666666666666666,0.6,Satisfied
Case 1239,3,¡¢¥,£¤,£¤,1.0,1.0,0.6,Satisfied
Case 1246,3,¡¢¥,£¤,£¤,1.0,1.0,0.6,Satisfied
Case 1249,3,§¥¥,¥¥,¢£¤,0.0,0.0,0.6,Satisfied
Case 1250,3,¢¥£,¢¥£¤,¤,0.25,0.25,0.6,Satisfied
Case 1254,3,¡¡¥,¥£¤,¢£¤,0.6666666666666667,0.5,0.6,Satisfied
Case 1261,3,¢¢¥,£¤,£¤,1.0,1.0,0.6,Satisfied
Case 1269,3,¡¢¢,¥£¤,£¤,0.6666666666666667,0.6666666666666666,0.6,Satisfied
Case 1272,3,¡¢¥,£¤,£¤,1.0,1.0,0.6,Satisfied
Case 1275,3,¡¢¥,£¤,£¤,1.0,1.0,0.6,Satisfied
Case 129,3,¡¥£,¤,¤,1.0,1.0,0.6,Satisfied
Case 1290,3,¡¢¥,£¤,£¤,1.0,1.0,0.6,Satisfied
Case 1292,3,¡¢¥,£¤,£¤,1.0,1.0,0.6,Satisfied
Case 1299,3,¡¢¥,£¤,£¤,1.0,1.0,0.6,Satisfied
Case 13,3,¡¢¥,£¤,£¤,1.0,1.0,0.6,Satisfied
Case 1301,3,¡¢¥,£¤,£¤,1.0,1.0,0.6,Satisfied
Case 1303,3,¡¢­,¥£¤,£¤,0.6666666666666667,0.6666666666666666,0.6,Satisfied
Case 1304,3,¡¢¥,£¤,£¤,1.0,1.0,0.6,Satisfied
Case 1305,3,¡¢¥,£¤,£¤,1.0,1.0,0.6,Satisfied
Case 1309,3,¡¥£,¤,¤,1.0,1.0,0.6,Satisfied
Case 131,3,¡¢¥,£¤,£¤,1.0,1.0,0.6,Satisfied
Case 1313,3,¡¢¥,£¤,£¤,1.0,1.0,0.6,Satisfied
Case 1314,3,¡¢¦,¥£¤,£¤,0.6666666666666667,0.6666666666666666,0.6,Satisfied
Case 1315,3,¡¢¥,£¤,£¤,1.0,1.0,0.6,Satisfied
Case 1318,3,¡¢­,¥£¤,£¤,0.6666666666666667,0.6666666666666666,0.6,Satisfied
Case 1319,3,¡¢¥,£¤,£¤,1.0,1.0,0.6,Satisfied
Case 1323,3,¡¢¥,£¤,£¤,1.0,1.0,0.6,Satisfied
Case 1327,3,¡¥£,¤,¤,1.0,1.0,0.6,Satisfied
Case 1330,3,¡¥£,¥£¤,¤,0.33333333333333337,0.33333333333333326,0.6,Satisfied
Case 1332,3,¡¢¥,£¤,£¤,1.0,1.0,0.6,Satisfied
Case 1338,3,¡¥£,¤,¤,1.0,1.0,0.6,Satisfied
Case 1356,3,¡¢¥,£¤,£¤,1.0,1.0,0.6,Satisfied
Case 1358,3,¡¢¥,£¤,£¤,1.0,1.0,0.6,Satisfied
Case 1364,3,¡¢¥,­­£¤,£¤,0.5,0.6666666666666666,0.6,Satisfied
Case 1366,3,¡¢¥,£¤,£¤,1.0,1.0,0.6,Satisfied
Case 1371,3,¡¥£,¥£¤,¤,0.33333333333333337,0.33333333333333326,0.6,Satisfied
Case 1375,3,¡¢¥,£¤,£¤,1.0,1.0,0.6,Satisfied
Case 1384,3,¡¥£,¥£¤,¤,0.33333333333333337,0.33333333333333326,0.6,Satisfied
Case 1386,3,¡¢¥,£¥£¤,£¤,0.5,0.6666666666666666,0.6,Satisfied
Case 1387,3,¡¢¥,£¤,£¤,1.0,1.0,0.6,Satisfied
Case 1388,3,¡¢­,­¥£¤,£¤,0.5,0.5,0.6,Satisfied
Case 1393,3,¡¡¢,¥£¤,£¤,0.6666666666666667,0.6666666666666666,0.6,Satisfied
Case 1396,3,¡¢¥,£¤,£¤,1.0,1.0,0.6,Satisfied
Case 1397,3,¡¢¥,£¤,£¤,1.0,1.0,0.6,Satisfied
Case 1398,3,¡¢¥,£¤,£¤,1.0,1.0,0.6,Satisfied
Case 140,3,¡¢¥,£¤,£¤,1.0,1.0,0.6,Satisfied
Case 1407,3,¡¢¥,¢¥£¤,£¤,0.5,0.5,0.6,Satisfied
Case 1409,3,¡¢¥,£¤,£¤,1.0,1.0,0.6,Satisfied
Case 1420,3,¡¢¨,¥£¤,£¤,0.6666666666666667,0.6666666666666666,0.6,Satisfied
Case 143,3,¡¢¥,£¤,£¤,1.0,1.0,0.6,Satisfied
Case 1432,3,¡¢¥,£¤,£¤,1.0,1.0,0.6,Satisfied
Case 1433,3,¡¢¥,£¤,£¤,1.0,1.0,0.6,Satisfied
Case 144,3,¡¢¥,£¤,£¤,1.0,1.0,0.6,Satisfied
Case 1441,3,¡¢¥,£¤,£¤,1.0,1.0,0.6,Satisfied
Case 1445,3,¡¢¥,£¤,£¤,1.0,1.0,0.6,Satisfied
Case 1449,3,¡¥¢,¥£¤,£¤,0.6666666666666667,0.6666666666666666,0.6,Satisfied
Case 145,3,¡¢­,¥£¤,£¤,0.6666666666666667,0.6666666666666666,0.6,Satisfied
Case 1450,3,¡¢¥,£¤,£¤,1.0,1.0,0.6,Satisfied
Case 1451,3,¡¢­,¥£¥£¤,£¤,0.4,0.6666666666666666,0.6,Satisfied
Case 1457,3,¡¢¥,£¤,£¤,1.0,1.0,0.6,Satisfied
Case 1460,3,¡¢¥,¢¥£¤,£¤,0.5,0.5,0.6,Satisfied
Case 1464,3,¡¢¥,£¤,£¤,1.0,1.0,0.6,Satisfied
Case 1465,3,¡¢¥,£¤,£¤,1.0,1.0,0.6,Satisfied
Case 1466,3,¡¢¥,£¤,£¤,1.0,1.0,0.6,Satisfied
Case 147,3,¡¢¥,£¤,£¤,1.0,1.0,0.6,Satisfied
Case 1471,3,¡¢­,¥£¤,£¤,0.6666666666666667,0.6666666666666666,0.6,Satisfied
Case 1478,3,¡¡¢,¥¢¥£¤,£¤,0.4,0.5,0.6,Satisfied
Case 1484,3,¡¢¥,£¤,£¤,1.0,1.0,0.6,Satisfied
Case 1487,3,¡¢¥,£¤,£¤,1.0,1.0,0.6,Satisfied
Case 1495,3,¡¢­,­¥£¤,£¤,0.5,0.5,0.6,Satisfied
Case 15,3,¡¡¢,¥£¤,£¤,0.6666666666666667,0.6666666666666666,0.6,Satisfied
Case 1500,3,¡¥£,¥£¤,¤,0.33333333333333337,0.33333333333333326,0.6,Satisfied
Case 1501,3,¢¥£,¥£¤,¤,0.33333333333333337,0.33333333333333326,0.6,Satisfied
Case 1506,3,¡¥¥,¢£¥£¤,¢£¤,0.6,0.75,0.6,Satisfied
Case 1507,3,¡¢¥,£¤,£¤,1.0,1.0,0.6,Satisfied
Case 1509,3,¡¢¥,£¤,£¤,1.0,1.0,0.6,Satisfied
Case 1510,3,¡¢¥,£¤,£¤,1.0,1.0,0.6,Satisfied
Case 1519,3,¡¥£,¥£¤,¤,0.33333333333333337,0.33333333333333326,0.6,Satisfied
Case 1535,3,¡¡¡,¥£¤,¢£¤,0.6666666666666667,0.5,0.6,Satisfied
Case 154,3,¡¢¥,£¤,£¤,1.0,1.0,0.6,Satisfied
Case 1543,3,¡¢¥,£¤,£¤,1.0,1.0,0.6,Satisfied
Case 1553,3,¡¢¥,£¤,£¤,1.0,1.0,0.6,Satisfied
Case 156,3,¡¢¥,£¤,£¤,1.0,1.0,0.6,Satisfied
Case 1562,3,¡¢¥,£¤,£¤,1.0,1.0,0.6,Satisfied
Case 1570,3,¡¢¥,£¤,£¤,1.0,1.0,0.6,Satisfied
Case 1571,3,¡¢¥,¥¥¥¥,£¤,0.0,0.0,0.6,Satisfied
Case 1574,3,¡¢¥,£¤,£¤,1.0,1.0,0.6,Satisfied
Case 1577,3,§¡¡,¢¥£¤,¢£¤,0.75,0.75,0.6,Satisfied
Case 1580,3,¡¢¥,£¤,£¤,1.0,1.0,0.6,Satisfied
Case 1587,3,¡¢¥,£¤,£¤,1.0,1.0,0.6,Satisfied
Case 1603,3,¡¥£,¥£¤,¤,0.33333333333333337,0.33333333333333326,0.6,Satisfied
Case 1604,3,¡¢¥,£¤,£¤,1.0,1.0,0.6,Satisfied
Case 1605,3,¡¢¢,¥£¤,£¤,0.6666666666666667,0.6666666666666666,0.6,Satisfied
Case 1609,3,¡¢¥,£¤,£¤,1.0,1.0,0.6,Satisfied
Case 1610,3,¡¢¥,£¤,£¤,1.0,1.0,0.6,Satisfied
Case 1615,3,¡¢¥,£¤,£¤,1.0,1.0,0.6,Satisfied
Case 1650,3,¡¦¦,¬¬­¥£¤,¥£¤,0.5,0.6,0.6,Satisfied
Case 1655,3,¡¢¥,£¤,£¤,1.0,1.0,0.6,Satisfied
Case 1658,3,¡¢­,¥£¤,£¤,0.6666666666666667,0.6666666666666666,0.6,Satisfied
Case 1663,3,¡¥£,¤,¤,1.0,1.0,0.6,Satisfied
Case 1664,3,¢¥£,¤,¤,1.0,1.0,0.6,Satisfied
Case 1671,3,¡¢¥,£¤,£¤,1.0,1.0,0.6,Satisfied
Case 1674,3,¡¢¥,£¤,£¤,1.0,1.0,0.6,Satisfied
Case 1675,3,¡¢¥,£¤,£¤,1.0,1.0,0.6,Satisfied
Case 1679,3,¡¢¥,£¤,£¤,1.0,1.0,0.6,Satisfied
Case 1681,3,¡¢¥,£¤,£¤,1.0,1.0,0.6,Satisfied
Case 1682,3,¡¢¥,£¤,£¤,1.0,1.0,0.6,Satisfied
Case 169,3,¡¥£,¤,¤,1.0,1.0,0.6,Satisfied
Case 1691,3,§¡¢,¥£¤,¥£¤,1.0,1.0,0.6,Satisfied
Case 1697,3,¡¢¥,£¤,£¤,1.0,1.0,0.6,Satisfied
Case 1704,3,¡¢¥,£¤,£¤,1.0,1.0,0.6,Satisfied
Case 1709,3,¡¢¥,£¤,£¤,1.0,1.0,0.6,Satisfied
Case 1711,3,¡¢¥,£¤,£¤,1.0,1.0,0.6,Satisfied
Case 1718,3,¡¢¥,£¤,£¤,1.0,1.0,0.6,Satisfied
Case 1723,3,¡¢¥,£¤,£¤,1.0,1.0,0.6,Satisfied
Case 1730,3,¡¢¥,£¤,£¤,1.0,1.0,0.6,Satisfied
Case 1735,3,¡­¥,£¥£¤,£¤,0.5,0.6666666666666666,0.6,Satisfied
Case 1746,3,¡¢¥,£¤,£¤,1.0,1.0,0.6,Satisfied
Case 1754,3,¡¢¥,£¤,£¤,1.0,1.0,0.6,Satisfied
Case 1760,3,¡¢¥,£¢¥¢£¤,£¤,0.33333333333333337,0.5,0.6,Satisfied
Case 1761,3,¡¢¥,£¤,£¤,1.0,1.0,0.6,Satisfied
Case 1764,3,¡­¥,£¥£¤,£¤,0.5,0.6666666666666666,0.6,Satisfied
Case 1771,3,¡¢¥,£¤,£¤,1.0,1.0,0.6,Satisfied
Case 1772,3,¡¢¥,£¤,£¤,1.0,1.0,0.6,Satisfied
Case 1776,3,¡¢¥,£¤,£¤,1.0,1.0,0.6,Satisfied
Case 1777,3,¡¢¥,£¤,£¤,1.0,1.0,0.6,Satisfied
Case 1787,3,¡¢¥,¥£¥£¤,£¤,0.4,0.6666666666666666,0.6,Satisfied
Case 1788,3,¡¢¥,£¤,£¤,1.0,1.0,0.6,Satisfied
Case 1791,3,¡¢¥,£¤,£¤,1.0,1.0,0.6,Satisfied
Case 1792,3,¡¢¥,£¤,£¤,1.0,1.0,0.6,Satisfied
Case 1795,3,¡¢¥,£¤,£¤,1.0,1.0,0.6,Satisfied
Case 1799,3,¡¢­,¥£¤,£¤,0.6666666666666667,0.6666666666666666,0.6,Satisfied
Case 18,3,¡¢¥,£¥£¤,£¤,0.5,0.6666666666666666,0.6,Satisfied
Case 1812,3,¡¢¥,£¤,£¤,1.0,1.0,0.6,Satisfied
Case 1813,3,¡¢¥,£¤,£¤,1.0,1.0,0.6,Satisfied
Case 1814,3,¡¢¥,£¤,£¤,1.0,1.0,0.6,Satisfied
Case 1815,3,¡¢¥,£¤,£¤,1.0,1.0,0.6,Satisfied
Case 1817,3,¡¢¥,£¤,£¤,1.0,1.0,0.6,Satisfied
Case 1823,3,¡¢¥,£¤,£¤,1.0,1.0,0.6,Satisfied
Case 1826,3,¡¢¥,£¤,£¤,1.0,1.0,0.6,Satisfied
Case 1828,3,¡¢¥,£¤,£¤,1.0,1.0,0.6,Satisfied
Case 1831,3,¡¢¥,£¤,£¤,1.0,1.0,0.6,Satisfied
Case 184,3,¡¢¢,¥£¤,£¤,0.6666666666666667,0.6666666666666666,0.6,Satisfied
Case 1843,3,¡¡¥,£¤,¢£¤,0.6666666666666667,0.6666666666666666,0.6,Satisfied
Case 1848,3,¡¢¥,£¤,£¤,1.0,1.0,0.6,Satisfied
Case 1858,3,¡¥£,¤,¤,1.0,1.0,0.6,Satisfied
Case 1860,3,¡¢¥,£¤,£¤,1.0,1.0,0.6,Satisfied
Case 1868,3,¡¢¥,£¤,£¤,1.0,1.0,0.6,Satisfied
Case 1869,3,¡¢¥,£¤,£¤,1.0,1.0,0.6,Satisfied
Case 1874,3,§¡¢,¥£¤,¥£¤,1.0,1.0,0.6,Satisfied
Case 1882,3,¡¢¥,£¤,£¤,1.0,1.0,0.6,Satisfied
Case 1884,3,¡¢¥,£¤,£¤,1.0,1.0,0.6,Satisfied
Case 1887,3,¡¢¥,£¤,£¤,1.0,1.0,0.6,Satisfied
Case 1892,3,¡¢¥,£¤,£¤,1.0,1.0,0.6,Satisfied
Case 1894,3,¡¢¥,£¤,£¤,1.0,1.0,0.6,Satisfied
Case 1900,3,¡¢¥,£¤,£¤,1.0,1.0,0.6,Satisfied
Case 1901,3,¡¢¥,£¤,£¤,1.0,1.0,0.6,Satisfied
Case 1903,3,¡¢¥,£¤,£¤,1.0,1.0,0.6,Satisfied
Case 191,3,¡¡¢,¥£¤,£¤,0.6666666666666667,0.6666666666666666,0.6,Satisfied
Case 1915,3,¡¢¥,£¤,£¤,1.0,1.0,0.6,Satisfied
Case 1916,3,¡¢¥,£¤,£¤,1.0,1.0,0.6,Satisfied
Case 1918,3,¡¥£,¤,¤,1.0,1.0,0.6,Satisfied
Case 192,3,¡¡¢,¥£¤¢¥£¤,£¤,0.2857142857142857,0.5,0.6,Satisfied
Case 1924,3,¡¢¥,£¤,£¤,1.0,1.0,0.6,Satisfied
Case 193,3,¡¢¥,£¤,£¤,1.0,1.0,0.6,Satisfied
Case 1946,3,¡¢¥,£¤,£¤,1.0,1.0,0.6,Satisfied
Case 1961,3,¡¢¥,£¤,£¤,1.0,1.0,0.6,Satisfied
Case 1968,3,¡¢¥,£¤,£¤,1.0,1.0,0.6,Satisfied
Case 1975,3,¡¢¥,£¤,£¤,1.0,1.0,0.6,Satisfied
Case 1978,3,¡¥¢,¥£¤,£¤,0.6666666666666667,0.6666666666666666,0.6,Satisfied
Case 1980,3,¡¢¥,£¤,£¤,1.0,1.0,0.6,Satisfied
Case 1987,3,¡¥£,¤,¤,1.0,1.0,0.6,Satisfied
Case 20,3,¡¢¥,£¤,£¤,1.0,1.0,0.6,Satisfied
Case 2007,3,¡¢­,¥£¥£¤,£¤,0.4,0.6666666666666666,0.6,Satisfied
Case 2013,3,¡¢¥,£¤,£¤,1.0,1.0,0.6,Satisfied
Case 202,3,¡¢¥,£¤,£¤,1.0,1.0,0.6,Satisfied
Case 2021,3,¡¢¥,£¤,£¤,1.0,1.0,0.6,Satisfied
Case 2022,3,¡¡¡,¥£¤,¢£¤,0.6666666666666667,0.5,0.6,Satisfied
Case 2035,3,¡¢¦,­¥£¤,£¤,0.5,0.5,0.6,Satisfied
Case 2037,3,¡¥£,¤,¤,1.0,1.0,0.6,Satisfied
Case 2050,3,¡¢¥,£¤,£¤,1.0,1.0,0.6,Satisfied
Case 2059,3,¡¢¥,£¤,£¤,1.0,1.0,0.6,Satisfied
Case 2062,3,¡¢¥,£¤,£¤,1.0,1.0,0.6,Satisfied
Case 2068,3,¡¢¥,£¤,£¤,1.0,1.0,0.6,Satisfied
Case 2074,3,¡¢¥,£¤,£¤,1.0,1.0,0.6,Satisfied
Case 2081,3,¡¢­,¥£¤,£¤,0.6666666666666667,0.6666666666666666,0.6,Satisfied
Case 2083,3,¡¢¥,£¤,£¤,1.0,1.0,0.6,Satisfied
Case 2092,3,¡¢¥,£¤,£¤,1.0,1.0,0.6,Satisfied
Case 2093,3,¡¢¥,£¤,£¤,1.0,1.0,0.6,Satisfied
Case 2097,3,¡¢¥,£¤,£¤,1.0,1.0,0.6,Satisfied
Case 210,3,¡¢¥,£¤,£¤,1.0,1.0,0.6,Satisfied
Case 2103,3,¡¢¥,£¤,£¤,1.0,1.0,0.6,Satisfied
Case 2104,3,¡¢­,¥£¤,£¤,0.6666666666666667,0.6666666666666666,0.6,Satisfied
Case 2105,3,¡¢¥,£¤,£¤,1.0,1.0,0.6,Satisfied
Case 2108,3,¡¢¥,£¤,£¤,1.0,1.0,0.6,Satisfied
Case 211,3,¡¥£,¤,¤,1.0,1.0,0.6,Satisfied
Case 2112,3,¡¢¥,£¤,£¤,1.0,1.0,0.6,Satisfied
Case 2117,3,¡¥¥,£¢¥£¥£¤,¢£¤,0.4285714285714286,0.75,0.6,Satisfied
Case 2121,3,¡¢¥,£¤,£¤,1.0,1.0,0.6,Satisfied
Case 2123,3,¡¡¢,¥£¥£¤,£¤,0.4,0.6666666666666666,0.6,Satisfied
Case 2125,3,¡¢¥,­,£¤,0.0,0.0,0.6,Satisfied
Case 2126,3,¡¢¥,£¤,£¤,1.0,1.0,0.6,Satisfied
Case 2134,3,¡¥¢,£¤,£¤,1.0,1.0,0.6,Satisfied
Case 2141,3,¡¢¥,£¤,£¤,1.0,1.0,0.6,Satisfied
Case 2142,3,¡¢¥,£¤,£¤,1.0,1.0,0.6,Satisfied
Case 2143,3,¡¢­,¥£¤,£¤,0.6666666666666667,0.6666666666666666,0.6,Satisfied
Case 2152,3,¡¢¥,£¤,£¤,1.0,1.0,0.6,Satisfied
Case 2156,3,¡¢¥,£¤,£¤,1.0,1.0,0.6,Satisfied
Case 2157,3,¡¥£,¥£¤,¤,0.33333333333333337,0.33333333333333326,0.6,Satisfied
Case 2163,3,¡¢¥,£¤,£¤,1.0,1.0,0.6,Satisfied
Case 2167,3,¡¢¥,£¤,£¤,1.0,1.0,0.6,Satisfied
Case 2168,3,¡¢¥,¥£¤,£¤,0.6666666666666667,0.6666666666666666,0.6,Satisfied
Case 2172,3,¡¢¥,£¤,£¤,1.0,1.0,0.6,Satisfied
Case 2176,3,¡¢¥,£¤,£¤,1.0,1.0,0.6,Satisfied
Case 2177,3,¡¥¥,£¤,¢£¤,0.6666666666666667,0.6666666666666666,0.6,Satisfied
Case 2183,3,¡¢¥,£¤,£¤,1.0,1.0,0.6,Satisfied
Case 2187,3,¡¢¥,£¤,£¤,1.0,1.0,0.6,Satisfied
Case 2191,3,¡¢¥,£¤,£¤,1.0,1.0,0.6,Satisfied
Case 2197,3,¡¢¥,£¤,£¤,1.0,1.0,0.6,Satisfied
Case 2201,3,¡¢¥,£¤,£¤,1.0,1.0,0.6,Satisfied
Case 2203,3,¡¢¥,£¤,£¤,1.0,1.0,0.6,Satisfied
Case 2210,3,¡¢¥,£¤,£¤,1.0,1.0,0.6,Satisfied
Case 2211,3,¡¢¥,£¤,£¤,1.0,1.0,0.6,Satisfied
Case 2215,3,¡¢¥,£¤,£¤,1.0,1.0,0.6,Satisfied
Case 2219,3,¡¢¥,¢£¤,£¤,0.6666666666666667,0.6666666666666666,0.6,Satisfied
Case 2220,3,¡¢¥,£¤,£¤,1.0,1.0,0.6,Satisfied
Case 2227,3,¡¥£,¥£¤,¤,0.33333333333333337,0.33333333333333326,0.6,Satisfied
Case 2228,3,¡¢¥,£¤,£¤,1.0,1.0,0.6,Satisfied
Case 2229,3,¡¥£,¤,¤,1.0,1.0,0.6,Satisfied
Case 2232,3,¡¥£,¤,¤,1.0,1.0,0.6,Satisfied
Case 2236,3,¡¢¥,£¤,£¤,1.0,1.0,0.6,Satisfied
Case 2239,3,¡¢¥,£¥£¢¥£¤,£¤,0.2857142857142857,0.5,0.6,Satisfied
Case 2245,3,¡¢¥,£¤,£¤,1.0,1.0,0.6,Satisfied
Case 2253,3,¢¥£,¤,¤,1.0,1.0,0.6,Satisfied
Case 2256,3,¡¥£,¤,¤,1.0,1.0,0.6,Satisfied
Case 2267,3,¡¢¥,£¤,£¤,1.0,1.0,0.6,Satisfied
Case 2268,3,¡¢¥,£¤,£¤,1.0,1.0,0.6,Satisfied
Case 2279,3,¡¢¥,£¤,£¤,1.0,1.0,0.6,Satisfied
Case 2285,3,¡¥¢,¥£¤,£¤,0.6666666666666667,0.6666666666666666,0.6,Satisfied
Case 2290,3,¡¢¥,£¤,£¤,1.0,1.0,0.6,Satisfied
Case 2296,3,¡¢¥,£¤,£¤,1.0,1.0,0.6,Satisfied
Case 23,3,¡¢¥,£¤,£¤,1.0,1.0,0.6,Satisfied
Case 230,3,¡¡¢,¥£¤,£¤,0.6666666666666667,0.6666666666666666,0.6,Satisfied
Case 2300,3,¡¢­,­¦­,£¤,0.0,0.0,0.6,Satisfied
Case 2302,3,¡¢¥,£¤,£¤,1.0,1.0,0.6,Satisfied
Case 2308,3,¡¢¥,£¤,£¤,1.0,1.0,0.6,Satisfied
Case 2315,3,¡¢¥,£¤,£¤,1.0,1.0,0.6,Satisfied
Case 232,3,¡¢¥,¥£¥£¤,£¤,0.4,0.6666666666666666,0.6,Satisfied
Case 2322,3,¡¢¥,£¤,£¤,1.0,1.0,0.6,Satisfied
Case 2328,3,¡¢¥,£¤,£¤,1.0,1.0,0.6,Satisfied
Case 233,3,¡¢¥,£¤,£¤,1.0,1.0,0.6,Satisfied
Case 2330,3,¡¢¥,£¤,£¤,1.0,1.0,0.6,Satisfied
Case 2335,3,¡¢¥,£¤,£¤,1.0,1.0,0.6,Satisfied
Case 2342,3,¡¢¥,¥£¤,£¤,0.6666666666666667,0.6666666666666666,0.6,Satisfied
Case 2346,3,§¡¢,¥£¤,¥£¤,1.0,1.0,0.6,Satisfied
Case 2348,3,¡¢¥,£¤,£¤,1.0,1.0,0.6,Satisfied
Case 235,3,§¡¢,¥£¤,¥£¤,1.0,1.0,0.6,Satisfied
Case 2356,3,¡¢¥,¥£¤,£¤,0.6666666666666667,0.6666666666666666,0.6,Satisfied
Case 2362,3,¢¥£,¤,¤,1.0,1.0,0.6,Satisfied
Case 2367,3,¡¢¥,£¤,£¤,1.0,1.0,0.6,Satisfied
Case 2368,3,¡¢¥,£¥£¥£­¢¥£¤,£¤,0.19999999999999996,0.4,0.6,Satisfied
Case 237,3,¡¢­,¥£¤,£¤,0.6666666666666667,0.6666666666666666,0.6,Satisfied
Case 2374,3,¡¢¥,£¤,£¤,1.0,1.0,0.6,Satisfied
Case 2375,3,¡¡¡,¢¥£¤,¢£¤,0.75,0.75,0.6,Satisfied
Case 2380,3,¡¢¥,¢£¤,£¤,0.6666666666666667,0.6666666666666666,0.6,Satisfied
Case 2381,3,¡¡¡,¥£¥£¤,¢£¤,0.4,0.5,0.6,Satisfied
Case 2390,3,¡¢¥,£¤,£¤,1.0,1.0,0.6,Satisfied
Case 2391,3,¡¢¥,£¤,£¤,1.0,1.0,0.6,Satisfied
Case 2398,3,¡¢¥,£¤,£¤,1.0,1.0,0.6,Satisfied
Case 2399,3,¡¢¢,¥£¤,£¤,0.6666666666666667,0.6666666666666666,0.6,Satisfied
Case 2403,3,¡¢¥,£¤,£¤,1.0,1.0,0.6,Satisfied
Case 2415,3,¡¢¥,£¤,£¤,1.0,1.0,0.6,Satisfied
Case 2417,3,¡¢¥,­£¤,£¤,0.6666666666666667,0.6666666666666666,0.6,Satisfied
Case 242,3,¡¢¥,£¤,£¤,1.0,1.0,0.6,Satisfied
Case 2431,3,¡¢¥,£¤,£¤,1.0,1.0,0.6,Satisfied
Case 2432,3,¡¢¥,£¤,£¤,1.0,1.0,0.6,Satisfied
Case 2436,3,¡¥£,¤¢,¤,0.5,0.5,0.6,Satisfied
Case 2447,3,¡¢¢,¥£¤,£¤,0.6666666666666667,0.6666666666666666,0.6,Satisfied
Case 2448,3,¡¢¥,£¤,£¤,1.0,1.0,0.6,Satisfied
Case 2451,3,¡¢¦,­­¥£,£¤,0.0,0.25,0.6,Satisfied
Case 2452,3,¡¢¥,£¤,£¤,1.0,1.0,0.6,Satisfied
Case 2455,3,¡¢¥,£¤,£¤,1.0,1.0,0.6,Satisfied
Case 2458,3,¡¢¥,£¤,£¤,1.0,1.0,0.6,Satisfied
Case 2465,3,¡¢¥,£¤,£¤,1.0,1.0,0.6,Satisfied
Case 2466,3,¡¢­,­¥£¤,£¤,0.5,0.5,0.6,Satisfied
Case 247,3,§¢¥,£¤,£¤,1.0,1.0,0.6,Satisfied
Case 2473,3,¡¢¥,¢¥£¤,£¤,0.5,0.5,0.6,Satisfied
Case 2474,3,¡¢¥,£¤,£¤,1.0,1.0,0.6,Satisfied
Case 2476,3,¡¢­,¥£¤,£¤,0.6666666666666667,0.6666666666666666,0.6,Satisfied
Case 2481,3,¡¢­,¥£¤,£¤,0.6666666666666667,0.6666666666666666,0.6,Satisfied
Case 2490,3,¡¡¢,¥£¤,£¤,0.6666666666666667,0.6666666666666666,0.6,Satisfied
Case 2492,3,¡¢¥,£¤,£¤,1.0,1.0,0.6,Satisfied
Case 2498,3,¡¢¥,£¤,£¤,1.0,1.0,0.6,Satisfied
Case 2499,3,¡¢¥,£¤,£¤,1.0,1.0,0.6,Satisfied
Case 2504,3,¡¢¥,£¤,£¤,1.0,1.0,0.6,Satisfied
Case 2508,3,¡¢¥,£¤,£¤,1.0,1.0,0.6,Satisfied
Case 2512,3,¡¢¥,£¥£¤,£¤,0.5,0.6666666666666666,0.6,Satisfied
Case 2514,3,¡¢¥,¥£¤,£¤,0.6666666666666667,0.6666666666666666,0.6,Satisfied
Case 2522,3,¡¢¥,£¥£¤,£¤,0.5,0.6666666666666666,0.6,Satisfied
Case 253,3,¡¢¥,£¤,£¤,1.0,1.0,0.6,Satisfied
Case 2530,3,¡¢¥,£¤,£¤,1.0,1.0,0.6,Satisfied
Case 2534,3,¡¢¥,£¤,£¤,1.0,1.0,0.6,Satisfied
Case 2541,3,¢¥£,¤,¤,1.0,1.0,0.6,Satisfied
Case 2550,3,¡¢¥,¥£¥£¤,£¤,0.4,0.6666666666666666,0.6,Satisfied
Case 2555,3,¡¢¥,£¤,£¤,1.0,1.0,0.6,Satisfied
Case 2558,3,¡¢¥,£¤,£¤,1.0,1.0,0.6,Satisfied
Case 2569,3,¡¢¥,£¤,£¤,1.0,1.0,0.6,Satisfied
Case 2571,3,¡¢¥,£¤,£¤,1.0,1.0,0.6,Satisfied
Case 2577,3,¡¢¥,£¤,£¤,1.0,1.0,0.6,Satisfied
Case 2581,3,¡¡¢,¥£¤,£¤,0.6666666666666667,0.6666666666666666,0.6,Satisfied
Case 2585,3,¡¢¥,£¤,£¤,1.0,1.0,0.6,Satisfied
Case 2591,3,¡¢¥,£¤,£¤,1.0,1.0,0.6,Satisfied
Case 2593,3,¡­¥,£¤,£¤,1.0,1.0,0.6,Satisfied
Case 2596,3,¡¢¥,£¤,£¤,1.0,1.0,0.6,Satisfied
Case 2598,3,¡¢¥,£¤,£¤,1.0,1.0,0.6,Satisfied
Case 2599,3,¡¢¥,£¤,£¤,1.0,1.0,0.6,Satisfied
Case 2603,3,¡¢¥,£¤,£¤,1.0,1.0,0.6,Satisfied
Case 2607,3,¡¢¥,£¤,£¤,1.0,1.0,0.6,Satisfied
Case 2609,3,¡¢¥,£¤,£¤,1.0,1.0,0.6,Satisfied
Case 261,3,¡¢¥,£¤,£¤,1.0,1.0,0.6,Satisfied
Case 2611,3,¡¢¥,£¤,£¤,1.0,1.0,0.6,Satisfied
Case 2613,3,¡¢¥,¥¥£¥£¤,£¤,0.33333333333333337,0.6666666666666666,0.6,Satisfied
Case 2614,3,¡¢¥,£¤,£¤,1.0,1.0,0.6,Satisfied
Case 2616,3,¡¥£,¤,¤,1.0,1.0,0.6,Satisfied
Case 262,3,¡¢¥,£¥£¤,£¤,0.5,0.6666666666666666,0.6,Satisfied
Case 2620,3,¡¢­,¥£¤,£¤,0.6666666666666667,0.6666666666666666,0.6,Satisfied
Case 2622,3,¢¥£,¤,¤,1.0,1.0,0.6,Satisfied
Case 2625,3,¡¢¥,£¤,£¤,1.0,1.0,0.6,Satisfied
Case 2631,3,¡¢¥,£¤,£¤,1.0,1.0,0.6,Satisfied
Case 2634,3,¡¢¥,£¤,£¤,1.0,1.0,0.6,Satisfied
Case 2643,3,¡¥£,¤,¤,1.0,1.0,0.6,Satisfied
Case 265,3,¡¢¥,£¤,£¤,1.0,1.0,0.6,Satisfied
Case 2659,3,¡¢¥,¥¢£¤,£¤,0.5,0.5,0.6,Satisfied
Case 2665,3,¡¢¥,£¤,£¤,1.0,1.0,0.6,Satisfied
Case 2666,3,¡¡¢,¥¥£¤,£¤,0.5,0.6666666666666666,0.6,Satisfied
Case 2667,3,¡¢¥,¥£¢¥£¤,£¤,0.33333333333333337,0.5,0.6,Satisfied
Case 2668,3,¡¡¢,­¥£¤,£¤,0.5,0.5,0.6,Satisfied
Case 2674,3,¡¢¥,¢£¤,£¤,0.6666666666666667,0.6666666666666666,0.6,Satisfied
Case 2676,3,¡¢¥,£¤,£¤,1.0,1.0,0.6,Satisfied
Case 2681,3,¡¢¥,£¤,£¤,1.0,1.0,0.6,Satisfied
Case 2686,3,¢¥£,¤,¤,1.0,1.0,0.6,Satisfied
Case 2700,3,¡¢¥,£¤,£¤,1.0,1.0,0.6,Satisfied
Case 2713,3,¡¢¥,£¤,£¤,1.0,1.0,0.6,Satisfied
Case 2714,3,¡¢¥,£¤,£¤,1.0,1.0,0.6,Satisfied
Case 2716,3,¡¢¥,£¤,£¤,1.0,1.0,0.6,Satisfied
Case 2720,3,¡¢­,¥£¤,£¤,0.6666666666666667,0.6666666666666666,0.6,Satisfied
Case 2721,3,¡¢¥,£¤,£¤,1.0,1.0,0.6,Satisfied
Case 2734,3,¡¢¥,£¤,£¤,1.0,1.0,0.6,Satisfied
Case 2741,3,¡¢¥,£¤,£¤,1.0,1.0,0.6,Satisfied
Case 2765,3,¡¢¥,¥£¤,£¤,0.6666666666666667,0.6666666666666666,0.6,Satisfied
Case 2770,3,¡¢¥,£¤,£¤,1.0,1.0,0.6,Satisfied
Case 2774,3,¡¥£,¥£¢¥£¤,¤,0.16666666666666663,0.25,0.6,Satisfied
Case 2776,3,¢¥¢,¥£¤,£¤,0.6666666666666667,0.6666666666666666,0.6,Satisfied
Case 2777,3,¡¢¥,£¤,£¤,1.0,1.0,0.6,Satisfied
Case 2788,3,¡¢¥,£¤,£¤,1.0,1.0,0.6,Satisfied
Case 2789,3,¡¢¥,£¤,£¤,1.0,1.0,0.6,Satisfied
Case 2791,3,¡¢¥,£¤,£¤,1.0,1.0,0.6,Satisfied
Case 2797,3,¢¥£,¤,¤,1.0,1.0,0.6,Satisfied
Case 28,3,¡¢¦,­­¥£,£¤,0.0,0.25,0.6,Satisfied
Case 2814,3,¡¢¥,£¤,£¤,1.0,1.0,0.6,Satisfied
Case 282,3,¡¢¥,£¤,£¤,1.0,1.0,0.6,Satisfied
Case 2826,3,¡¢¥,£¤,£¤,1.0,1.0,0.6,Satisfied
Case 2834,3,¡¢¥,£¤,£¤,1.0,1.0,0.6,Satisfied
Case 2839,3,¡¢¥,£¤,£¤,1.0,1.0,0.6,Satisfied
Case 2847,3,¡¢¥,£¤,£¤,1.0,1.0,0.6,Satisfied
Case 2848,3,¡¢¥,£¤,£¤,1.0,1.0,0.6,Satisfied
Case 2849,3,¡¥£,¥£¤,¤,0.33333333333333337,0.33333333333333326,0.6,Satisfied
Case 2851,3,¡¢¥,£¤,£¤,1.0,1.0,0.6,Satisfied
Case 2854,3,¡¢¥,£¤,£¤,1.0,1.0,0.6,Satisfied
Case 286,3,¡¢¥,£¤,£¤,1.0,1.0,0.6,Satisfied
Case 2860,3,¡¢¥,£¤,£¤,1.0,1.0,0.6,Satisfied
Case 2866,3,¡¢¥,£¤,£¤,1.0,1.0,0.6,Satisfied
Case 2873,3,¡¢¥,£¤,£¤,1.0,1.0,0.6,Satisfied
Case 2875,3,¡¢¥,£¤,£¤,1.0,1.0,0.6,Satisfied
Case 2881,3,¡­­,¥£¤,¥£¤,1.0,1.0,0.6,Satisfied
Case 2891,3,¡¢¥,£¤,£¤,1.0,1.0,0.6,Satisfied
Case 2897,3,¡¢­,¢¥£¤,£¤,0.5,0.5,0.6,Satisfied
Case 2905,3,¡¢¥,£¤,£¤,1.0,1.0,0.6,Satisfied
Case 2908,3,¡¢¥,£¤,£¤,1.0,1.0,0.6,Satisfied
Case 2910,3,¡¢¥,£¤,£¤,1.0,1.0,0.6,Satisfied
Case 2918,3,¡¢­,¢¥£¤,£¤,0.5,0.5,0.6,Satisfied
Case 292,3,¡¢¥,£¤,£¤,1.0,1.0,0.6,Satisfied
Case 2931,3,¡¢¥,­£¥£¤,£¤,0.4,0.5,0.6,Satisfied
Case 2932,3,¡¢¥,£¤,£¤,1.0,1.0,0.6,Satisfied
Case 2934,3,¡¢¥,£¤,£¤,1.0,1.0,0.6,Satisfied
Case 2949,3,¡¢¥,£¤,£¤,1.0,1.0,0.6,Satisfied
Case 2956,3,¡¥£,¤,¤,1.0,1.0,0.6,Satisfied
Case 296,3,¡¢¥,£¤,£¤,1.0,1.0,0.6,Satisfied
Case 2962,3,¡¢¥,£¤,£¤,1.0,1.0,0.6,Satisfied
Case 2964,3,¡¢¥,£¤,£¤,1.0,1.0,0.6,Satisfied
Case 2966,3,¡¢¥,£¤,£¤,1.0,1.0,0.6,Satisfied
Case 2968,3,¡¢¥,£¤,£¤,1.0,1.0,0.6,Satisfied
Case 2970,3,¡¢­,¥£¤,£¤,0.6666666666666667,0.6666666666666666,0.6,Satisfied
Case 2971,3,¡¢¥,£¤,£¤,1.0,1.0,0.6,Satisfied
Case 2975,3,¡¥¡,¢¥¥¢£¤,¢£¤,0.5,0.75,0.6,Satisfied
Case 2981,3,¡¡¢,­­¥£¤,£¤,0.4,0.5,0.6,Satisfied
Case 2984,3,¡¢¥,£¥£¤,£¤,0.5,0.6666666666666666,0.6,Satisfied
Case 2988,3,¡¥£,¥£¤,¤,0.33333333333333337,0.33333333333333326,0.6,Satisfied
Case 299,3,¡¢¥,£¤,£¤,1.0,1.0,0.6,Satisfied
Case 2992,3,¡¢¥,£¤,£¤,1.0,1.0,0.6,Satisfied
Case 3002,3,¡¢¥,£¤,£¤,1.0,1.0,0.6,Satisfied
Case 3008,3,¡¢¥,£¤,£¤,1.0,1.0,0.6,Satisfied
Case 3009,3,¡¢¥,¢£¤,£¤,0.6666666666666667,0.6666666666666666,0.6,Satisfied
Case 3010,3,¡¢¥,£¤,£¤,1.0,1.0,0.6,Satisfied
Case 3013,3,¡¢¢,¥£¤,£¤,0.6666666666666667,0.6666666666666666,0.6,Satisfied
Case 3015,3,¡¢­,¥£¤,£¤,0.6666666666666667,0.6666666666666666,0.6,Satisfied
Case 3016,3,¡¡¢,¥£¤,£¤,0.6666666666666667,0.6666666666666666,0.6,Satisfied
Case 3021,3,¡¢¥,£¤,£¤,1.0,1.0,0.6,Satisfied
Case 3027,3,¡¢¥,£¤,£¤,1.0,1.0,0.6,Satisfied
Case 3034,3,¡¢¥,£¤,£¤,1.0,1.0,0.6,Satisfied
Case 3035,3,¡¢¥,£¤,£¤,1.0,1.0,0.6,Satisfied
Case 3037,3,¡¢¥,£¤,£¤,1.0,1.0,0.6,Satisfied
Case 3038,3,¡¢¥,¢¥£¤,£¤,0.5,0.5,0.6,Satisfied
Case 3043,3,¡¢¥,£¤,£¤,1.0,1.0,0.6,Satisfied
Case 3044,3,¡¢¥,£¤,£¤,1.0,1.0,0.6,Satisfied
Case 3046,3,¡¥£,¤,¤,1.0,1.0,0.6,Satisfied
Case 3056,3,¡¢¥,£¤,£¤,1.0,1.0,0.6,Satisfied
Case 3058,3,¡¢­,¥£¥£¤,£¤,0.4,0.6666666666666666,0.6,Satisfied
Case 3059,3,¡¢­,¥£¤,£¤,0.6666666666666667,0.6666666666666666,0.6,Satisfied
Case 3061,3,¡¢­,¥£¤,£¤,0.6666666666666667,0.6666666666666666,0.6,Satisfied
Case 3071,3,¡¢¦,­¥£¤,£¤,0.5,0.5,0.6,Satisfied
Case 3073,3,¡¢¥,£¤,£¤,1.0,1.0,0.6,Satisfied
Case 3077,3,¡­¥,£¤,£¤,1.0,1.0,0.6,Satisfied
Case 3078,3,¡¢¥,£¤,£¤,1.0,1.0,0.6,Satisfied
Case 308,3,¡¢¥,£¤,£¤,1.0,1.0,0.6,Satisfied
Case 3082,3,¡¡¢,¥£¤,£¤,0.6666666666666667,0.6666666666666666,0.6,Satisfied
Case 3083,3,¡¢¥,£¤,£¤,1.0,1.0,0.6,Satisfied
Case 3086,3,¡¢¥,£¤,£¤,1.0,1.0,0.6,Satisfied
Case 3095,3,¡¢¥,£¤,£¤,1.0,1.0,0.6,Satisfied
Case 31,3,¡¢¦,­¥£¤,£¤,0.5,0.5,0.6,Satisfied
Case 3103,3,¡¢­,¥£¤,£¤,0.6666666666666667,0.6666666666666666,0.6,Satisfied
Case 3112,3,¡¢¥,£¤,£¤,1.0,1.0,0.6,Satisfied
Case 3113,3,¡¢¥,¥¢¥£¤,£¤,0.4,0.5,0.6,Satisfied
Case 3118,3,¡¢¥,¥¦£¤,£¤,0.5,0.5,0.6,Satisfied
Case 3121,3,¡¢¥,£¡¢¥£¤,£¤,0.33333333333333337,0.4,0.6,Satisfied
Case 3126,3,¡¢¥,£¤,£¤,1.0,1.0,0.6,Satisfied
Case 3128,3,¡¢¥,£¤,£¤,1.0,1.0,0.6,Satisfied
Case 313,3,¡¢¥,­¥£¥£¤,£¤,0.33333333333333337,0.5,0.6,Satisfied
Case 3139,3,¡¢­,¢¥£¤,£¤,0.5,0.5,0.6,Satisfied
Case 3142,3,¡¢¥,£¤,£¤,1.0,1.0,0.6,Satisfied
Case 3145,3,¡¢¥,£¤,£¤,1.0,1.0,0.6,Satisfied
Case 3148,3,¢¥£,¤,¤,1.0,1.0,0.6,Satisfied
Case 317,3,¡¢­,¥£¤,£¤,0.6666666666666667,0.6666666666666666,0.6,Satisfied
Case 3172,3,¡¢¥,£¤,£¤,1.0,1.0,0.6,Satisfied
Case 3176,3,¡¢­,¥£¤,£¤,0.6666666666666667,0.6666666666666666,0.6,Satisfied
Case 3180,3,¡¢¥,£¤,£¤,1.0,1.0,0.6,Satisfied
Case 3182,3,¡¢¥,£¤,£¤,1.0,1.0,0.6,Satisfied
Case 3184,3,¡¢¥,£¤,£¤,1.0,1.0,0.6,Satisfied
Case 3186,3,¡¢¥,£¤,£¤,1.0,1.0,0.6,Satisfied
Case 3188,3,¡¢¥,£¤,£¤,1.0,1.0,0.6,Satisfied
Case 3192,3,¡¢¦,¥£¤,£¤,0.6666666666666667,0.6666666666666666,0.6,Satisfied
Case 3212,3,¡¢¥,£¤,£¤,1.0,1.0,0.6,Satisfied
Case 3214,3,¡¢¦,¥£¤,£¤,0.6666666666666667,0.6666666666666666,0.6,Satisfied
Case 3222,3,¡¢¥,£¤,£¤,1.0,1.0,0.6,Satisfied
Case 3226,3,¡¥£,¤,¤,1.0,1.0,0.6,Satisfied
Case 3229,3,¡¢¥,£¤,£¤,1.0,1.0,0.6,Satisfied
Case 323,3,¡¢¥,£¤,£¤,1.0,1.0,0.6,Satisfied
Case 3231,3,¡¢¥,£¤,£¤,1.0,1.0,0.6,Satisfied
Case 3233,3,¡¢¥,£¤,£¤,1.0,1.0,0.6,Satisfied
Case 3239,3,¡¥£,¤,¤,1.0,1.0,0.6,Satisfied
Case 324,3,¢¥£,¤,¤,1.0,1.0,0.6,Satisfied
Case 3240,3,¡¢¥,£¤,£¤,1.0,1.0,0.6,Satisfied
Case 3249,3,¡¢­,­¢¥£¥£¤,£¤,0.2857142857142857,0.4,0.6,Satisfied
Case 3251,3,¡¢¥,£¤,£¤,1.0,1.0,0.6,Satisfied
Case 3253,3,¡¢¥,£¤,£¤,1.0,1.0,0.6,Satisfied
Case 326,3,¡¢­,­¥£¤,£¤,0.5,0.5,0.6,Satisfied
Case 3260,3,¡¢¥,£¤,£¤,1.0,1.0,0.6,Satisfied
Case 3262,3,¡¢¥,£¤,£¤,1.0,1.0,0.6,Satisfied
Case 3273,3,¡¢¥,£¤,£¤,1.0,1.0,0.6,Satisfied
Case 3276,3,¡¢­,¥£¤,£¤,0.6666666666666667,0.6666666666666666,0.6,Satisfied
Case 3288,3,¡¢¥,£¥£¤,£¤,0.5,0.6666666666666666,0.6,Satisfied
Case 3289,3,¡¢¥,£¤,£¤,1.0,1.0,0.6,Satisfied
Case 3294,3,¡¢¥,¢£¤,£¤,0.6666666666666667,0.6666666666666666,0.6,Satisfied
Case 33,3,¡¢¥,£¤,£¤,1.0,1.0,0.6,Satisfied
Case 331,3,¡¢­,¥£¤,£¤,0.6666666666666667,0.6666666666666666,0.6,Satisfied
Case 3314,3,¡¢¥,£¤,£¤,1.0,1.0,0.6,Satisfied
Case 3315,3,¡¢¥,£¤,£¤,1.0,1.0,0.6,Satisfied
Case 332,3,¡¢¥,£¤,£¤,1.0,1.0,0.6,Satisfied
Case 3323,3,¡¢¦,­­¥£,£¤,0.0,0.25,0.6,Satisfied
Case 3324,3,¡¢¥,£¤,£¤,1.0,1.0,0.6,Satisfied
Case 333,3,¡¢¥,£¤,£¤,1.0,1.0,0.6,Satisfied
Case 3331,3,¡¢¥,£¤,£¤,1.0,1.0,0.6,Satisfied
Case 3334,3,¡¢¥,£¤,£¤,1.0,1.0,0.6,Satisfied
Case 3336,3,¡¢¥,£¤,£¤,1.0,1.0,0.6,Satisfied
Case 3338,3,¡­¥,£¤,£¤,1.0,1.0,0.6,Satisfied
Case 3341,3,¡¢¥,£¤,£¤,1.0,1.0,0.6,Satisfied
Case 3344,3,¡¥£,¥£¢¥£¥£¤,¤,0.125,0.25,0.6,Satisfied
Case 3349,3,¡¢¥,£¤,£¤,1.0,1.0,0.6,Satisfied
Case 3351,3,¡¢¥,£¥£¤,£¤,0.5,0.6666666666666666,0.6,Satisfied
Case 3357,3,¡¢¥,£¤,£¤,1.0,1.0,0.6,Satisfied
Case 3358,3,¡¢­,¥£¤,£¤,0.6666666666666667,0.6666666666666666,0.6,Satisfied
Case 3360,3,¡¢¥,£¤,£¤,1.0,1.0,0.6,Satisfied
Case 3362,3,¡¢¥,£¤,£¤,1.0,1.0,0.6,Satisfied
Case 337,3,¡¢¥,£¤,£¤,1.0,1.0,0.6,Satisfied
Case 3372,3,¡¢¥,£¤,£¤,1.0,1.0,0.6,Satisfied
Case 3373,3,¡¢¥,£¤,£¤,1.0,1.0,0.6,Satisfied
Case 3376,3,¡¢¥,£¤,£¤,1.0,1.0,0.6,Satisfied
Case 3382,3,¡¢¥,£¤,£¤,1.0,1.0,0.6,Satisfied
Case 3398,3,¡¢¥,£¤,£¤,1.0,1.0,0.6,Satisfied
Case 34,3,¡¢¥,¥£¤,£¤,0.6666666666666667,0.6666666666666666,0.6,Satisfied
Case 3403,3,¡¢¥,£¤,£¤,1.0,1.0,0.6,Satisfied
Case 3409,3,¡¢¦,¬¬­,£¤,0.0,0.0,0.6,Satisfied
Case 3413,3,¡¢¥,£¤,£¤,1.0,1.0,0.6,Satisfied
Case 3416,3,¡¥£,¤,¤,1.0,1.0,0.6,Satisfied
Case 3418,3,¡¢­,¥£¤,£¤,0.6666666666666667,0.6666666666666666,0.6,Satisfied
Case 3419,3,¡¢¥,£¤,£¤,1.0,1.0,0.6,Satisfied
Case 3426,3,¡¢¥,£¤,£¤,1.0,1.0,0.6,Satisfied
Case 3428,3,¡¢¥,£¤,£¤,1.0,1.0,0.6,Satisfied
Case 343,3,¡¢¥,£¤,£¤,1.0,1.0,0.6,Satisfied
Case 3436,3,¡¢¥,¥¥¥£¤,£¤,0.4,0.6666666666666666,0.6,Satisfied
Case 3439,3,¢¥£,¢¥¢¥£¤,¤,0.16666666666666663,0.25,0.6,Satisfied
Case 3440,3,¡¢¥,£¤,£¤,1.0,1.0,0.6,Satisfied
Case 3442,3,¡¢¥,£¤,£¤,1.0,1.0,0.6,Satisfied
Case 3443,3,¡¢­,¥£,£¤,0.0,0.33333333333333326,0.6,Satisfied
Case 3444,3,¡¦¦,¬¬­¥£¤,¥£¤,0.5,0.6,0.6,Satisfied
Case 3448,3,¡¢¥,£¤,£¤,1.0,1.0,0.6,Satisfied
Case 3449,3,¡¡¢,¥£¤,£¤,0.6666666666666667,0.6666666666666666,0.6,Satisfied
Case 345,3,¡¢¥,£¤,£¤,1.0,1.0,0.6,Satisfied
Case 3454,3,¡¢¢,¥£¤,£¤,0.6666666666666667,0.6666666666666666,0.6,Satisfied
Case 346,3,¡¥¥,£¤,¢£¤,0.6666666666666667,0.6666666666666666,0.6,Satisfied
Case 3462,3,¡¢¥,£¤,£¤,1.0,1.0,0.6,Satisfied
Case 3465,3,¡¢¥,£¤,£¤,1.0,1.0,0.6,Satisfied
Case 3475,3,¡¢¥,£¤,£¤,1.0,1.0,0.6,Satisfied
Case 348,3,¡¢¥,£¤,£¤,1.0,1.0,0.6,Satisfied
Case 349,3,¡¢¥,£¤,£¤,1.0,1.0,0.6,Satisfied
Case 3498,3,¡¢¥,£¤,£¤,1.0,1.0,0.6,Satisfied
Case 3511,3,¡¢¥,£¤,£¤,1.0,1.0,0.6,Satisfied
Case 3516,3,¡¢­,¥£¤,£¤,0.6666666666666667,0.6666666666666666,0.6,Satisfied
Case 3517,3,¡¢¥,£¤,£¤,1.0,1.0,0.6,Satisfied
Case 3529,3,¡¢¥,£¤,£¤,1.0,1.0,0.6,Satisfied
Case 3530,3,¡¢¥,£¤,£¤,1.0,1.0,0.6,Satisfied
Case 3532,3,¡¢¥,£¤,£¤,1.0,1.0,0.6,Satisfied
Case 3535,3,¡¢¥,£¤,£¤,1.0,1.0,0.6,Satisfied
Case 3537,3,¡¢¥,£¤,£¤,1.0,1.0,0.6,Satisfied
Case 3539,3,¡¢¥,£¤,£¤,1.0,1.0,0.6,Satisfied
Case 3542,3,¡¢¥,£¤,£¤,1.0,1.0,0.6,Satisfied
Case 3543,3,¡¢¥,£¤,£¤,1.0,1.0,0.6,Satisfied
Case 3546,3,¡¢¥,£¤,£¤,1.0,1.0,0.6,Satisfied
Case 3551,3,¡¢¥,£¤,£¤,1.0,1.0,0.6,Satisfied
Case 3552,3,¡¢¥,£¤,£¤,1.0,1.0,0.6,Satisfied
Case 3562,3,¡¢¥,£¢¥£¤,£¤,0.4,0.5,0.6,Satisfied
Case 3563,3,¡¢¥,£¤,£¤,1.0,1.0,0.6,Satisfied
Case 3565,3,¡¢¥,£¤,£¤,1.0,1.0,0.6,Satisfied
Case 3567,3,¡¢¥,£¤,£¤,1.0,1.0,0.6,Satisfied
Case 3569,3,¢¥£,¤,¤,1.0,1.0,0.6,Satisfied
Case 3582,3,¡¢¥,£¤,£¤,1.0,1.0,0.6,Satisfied
Case 3583,3,¡¢¥,£¤,£¤,1.0,1.0,0.6,Satisfied
Case 3592,3,¡¢¥,£¤,£¤,1.0,1.0,0.6,Satisfied
Case 3599,3,¡¢¥,£¤,£¤,1.0,1.0,0.6,Satisfied
Case 3600,3,¡¢¥,£¤,£¤,1.0,1.0,0.6,Satisfied
Case 3601,3,¡¢¥,£¤,£¤,1.0,1.0,0.6,Satisfied
Case 361,3,¡¢¥,£¢¥£¤,£¤,0.4,0.5,0.6,Satisfied
Case 3613,3,¡¢­,¥£¤,£¤,0.6666666666666667,0.6666666666666666,0.6,Satisfied
Case 3614,3,¡¢¥,£¤,£¤,1.0,1.0,0.6,Satisfied
Case 3634,3,¢¥£,¤,¤,1.0,1.0,0.6,Satisfied
Case 3638,3,¡¢¥,£¤,£¤,1.0,1.0,0.6,Satisfied
Case 364,3,¡¢¥,£¤,£¤,1.0,1.0,0.6,Satisfied
Case 3641,3,¡¢¥,£¤,£¤,1.0,1.0,0.6,Satisfied
Case 3643,3,¡¢¥,£¤,£¤,1.0,1.0,0.6,Satisfied
Case 3645,3,¡¢­,¥£¤,£¤,0.6666666666666667,0.6666666666666666,0.6,Satisfied
Case 3653,3,¡¢¥,£¤,£¤,1.0,1.0,0.6,Satisfied
Case 3654,3,¡¢¥,£¤,£¤,1.0,1.0,0.6,Satisfied
Case 3656,3,¡¢¥,¥£¤,£¤,0.6666666666666667,0.6666666666666666,0.6,Satisfied
Case 3657,3,¡¢¥,£¤,£¤,1.0,1.0,0.6,Satisfied
Case 3662,3,¡¢¥,¥£¤,£¤,0.6666666666666667,0.6666666666666666,0.6,Satisfied
Case 3663,3,¡¢¥,£¤,£¤,1.0,1.0,0.6,Satisfied
Case 3666,3,¡¢¥,£¤,£¤,1.0,1.0,0.6,Satisfied
Case 3669,3,¡¡¢,¥¢­­£¤,£¤,0.33333333333333337,0.4,0.6,Satisfied
Case 367,3,¡¥¥,£¤,¢£¤,0.6666666666666667,0.6666666666666666,0.6,Satisfied
Case 3670,3,¡¢¥,£¤,£¤,1.0,1.0,0.6,Satisfied
Case 3673,3,¡¢¥,¢¥£¤,£¤,0.5,0.5,0.6,Satisfied
Case 3674,3,¡¢¥,£¤,£¤,1.0,1.0,0.6,Satisfied
Case 3676,3,¡¢¥,£¥£¤,£¤,0.5,0.6666666666666666,0.6,Satisfied
Case 3678,3,¡¢¥,£¤,£¤,1.0,1.0,0.6,Satisfied
Case 3688,3,¡¡¢,¥£¤,£¤,0.6666666666666667,0.6666666666666666,0.6,Satisfied
Case 3692,3,¡¥£,¢¥£¤,¤,0.25,0.25,0.6,Satisfied
Case 3696,3,¡¢¥,£¤,£¤,1.0,1.0,0.6,Satisfied
Case 370,3,¡¢¥,£¤,£¤,1.0,1.0,0.6,Satisfied
Case 3705,3,¡¢¥,£¢¥£¤,£¤,0.4,0.5,0.6,Satisfied
Case 3708,3,¡¢¥,£¤,£¤,1.0,1.0,0.6,Satisfied
Case 3738,3,¡¢¥,£¤,£¤,1.0,1.0,0.6,Satisfied
Case 374,3,¡¢¥,£¤,£¤,1.0,1.0,0.6,Satisfied
Case 3742,3,¡¢¥,£¤,£¤,1.0,1.0,0.6,Satisfied
Case 3745,3,¡¢¥,£¤,£¤,1.0,1.0,0.6,Satisfied
Case 3766,3,¡¢¥,£¤,£¤,1.0,1.0,0.6,Satisfied
Case 3770,3,¡¢¥,£¤,£¤,1.0,1.0,0.6,Satisfied
Case 3775,3,¡¢¥,£¤,£¤,1.0,1.0,0.6,Satisfied
Case 3776,3,¡¡¢,¥£¤,£¤,0.6666666666666667,0.6666666666666666,0.6,Satisfied
Case 378,3,¡¢¥,£¤,£¤,1.0,1.0,0.6,Satisfied
Case 3787,3,¡¢¥,¢£¤,£¤,0.6666666666666667,0.6666666666666666,0.6,Satisfied
Case 3798,3,¡¢¥,£¤,£¤,1.0,1.0,0.6,Satisfied
Case 380,3,¡¥£,¤,¤,1.0,1.0,0.6,Satisfied
Case 3802,3,§¡¥,£¤,£¤,1.0,1.0,0.6,Satisfied
Case 3818,3,¡¢¥,£¤,£¤,1.0,1.0,0.6,Satisfied
Case 3819,3,¡¢¥,£¤,£¤,1.0,1.0,0.6,Satisfied
Case 382,3,¡¢¥,¢­£,£¤,0.0,0.25,0.6,Satisfied
Case 3822,3,¡¢¥,£¤,£¤,1.0,1.0,0.6,Satisfied
Case 3832,3,¡¢¥,¥£¢¥£¤,£¤,0.33333333333333337,0.5,0.6,Satisfied
Case 384,3,¡¢¥,£¤,£¤,1.0,1.0,0.6,Satisfied
Case 3844,3,¡¢¥,£¤,£¤,1.0,1.0,0.6,Satisfied
Case 3857,3,¡¢¥,£¤,£¤,1.0,1.0,0.6,Satisfied
Case 3864,3,¡¢¥,£¤,£¤,1.0,1.0,0.6,Satisfied
Case 3865,3,¡¢­,¥£¤,£¤,0.6666666666666667,0.6666666666666666,0.6,Satisfied
Case 3877,3,¡¢¥,£¤,£¤,1.0,1.0,0.6,Satisfied
Case 3880,3,¡¥£,¤,¤,1.0,1.0,0.6,Satisfied
Case 3884,3,¡¢¥,¢£¤,£¤,0.6666666666666667,0.6666666666666666,0.6,Satisfied
Case 3885,3,¡¢¥,£¤,£¤,1.0,1.0,0.6,Satisfied
Case 3888,3,¡¥£,¤,¤,1.0,1.0,0.6,Satisfied
Case 3890,3,¡¢¥,£¤,£¤,1.0,1.0,0.6,Satisfied
Case 3896,3,¡¢¥,£¤,£¤,1.0,1.0,0.6,Satisfied
Case 3898,3,¡¢¥,£¤,£¤,1.0,1.0,0.6,Satisfied
Case 3899,3,¡¢¥,£¤,£¤,1.0,1.0,0.6,Satisfied
Case 39,3,¡¢¥,£¤,£¤,1.0,1.0,0.6,Satisfied
Case 3905,3,¡¢¥,£¤,£¤,1.0,1.0,0.6,Satisfied
Case 3912,3,¡¢¥,£¤,£¤,1.0,1.0,0.6,Satisfied
Case 3913,3,¡¥£,¤,¤,1.0,1.0,0.6,Satisfied
Case 3928,3,¡¢¥,£¤,£¤,1.0,1.0,0.6,Satisfied
Case 3930,3,¡¢¥,£¤,£¤,1.0,1.0,0.6,Satisfied
Case 3933,3,¡¢¥,£¤,£¤,1.0,1.0,0.6,Satisfied
Case 3943,3,¡¢¥,£¤,£¤,1.0,1.0,0.6,Satisfied
Case 3946,3,¡¢¥,£¤,£¤,1.0,1.0,0.6,Satisfied
Case 3957,3,¡¢¢,¥£¤,£¤,0.6666666666666667,0.6666666666666666,0.6,Satisfied
Case 3963,3,¡¢­,­¥£¥£¤,£¤,0.33333333333333337,0.5,0.6,Satisfied
Case 397,3,¡¢¥,£¤,£¤,1.0,1.0,0.6,Satisfied
Case 3974,3,¡¢¥,£¤,£¤,1.0,1.0,0.6,Satisfied
Case 3976,3,¡¢¥,£¤,£¤,1.0,1.0,0.6,Satisfied
Case 3983,3,¡¢¥,£¤,£¤,1.0,1.0,0.6,Satisfied
Case 399,3,¡¢¥,£¤,£¤,1.0,1.0,0.6,Satisfied
Case 3992,3,¡¢­,£¤,£¤,1.0,1.0,0.6,Satisfied
Case 40,3,¡¢£,¤,¤,1.0,1.0,0.6,Satisfied
Case 4004,3,¢££,¤,¤,1.0,1.0,0.6,Satisfied
Case 4006,3,¡¢¥,¢¥£¤,£¤,0.5,0.5,0.6,Satisfied
Case 4009,3,¡¢¥,£¤,£¤,1.0,1.0,0.6,Satisfied
Case 4017,3,¡¢¥,£¤,£¤,1.0,1.0,0.6,Satisfied
Case 402,3,¡¢£,¤,¤,1.0,1.0,0.6,Satisfied
Case 4026,3,¡¢¥,¦­£¤,£¤,0.5,0.5,0.6,Satisfied
Case 4030,3,¡¢£,¤,¤,1.0,1.0,0.6,Satisfied
Case 4031,3,¡££,¤,¤,1.0,1.0,0.6,Satisfied
Case 4032,3,¡¥£,¤,¤,1.0,1.0,0.6,Satisfied
Case 4037,3,¡¢£,¤,¤,1.0,1.0,0.6,Satisfied
Case 4048,3,¡¢£,¤,¤,1.0,1.0,0.6,Satisfied
Case 4054,3,¡¢£,¤,¤,1.0,1.0,0.6,Satisfied
Case 4067,3,¡¢£,¤,¤,1.0,1.0,0.6,Satisfied
Case 4068,3,¡¢£,¤,¤,1.0,1.0,0.6,Satisfied
Case 4069,3,¡¢£,¤,¤,1.0,1.0,0.6,Satisfied
Case 407,3,¡¢¥,£¤,£¤,1.0,1.0,0.6,Satisfied
Case 4073,3,¡¢¥,£¤,£¤,1.0,1.0,0.6,Satisfied
Case 4074,3,¡¢¥,£¤,£¤,1.0,1.0,0.6,Satisfied
Case 408,3,¡¡¢,¥£¤,£¤,0.6666666666666667,0.6666666666666666,0.6,Satisfied
Case 4082,3,¡¢­,£¤,£¤,1.0,1.0,0.6,Satisfied
Case 4084,3,¡¢¥,£¤,£¤,1.0,1.0,0.6,Satisfied
Case 4106,3,¡¢£,¤,¤,1.0,1.0,0.6,Satisfied
Case 4107,3,¡¢¥,¥£¤,£¤,0.6666666666666667,0.6666666666666666,0.6,Satisfied
Case 412,3,¡¢¥,£¤,£¤,1.0,1.0,0.6,Satisfied
Case 4127,3,¡¢£,¤,¤,1.0,1.0,0.6,Satisfied
Case 414,3,¡¡¢,£¤,£¤,1.0,1.0,0.6,Satisfied
Case 4145,3,¡¢£,¤,¤,1.0,1.0,0.6,Satisfied
Case 4147,3,¡¢¥,£¤,£¤,1.0,1.0,0.6,Satisfied
Case 4149,3,¡¢¥,£¤,£¤,1.0,1.0,0.6,Satisfied
Case 4154,3,¡¢£,¤,¤,1.0,1.0,0.6,Satisfied
Case 4156,3,¡¢¥,£¤,£¤,1.0,1.0,0.6,Satisfied
Case 4160,3,¡¢£,¤,¤,1.0,1.0,0.6,Satisfied
Case 4161,3,¡¢£,¤,¤,1.0,1.0,0.6,Satisfied
Case 4162,3,¡¢£,¤,¤,1.0,1.0,0.6,Satisfied
Case 4165,3,¡¡¢,¥£¤,£¤,0.6666666666666667,0.6666666666666666,0.6,Satisfied
Case 4172,3,¡¢¥,£¤,£¤,1.0,1.0,0.6,Satisfied
Case 4183,3,¡­£,¤,¤,1.0,1.0,0.6,Satisfied
Case 4185,3,¡¢­,£¤,£¤,1.0,1.0,0.6,Satisfied
Case 4187,3,¡¢¥,¢¥,£¤,0.0,0.0,0.6,Satisfied
Case 4194,3,¡¢£,¤,¤,1.0,1.0,0.6,Satisfied
Case 4197,3,¡¡¡,¢£¤,¢£¤,1.0,1.0,0.6,Satisfied
Case 4206,3,¡¢£,¤,¤,1.0,1.0,0.6,Satisfied
Case 421,3,¡¢£,¤,¤,1.0,1.0,0.6,Satisfied
Case 4212,3,¡¢£,¤,¤,1.0,1.0,0.6,Satisfied
Case 4241,3,¡¢£,¤,¤,1.0,1.0,0.6,Satisfied
Case 4255,3,¡¢£,£¤,¤,0.5,0.5,0.6,Satisfied
Case 4257,3,¡¢¥,£¤,£¤,1.0,1.0,0.6,Satisfied
Case 4259,3,¡¢¢,£¤,£¤,1.0,1.0,0.6,Satisfied
Case 4268,3,¢¥£,¤,¤,1.0,1.0,0.6,Satisfied
Case 4269,3,¡¢¥,£¤,£¤,1.0,1.0,0.6,Satisfied
Case 427,3,¡¢£,¤,¤,1.0,1.0,0.6,Satisfied
Case 4282,3,¡¢£,¤,¤,1.0,1.0,0.6,Satisfied
Case 4300,3,¡¢¥,¥£¤,£¤,0.6666666666666667,0.6666666666666666,0.6,Satisfied
Case 4301,3,¡¢¥,£¤,£¤,1.0,1.0,0.6,Satisfied
Case 4324,3,¡¢£,¤,¤,1.0,1.0,0.6,Satisfied
Case 4325,3,¡¢£,¤,¤,1.0,1.0,0.6,Satisfied
Case 4326,3,¡¢¥,£¤,£¤,1.0,1.0,0.6,Satisfied
Case 433,3,¡¢¥,¥£¤,£¤,0.6666666666666667,0.6666666666666666,0.6,Satisfied
Case 4332,3,¡¢£,¤,¤,1.0,1.0,0.6,Satisfied
Case 4337,3,¡¢¥,£¤,£¤,1.0,1.0,0.6,Satisfied
Case 4338,3,¡¢¥,¢¥£¤,£¤,0.5,0.5,0.6,Satisfied
Case 4348,3,¡¢­,£¤,£¤,1.0,1.0,0.6,Satisfied
Case 435,3,¡¢­,£¤,£¤,1.0,1.0,0.6,Satisfied
Case 4351,3,¡¢¥,£¤,£¤,1.0,1.0,0.6,Satisfied
Case 4352,3,¡¢¥,£¤,£¤,1.0,1.0,0.6,Satisfied
Case 4353,3,¡¢¢,¥¥£¤,£¤,0.5,0.6666666666666666,0.6,Satisfied
Case 4354,3,¡¢­,£,£¤,0.5,0.5,0.6,Satisfied
Case 4355,3,¡¢£,¤,¤,1.0,1.0,0.6,Satisfied
Case 4359,3,¡¢¥,£¤,£¤,1.0,1.0,0.6,Satisfied
Case 4361,3,¡¢­,£¤,£¤,1.0,1.0,0.6,Satisfied
Case 4365,3,¡¢¥,£¤,£¤,1.0,1.0,0.6,Satisfied
Case 4369,3,¡¢¥,£¤,£¤,1.0,1.0,0.6,Satisfied
Case 4371,3,¡££,¤,¤,1.0,1.0,0.6,Satisfied
Case 438,3,¡¢­,¥£¤,£¤,0.6666666666666667,0.6666666666666666,0.6,Satisfied
Case 4383,3,¡¢£,¤,¤,1.0,1.0,0.6,Satisfied
Case 4385,3,¡¡¢,£¤,£¤,1.0,1.0,0.6,Satisfied
Case 4389,3,¡¢­,£¤,£¤,1.0,1.0,0.6,Satisfied
Case 4394,3,¡¢£,¤,¤,1.0,1.0,0.6,Satisfied
Case 4396,3,¡¢£,¤,¤,1.0,1.0,0.6,Satisfied
Case 4398,3,¡¢¥,¢¥£¤,£¤,0.5,0.5,0.6,Satisfied
Case 4407,3,¡¢¥,£¤,£¤,1.0,1.0,0.6,Satisfied
Case 441,3,¢££,¤,¤,1.0,1.0,0.6,Satisfied
Case 4410,3,¡¢¥,¢£¤,£¤,0.6666666666666667,0.6666666666666666,0.6,Satisfied
Case 4415,3,¡¢£,¤,¤,1.0,1.0,0.6,Satisfied
Case 4417,3,¡¥£,£¤,¤,0.5,0.5,0.6,Satisfied
Case 4419,3,¡¥£,¤,¤,1.0,1.0,0.6,Satisfied
Case 4421,3,¡¢¥,£¤,£¤,1.0,1.0,0.6,Satisfied
Case 4422,3,¡¢£,¤,¤,1.0,1.0,0.6,Satisfied
Case 4423,3,¡¡¢,£¤,£¤,1.0,1.0,0.6,Satisfied
Case 4424,3,¡¢¥,£¤,£¤,1.0,1.0,0.6,Satisfied
Case 4426,3,¡¢¥,£¤,£¤,1.0,1.0,0.6,Satisfied
Case 4431,3,¡¢¥,£¤,£¤,1.0,1.0,0.6,Satisfied
Case 4456,3,¡¢¥,£¤,£¤,1.0,1.0,0.6,Satisfied
Case 446,3,¡¢¥,£¤,£¤,1.0,1.0,0.6,Satisfied
Case 4463,3,¡¢¦,¦¬¬­¦£,£¤,0.0,0.19999999999999996,0.6,Satisfied
Case 4465,3,¡¢¥,£¤,£¤,1.0,1.0,0.6,Satisfied
Case 4469,3,¡¢£,¤,¤,1.0,1.0,0.6,Satisfied
Case 4478,3,¡¢¥,¢£¤,£¤,0.6666666666666667,0.6666666666666666,0.6,Satisfied
Case 4485,3,¡¢¥,£¤,£¤,1.0,1.0,0.6,Satisfied
Case 4487,3,¡¢£,¤,¤,1.0,1.0,0.6,Satisfied
Case 4501,3,¢¥¢,¥£¤,£¤,0.6666666666666667,0.6666666666666666,0.6,Satisfied
Case 4506,3,¡¢¥,£¤,£¤,1.0,1.0,0.6,Satisfied
Case 4511,3,¡¢­,££¤,£¤,0.6666666666666667,1.0,0.6,Satisfied
Case 4530,3,¡¡£,¤,¤,1.0,1.0,0.6,Satisfied
Case 4535,3,¡¢£,¤,¤,1.0,1.0,0.6,Satisfied
Case 4537,3,¡¢£,¤,¤,1.0,1.0,0.6,Satisfied
Case 4558,3,¡¢¥,£¤,£¤,1.0,1.0,0.6,Satisfied
Case 456,3,¡¢£,¤,¤,1.0,1.0,0.6,Satisfied
Case 4563,3,¡¢¥,£¤,£¤,1.0,1.0,0.6,Satisfied
Case 4575,3,¡¢¥,£¤,£¤,1.0,1.0,0.6,Satisfied
Case 46,3,¡¢¢,¥£¤,£¤,0.6666666666666667,0.6666666666666666,0.6,Satisfied
Case 467,3,¡¢¥,¢­£¤,£¤,0.5,0.5,0.6,Satisfied
Case 470,3,¡¢¥,£¤,£¤,1.0,1.0,0.6,Satisfied
Case 474,3,¡¡¡,¢¥£¤,¢£¤,0.75,0.75,0.6,Satisfied
Case 478,3,¡¡¢,¥£¤,£¤,0.6666666666666667,0.6666666666666666,0.6,Satisfied
Case 480,3,¡¢£,¤,¤,1.0,1.0,0.6,Satisfied
Case 483,3,¡¢£,¤,¤,1.0,1.0,0.6,Satisfied
Case 484,3,¡¢¥,£¤,£¤,1.0,1.0,0.6,Satisfied
Case 487,3,¡¢£,¤,¤,1.0,1.0,0.6,Satisfied
Case 496,3,¡¢¥,£¤,£¤,1.0,1.0,0.6,Satisfied
Case 498,3,¡¢£,£¤,¤,0.5,0.5,0.6,Satisfied
Case 502,3,¡¢£,¤,¤,1.0,1.0,0.6,Satisfied
Case 503,3,¡¢¦,­£¤,£¤,0.6666666666666667,0.6666666666666666,0.6,Satisfied
Case 504,3,¡¢¥,£¤,£¤,1.0,1.0,0.6,Satisfied
Case 506,3,¡¢­,£¤,£¤,1.0,1.0,0.6,Satisfied
Case 507,3,¡¢£,¤,¤,1.0,1.0,0.6,Satisfied
Case 520,3,¡¢£,£¤,¤,0.5,0.5,0.6,Satisfied
Case 523,3,¢¥£,¤,¤,1.0,1.0,0.6,Satisfied
Case 525,3,¡¡¢,¥¥,£¤,0.0,0.0,0.6,Satisfied
Case 527,3,¡¥¡,¡¢£¤,¢£¤,0.75,0.75,0.6,Satisfied
Case 529,3,¡¥¥,£¤,¢£¤,0.6666666666666667,0.6666666666666666,0.6,Satisfied
Case 530,3,¡¢¥,¥¥£¤,£¤,0.5,0.6666666666666666,0.6,Satisfied
Case 532,3,¡¢£,¢¥£¤,¤,0.25,0.25,0.6,Satisfied
Case 533,3,¡¢£,¤,¤,1.0,1.0,0.6,Satisfied
Case 54,3,¡¢£,¤,¤,1.0,1.0,0.6,Satisfied
Case 553,3,¡¢¥,£¤,£¤,1.0,1.0,0.6,Satisfied
Case 558,3,¡¢¢,£¤,£¤,1.0,1.0,0.6,Satisfied
Case 559,3,¡¢¥,£¤,£¤,1.0,1.0,0.6,Satisfied
Case 566,3,¡¢¥,¢¥£¤,£¤,0.5,0.5,0.6,Satisfied
Case 575,3,¡¢¥,£¤,£¤,1.0,1.0,0.6,Satisfied
Case 58,3,¡¦­,£¤,¥£¤,0.6666666666666667,0.6666666666666666,0.6,Satisfied
Case 593,3,¡¢£,¤,¤,1.0,1.0,0.6,Satisfied
Case 594,3,¡¢£,¤,¤,1.0,1.0,0.6,Satisfied
Case 595,3,¡¢¥,£¤,£¤,1.0,1.0,0.6,Satisfied
Case 603,3,¡¢£,£¤,¤,0.5,0.5,0.6,Satisfied
Case 606,3,¡¢£,¤,¤,1.0,1.0,0.6,Satisfied
Case 622,3,¡¢¦,£¤,£¤,1.0,1.0,0.6,Satisfied
Case 624,3,¡¢¥,£¤,£¤,1.0,1.0,0.6,Satisfied
Case 626,3,¡¢¥,£¤,£¤,1.0,1.0,0.6,Satisfied
Case 63,3,¡¢£,¤,¤,1.0,1.0,0.6,Satisfied
Case 630,3,¡¢£,¤,¤,1.0,1.0,0.6,Satisfied
Case 631,3,¢¥¢,¥£¤,£¤,0.6666666666666667,0.6666666666666666,0.6,Satisfied
Case 638,3,¡¢¥,¢¥£¤,£¤,0.5,0.5,0.6,Satisfied
Case 639,3,¡¢¥,£¤,£¤,1.0,1.0,0.6,Satisfied
Case 645,3,¡¢£,¤,¤,1.0,1.0,0.6,Satisfied
Case 65,3,¡¢¥,£¤,£¤,1.0,1.0,0.6,Satisfied
Case 656,3,¡¢¥,££¤,£¤,0.6666666666666667,1.0,0.6,Satisfied
Case 664,3,¡¢¥,£¤,£¤,1.0,1.0,0.6,Satisfied
Case 676,3,¢¥£,¤,¤,1.0,1.0,0.6,Satisfied
Case 679,3,¡¢£,¤,¤,1.0,1.0,0.6,Satisfied
Case 685,3,¢¥£,¤,¤,1.0,1.0,0.6,Satisfied
Case 69,3,¡¢£,¤,¤,1.0,1.0,0.6,Satisfied
Case 691,3,¡¢£,¤,¤,1.0,1.0,0.6,Satisfied
Case 696,3,¡¢£,¤,¤,1.0,1.0,0.6,Satisfied
Case 7,3,¡¡¡,¢£¤,¢£¤,1.0,1.0,0.6,Satisfied
Case 701,3,¡¢£,¤,¤,1.0,1.0,0.6,Satisfied
Case 708,3,¡¢¥,£¤,£¤,1.0,1.0,0.6,Satisfied
Case 728,3,¡¢£,¤,¤,1.0,1.0,0.6,Satisfied
Case 732,3,¡¦¢,¦­®«£¤,¥£¤,0.33333333333333337,0.2857142857142857,0.6,Satisfied
Case 747,3,¡¢¥,£¤,£¤,1.0,1.0,0.6,Satisfied
Case 755,3,¡¢£,¤,¤,1.0,1.0,0.6,Satisfied
Case 757,3,¡¢­,¥£¤,£¤,0.6666666666666667,0.6666666666666666,0.6,Satisfied
Case 769,3,¡¢£,¤,¤,1.0,1.0,0.6,Satisfied
Case 77,3,¡¢¥,£¤,£¤,1.0,1.0,0.6,Satisfied
Case 775,3,¡¢¥,£¤,£¤,1.0,1.0,0.6,Satisfied
Case 780,3,¡¢¥,£¤,£¤,1.0,1.0,0.6,Satisfied
Case 782,3,¡¢¥,£¤,£¤,1.0,1.0,0.6,Satisfied
Case 79,3,¡¢¥,¥£¤,£¤,0.6666666666666667,0.6666666666666666,0.6,Satisfied
Case 80,3,¡¢£,¤,¤,1.0,1.0,0.6,Satisfied
Case 805,3,¡¢¥,£¤,£¤,1.0,1.0,0.6,Satisfied
Case 807,3,¡­£,¤,¤,1.0,1.0,0.6,Satisfied
Case 809,3,¡¢¥,£¤,£¤,1.0,1.0,0.6,Satisfied
Case 82,3,¡¢¥,£¤,£¤,1.0,1.0,0.6,Satisfied
Case 821,3,¡¢£,¤,¤,1.0,1.0,0.6,Satisfied
Case 824,3,¡¢£,¤,¤,1.0,1.0,0.6,Satisfied
Case 825,3,¡¢£,¤,¤,1.0,1.0,0.6,Satisfied
Case 826,3,¡¢¥,£¤,£¤,1.0,1.0,0.6,Satisfied
Case 829,3,¡¢£,¤,¤,1.0,1.0,0.6,Satisfied
Case 83,3,¡¢¥,£¤,£¤,1.0,1.0,0.6,Satisfied
Case 831,3,¡¢¥,£¤,£¤,1.0,1.0,0.6,Satisfied
Case 839,3,¢¥£,¤,¤,1.0,1.0,0.6,Satisfied
Case 841,3,¡¢£,¤,¤,1.0,1.0,0.6,Satisfied
Case 845,3,¡¢¥,£¤,£¤,1.0,1.0,0.6,Satisfied
Case 849,3,¡¢£,¤,¤,1.0,1.0,0.6,Satisfied
Case 856,3,¡¢¥,£¤,£¤,1.0,1.0,0.6,Satisfied
Case 868,3,¡¢¦,£¤,£¤,1.0,1.0,0.6,Satisfied
Case 875,3,¡¢£,¤,¤,1.0,1.0,0.6,Satisfied
Case 876,3,¡¢¥,£¤,£¤,1.0,1.0,0.6,Satisfied
Case 881,3,¡¢¥,£¤,£¤,1.0,1.0,0.6,Satisfied
Case 89,3,¡¢£,¤,¤,1.0,1.0,0.6,Satisfied
Case 894,3,¡¢¥,¥£¤,£¤,0.6666666666666667,0.6666666666666666,0.6,Satisfied
Case 901,3,¡££,¤,¤,1.0,1.0,0.6,Satisfied
Case 906,3,¡¢£,¤,¤,1.0,1.0,0.6,Satisfied
Case 910,3,¡¢£,¤,¤,1.0,1.0,0.6,Satisfied
Case 911,3,¡¢¢,£¤,£¤,1.0,1.0,0.6,Satisfied
Case 930,3,¡¢£,¤,¤,1.0,1.0,0.6,Satisfied
Case 939,3,¡¢¥,¥£¤,£¤,0.6666666666666667,0.6666666666666666,0.6,Satisfied
Case 949,3,¡¢£,¤,¤,1.0,1.0,0.6,Satisfied
Case 951,3,¡¢¥,£¤,£¤,1.0,1.0,0.6,Satisfied
Case 954,3,¡¢£,¤,¤,1.0,1.0,0.6,Satisfied
Case 959,3,¡¢£,¤,¤,1.0,1.0,0.6,Satisfied
Case 961,3,¡¢¥,£¤,£¤,1.0,1.0,0.6,Satisfied
Case 962,3,¡¢£,¤,¤,1.0,1.0,0.6,Satisfied
Case 963,3,¡¢£,¤,¤,1.0,1.0,0.6,Satisfied
Case 964,3,¡¢£,¤,¤,1.0,1.0,0.6,Satisfied
Case 97,3,¡¢£,¤,¤,1.0,1.0,0.6,Satisfied
Case 979,3,¡¢£,¤,¤,1.0,1.0,0.6,Satisfied
Case 980,3,¡¡£,¤,¤,1.0,1.0,0.6,Satisfied
Case 986,3,¡¢¥,£¤,£¤,1.0,1.0,0.6,Satisfied
Case 988,3,¡¢¥,£¤,£¤,1.0,1.0,0.6,Satisfied
Case 989,3,¡¢¥,£¤,£¤,1.0,1.0,0.6,Satisfied
Case 998,3,¡¢¥,£¤,£¤,1.0,1.0,0.6,Satisfied
Case 999,3,¡¢£,¤,¤,1.0,1.0,0.6,Satisfied
Case 1,3,¡¢¢,¥£¤,£¤,0.6666666666666667,0.6666666666666666,0.7,Satisfied
Case 100,3,¡¢­,¥£¤,£¤,0.6666666666666667,0.6666666666666666,0.7,Satisfied
Case 1001,3,¡¢¥,£¤,£¤,1.0,1.0,0.7,Satisfied
Case 1007,3,¡¢¥,£¤,£¤,1.0,1.0,0.7,Satisfied
Case 1010,3,¡¢­,¥£¤,£¤,0.6666666666666667,0.6666666666666666,0.7,Satisfied
Case 1017,3,¡¢¥,£¥£¤,£¤,0.5,0.6666666666666666,0.7,Satisfied
Case 1019,3,¡¢¥,£¤,£¤,1.0,1.0,0.7,Satisfied
Case 1023,3,¡¥£,¥£¤,¤,0.33333333333333337,0.33333333333333326,0.7,Satisfied
Case 1026,3,¡¢­,¥£¤,£¤,0.6666666666666667,0.6666666666666666,0.7,Satisfied
Case 1027,3,¡¢¥,£¤,£¤,1.0,1.0,0.7,Satisfied
Case 1043,3,¡¢¥,£¤,£¤,1.0,1.0,0.7,Satisfied
Case 105,3,¡¢¥,£¤,£¤,1.0,1.0,0.7,Satisfied
Case 1054,3,¡¢¥,£¤,£¤,1.0,1.0,0.7,Satisfied
Case 1057,3,¡¢­,¥£¤,£¤,0.6666666666666667,0.6666666666666666,0.7,Satisfied
Case 106,3,¡¥£,¤,¤,1.0,1.0,0.7,Satisfied
Case 107,3,¡¢¥,£¤,£¤,1.0,1.0,0.7,Satisfied
Case 1070,3,¡¢¥,£¢¥£¤,£¤,0.4,0.5,0.7,Satisfied
Case 1075,3,¡¢¥,£¤,£¤,1.0,1.0,0.7,Satisfied
Case 1079,3,¡¢¥,¥£¤,£¤,0.6666666666666667,0.6666666666666666,0.7,Satisfied
Case 1087,3,¡¢¥,£¢¥£¤,£¤,0.4,0.5,0.7,Satisfied
Case 1088,3,¡¥£,¥£¤,¤,0.33333333333333337,0.33333333333333326,0.7,Satisfied
Case 1096,3,¡¢¥,£¤,£¤,1.0,1.0,0.7,Satisfied
Case 1101,3,¡¢¥,£¤,£¤,1.0,1.0,0.7,Satisfied
Case 1102,3,¡¢¥,£¥£¤,£¤,0.5,0.6666666666666666,0.7,Satisfied
Case 1104,3,¡¢¥,£¤,£¤,1.0,1.0,0.7,Satisfied
Case 1109,3,¡¢¥,£¤,£¤,1.0,1.0,0.7,Satisfied
Case 1110,3,¡¢¥,£¤,£¤,1.0,1.0,0.7,Satisfied
Case 1111,3,¡¢¥,¢£¤,£¤,0.6666666666666667,0.6666666666666666,0.7,Satisfied
Case 1112,3,¡¢¥,¥£¤,£¤,0.6666666666666667,0.6666666666666666,0.7,Satisfied
Case 1113,3,¡¢¥,£¤,£¤,1.0,1.0,0.7,Satisfied
Case 1116,3,¡¢¥,£¤,£¤,1.0,1.0,0.7,Satisfied
Case 1122,3,¡¢¥,£¤,£¤,1.0,1.0,0.7,Satisfied
Case 1124,3,¡¢¥,£¤,£¤,1.0,1.0,0.7,Satisfied
Case 1129,3,¡¢¥,¢£¤,£¤,0.6666666666666667,0.6666666666666666,0.7,Satisfied
Case 114,3,¡¢¥,¢¥£¤,£¤,0.5,0.5,0.7,Satisfied
Case 1142,3,¡¢¥,­¥£¤,£¤,0.5,0.5,0.7,Satisfied
Case 1144,3,¡¥£,¢­¥£¤,¤,0.19999999999999996,0.19999999999999996,0.7,Satisfied
Case 1145,3,¡¢¥,£¤,£¤,1.0,1.0,0.7,Satisfied
Case 115,3,¡¢¥,¥£¤,£¤,0.6666666666666667,0.6666666666666666,0.7,Satisfied
Case 1156,3,¡¢¥,£¤,£¤,1.0,1.0,0.7,Satisfied
Case 1159,3,¡¢¥,£¤,£¤,1.0,1.0,0.7,Satisfied
Case 1164,3,¡¢¥,£¤,£¤,1.0,1.0,0.7,Satisfied
Case 1169,3,¡¥£,¤,¤,1.0,1.0,0.7,Satisfied
Case 1176,3,¡¢¥,£¤,£¤,1.0,1.0,0.7,Satisfied
Case 1179,3,¡¢¥,£¤,£¤,1.0,1.0,0.7,Satisfied
Case 1185,3,¡¢¥,£¤,£¤,1.0,1.0,0.7,Satisfied
Case 1193,3,¡¢¥,£¤,£¤,1.0,1.0,0.7,Satisfied
Case 12,3,¡¢¥,£¤,£¤,1.0,1.0,0.7,Satisfied
Case 1210,3,¡¥£,¤,¤,1.0,1.0,0.7,Satisfied
Case 1221,3,¡¢¥,£¤,£¤,1.0,1.0,0.7,Satisfied
Case 1235,3,¡¢¥,¥£¤,£¤,0.6666666666666667,0.6666666666666666,0.7,Satisfied
Case 1238,3,¡¢¥,­£¤,£¤,0.6666666666666667,0.6666666666666666,0.7,Satisfied
Case 1239,3,¡¢¥,£¤,£¤,1.0,1.0,0.7,Satisfied
Case 1246,3,¡¢¥,£¤,£¤,1.0,1.0,0.7,Satisfied
Case 1249,3,§¥¥,¥¥,¢£¤,0.0,0.0,0.7,Satisfied
Case 1250,3,¢¥£,¢¥£¤,¤,0.25,0.25,0.7,Satisfied
Case 1254,3,¡¡¥,¥£¤,¢£¤,0.6666666666666667,0.5,0.7,Satisfied
Case 1261,3,¢¢¥,£¤,£¤,1.0,1.0,0.7,Satisfied
Case 1269,3,¡¢¢,¥£¤,£¤,0.6666666666666667,0.6666666666666666,0.7,Satisfied
Case 1272,3,¡¢¥,£¤,£¤,1.0,1.0,0.7,Satisfied
Case 1275,3,¡¢¥,£¤,£¤,1.0,1.0,0.7,Satisfied
Case 129,3,¡¥£,¤,¤,1.0,1.0,0.7,Satisfied
Case 1290,3,¡¢¥,£¤,£¤,1.0,1.0,0.7,Satisfied
Case 1292,3,¡¢¥,£¤,£¤,1.0,1.0,0.7,Satisfied
Case 1299,3,¡¢¥,£¤,£¤,1.0,1.0,0.7,Satisfied
Case 13,3,¡¢¥,£¤,£¤,1.0,1.0,0.7,Satisfied
Case 1301,3,¡¢¥,£¤,£¤,1.0,1.0,0.7,Satisfied
Case 1303,3,¡¢­,¥£¤,£¤,0.6666666666666667,0.6666666666666666,0.7,Satisfied
Case 1304,3,¡¢¥,£¤,£¤,1.0,1.0,0.7,Satisfied
Case 1305,3,¡¢¥,£¤,£¤,1.0,1.0,0.7,Satisfied
Case 1309,3,¡¥£,¤,¤,1.0,1.0,0.7,Satisfied
Case 131,3,¡¢¥,£¤,£¤,1.0,1.0,0.7,Satisfied
Case 1313,3,¡¢¥,£¤,£¤,1.0,1.0,0.7,Satisfied
Case 1314,3,¡¢¦,¥£¤,£¤,0.6666666666666667,0.6666666666666666,0.7,Satisfied
Case 1315,3,¡¢¥,£¤,£¤,1.0,1.0,0.7,Satisfied
Case 1318,3,¡¢­,¥£¤,£¤,0.6666666666666667,0.6666666666666666,0.7,Satisfied
Case 1319,3,¡¢¥,£¤,£¤,1.0,1.0,0.7,Satisfied
Case 1323,3,¡¢¥,£¤,£¤,1.0,1.0,0.7,Satisfied
Case 1327,3,¡¥£,¤,¤,1.0,1.0,0.7,Satisfied
Case 1330,3,¡¥£,¥£¤,¤,0.33333333333333337,0.33333333333333326,0.7,Satisfied
Case 1332,3,¡¢¥,£¤,£¤,1.0,1.0,0.7,Satisfied
Case 1338,3,¡¥£,¤,¤,1.0,1.0,0.7,Satisfied
Case 1356,3,¡¢¥,£¤,£¤,1.0,1.0,0.7,Satisfied
Case 1358,3,¡¢¥,£¤,£¤,1.0,1.0,0.7,Satisfied
Case 1364,3,¡¢¥,­­£¤,£¤,0.5,0.6666666666666666,0.7,Satisfied
Case 1366,3,¡¢¥,£¤,£¤,1.0,1.0,0.7,Satisfied
Case 1371,3,¡¥£,¥£¤,¤,0.33333333333333337,0.33333333333333326,0.7,Satisfied
Case 1375,3,¡¢¥,£¤,£¤,1.0,1.0,0.7,Satisfied
Case 1384,3,¡¥£,¥£¤,¤,0.33333333333333337,0.33333333333333326,0.7,Satisfied
Case 1386,3,¡¢¥,£¥£¤,£¤,0.5,0.6666666666666666,0.7,Satisfied
Case 1387,3,¡¢¥,£¤,£¤,1.0,1.0,0.7,Satisfied
Case 1388,3,¡¢­,­¥£¤,£¤,0.5,0.5,0.7,Satisfied
Case 1393,3,¡¡¢,¥£¤,£¤,0.6666666666666667,0.6666666666666666,0.7,Satisfied
Case 1396,3,¡¢¥,£¤,£¤,1.0,1.0,0.7,Satisfied
Case 1397,3,¡¢¥,£¤,£¤,1.0,1.0,0.7,Satisfied
Case 1398,3,¡¢¥,£¤,£¤,1.0,1.0,0.7,Satisfied
Case 140,3,¡¢¥,£¤,£¤,1.0,1.0,0.7,Satisfied
Case 1407,3,¡¢¥,¢¥£¤,£¤,0.5,0.5,0.7,Satisfied
Case 1409,3,¡¢¥,£¤,£¤,1.0,1.0,0.7,Satisfied
Case 1420,3,¡¢¨,¥£¤,£¤,0.6666666666666667,0.6666666666666666,0.7,Satisfied
Case 143,3,¡¢¥,£¤,£¤,1.0,1.0,0.7,Satisfied
Case 1432,3,¡¢¥,£¤,£¤,1.0,1.0,0.7,Satisfied
Case 1433,3,¡¢¥,£¤,£¤,1.0,1.0,0.7,Satisfied
Case 144,3,¡¢¥,£¤,£¤,1.0,1.0,0.7,Satisfied
Case 1441,3,¡¢¥,£¤,£¤,1.0,1.0,0.7,Satisfied
Case 1445,3,¡¢¥,£¤,£¤,1.0,1.0,0.7,Satisfied
Case 1449,3,¡¥¢,¥£¤,£¤,0.6666666666666667,0.6666666666666666,0.7,Satisfied
Case 145,3,¡¢­,¥£¤,£¤,0.6666666666666667,0.6666666666666666,0.7,Satisfied
Case 1450,3,¡¢¥,£¤,£¤,1.0,1.0,0.7,Satisfied
Case 1451,3,¡¢­,¥£¥£¤,£¤,0.4,0.6666666666666666,0.7,Satisfied
Case 1457,3,¡¢¥,£¤,£¤,1.0,1.0,0.7,Satisfied
Case 1460,3,¡¢¥,¢¥£¤,£¤,0.5,0.5,0.7,Satisfied
Case 1464,3,¡¢¥,£¤,£¤,1.0,1.0,0.7,Satisfied
Case 1465,3,¡¢¥,£¤,£¤,1.0,1.0,0.7,Satisfied
Case 1466,3,¡¢¥,£¤,£¤,1.0,1.0,0.7,Satisfied
Case 147,3,¡¢¥,£¤,£¤,1.0,1.0,0.7,Satisfied
Case 1471,3,¡¢­,¥£¤,£¤,0.6666666666666667,0.6666666666666666,0.7,Satisfied
Case 1478,3,¡¡¢,¥¢¥£¤,£¤,0.4,0.5,0.7,Satisfied
Case 1484,3,¡¢¥,£¤,£¤,1.0,1.0,0.7,Satisfied
Case 1487,3,¡¢¥,£¤,£¤,1.0,1.0,0.7,Satisfied
Case 1495,3,¡¢­,­¥£¤,£¤,0.5,0.5,0.7,Satisfied
Case 15,3,¡¡¢,¥£¤,£¤,0.6666666666666667,0.6666666666666666,0.7,Satisfied
Case 1500,3,¡¥£,¥£¤,¤,0.33333333333333337,0.33333333333333326,0.7,Satisfied
Case 1501,3,¢¥£,¥£¤,¤,0.33333333333333337,0.33333333333333326,0.7,Satisfied
Case 1506,3,¡¥¥,¢£¥£¤,¢£¤,0.6,0.75,0.7,Satisfied
Case 1507,3,¡¢¥,£¤,£¤,1.0,1.0,0.7,Satisfied
Case 1509,3,¡¢¥,£¤,£¤,1.0,1.0,0.7,Satisfied
Case 1510,3,¡¢¥,£¤,£¤,1.0,1.0,0.7,Satisfied
Case 1519,3,¡¥£,¥£¤,¤,0.33333333333333337,0.33333333333333326,0.7,Satisfied
Case 1535,3,¡¡¡,¥£¤,¢£¤,0.6666666666666667,0.5,0.7,Satisfied
Case 154,3,¡¢¥,£¤,£¤,1.0,1.0,0.7,Satisfied
Case 1543,3,¡¢¥,£¤,£¤,1.0,1.0,0.7,Satisfied
Case 1553,3,¡¢¥,£¤,£¤,1.0,1.0,0.7,Satisfied
Case 156,3,¡¢¥,£¤,£¤,1.0,1.0,0.7,Satisfied
Case 1562,3,¡¢¥,£¤,£¤,1.0,1.0,0.7,Satisfied
Case 1570,3,¡¢¥,£¤,£¤,1.0,1.0,0.7,Satisfied
Case 1571,3,¡¢¥,¥¥¥¥,£¤,0.0,0.0,0.7,Satisfied
Case 1574,3,¡¢¥,£¤,£¤,1.0,1.0,0.7,Satisfied
Case 1577,3,§¡¡,¢¥£¤,¢£¤,0.75,0.75,0.7,Satisfied
Case 1580,3,¡¢¥,£¤,£¤,1.0,1.0,0.7,Satisfied
Case 1587,3,¡¢¥,£¤,£¤,1.0,1.0,0.7,Satisfied
Case 1603,3,¡¥£,¥£¤,¤,0.33333333333333337,0.33333333333333326,0.7,Satisfied
Case 1604,3,¡¢¥,£¤,£¤,1.0,1.0,0.7,Satisfied
Case 1605,3,¡¢¢,¥£¤,£¤,0.6666666666666667,0.6666666666666666,0.7,Satisfied
Case 1609,3,¡¢¥,£¤,£¤,1.0,1.0,0.7,Satisfied
Case 1610,3,¡¢¥,£¤,£¤,1.0,1.0,0.7,Satisfied
Case 1615,3,¡¢¥,£¤,£¤,1.0,1.0,0.7,Satisfied
Case 1650,3,¡¦¦,¬¬­¥£¤,¥£¤,0.5,0.6,0.7,Satisfied
Case 1655,3,¡¢¥,£¤,£¤,1.0,1.0,0.7,Satisfied
Case 1658,3,¡¢­,¥£¤,£¤,0.6666666666666667,0.6666666666666666,0.7,Satisfied
Case 1663,3,¡¥£,¤,¤,1.0,1.0,0.7,Satisfied
Case 1664,3,¢¥£,¤,¤,1.0,1.0,0.7,Satisfied
Case 1671,3,¡¢¥,£¤,£¤,1.0,1.0,0.7,Satisfied
Case 1674,3,¡¢¥,£¤,£¤,1.0,1.0,0.7,Satisfied
Case 1675,3,¡¢¥,£¤,£¤,1.0,1.0,0.7,Satisfied
Case 1679,3,¡¢¥,£¤,£¤,1.0,1.0,0.7,Satisfied
Case 1681,3,¡¢¥,£¤,£¤,1.0,1.0,0.7,Satisfied
Case 1682,3,¡¢¥,£¤,£¤,1.0,1.0,0.7,Satisfied
Case 169,3,¡¥£,¤,¤,1.0,1.0,0.7,Satisfied
Case 1691,3,§¡¢,¥£¤,¥£¤,1.0,1.0,0.7,Satisfied
Case 1697,3,¡¢¥,£¤,£¤,1.0,1.0,0.7,Satisfied
Case 1704,3,¡¢¥,£¤,£¤,1.0,1.0,0.7,Satisfied
Case 1709,3,¡¢¥,£¤,£¤,1.0,1.0,0.7,Satisfied
Case 1711,3,¡¢¥,£¤,£¤,1.0,1.0,0.7,Satisfied
Case 1718,3,¡¢¥,£¤,£¤,1.0,1.0,0.7,Satisfied
Case 1723,3,¡¢¥,£¤,£¤,1.0,1.0,0.7,Satisfied
Case 1730,3,¡¢¥,£¤,£¤,1.0,1.0,0.7,Satisfied
Case 1735,3,¡­¥,£¥£¤,£¤,0.5,0.6666666666666666,0.7,Satisfied
Case 1746,3,¡¢¥,£¤,£¤,1.0,1.0,0.7,Satisfied
Case 1754,3,¡¢¥,£¤,£¤,1.0,1.0,0.7,Satisfied
Case 1760,3,¡¢¥,£¢¥¢£¤,£¤,0.33333333333333337,0.5,0.7,Satisfied
Case 1761,3,¡¢¥,£¤,£¤,1.0,1.0,0.7,Satisfied
Case 1764,3,¡­¥,£¥£¤,£¤,0.5,0.6666666666666666,0.7,Satisfied
Case 1771,3,¡¢¥,£¤,£¤,1.0,1.0,0.7,Satisfied
Case 1772,3,¡¢¥,£¤,£¤,1.0,1.0,0.7,Satisfied
Case 1776,3,¡¢¥,£¤,£¤,1.0,1.0,0.7,Satisfied
Case 1777,3,¡¢¥,£¤,£¤,1.0,1.0,0.7,Satisfied
Case 1787,3,¡¢¥,¥£¥£¤,£¤,0.4,0.6666666666666666,0.7,Satisfied
Case 1788,3,¡¢¥,£¤,£¤,1.0,1.0,0.7,Satisfied
Case 1791,3,¡¢¥,£¤,£¤,1.0,1.0,0.7,Satisfied
Case 1792,3,¡¢¥,£¤,£¤,1.0,1.0,0.7,Satisfied
Case 1795,3,¡¢¥,£¤,£¤,1.0,1.0,0.7,Satisfied
Case 1799,3,¡¢­,¥£¤,£¤,0.6666666666666667,0.6666666666666666,0.7,Satisfied
Case 18,3,¡¢¥,£¥£¤,£¤,0.5,0.6666666666666666,0.7,Satisfied
Case 1812,3,¡¢¥,£¤,£¤,1.0,1.0,0.7,Satisfied
Case 1813,3,¡¢¥,£¤,£¤,1.0,1.0,0.7,Satisfied
Case 1814,3,¡¢¥,£¤,£¤,1.0,1.0,0.7,Satisfied
Case 1815,3,¡¢¥,£¤,£¤,1.0,1.0,0.7,Satisfied
Case 1817,3,¡¢¥,£¤,£¤,1.0,1.0,0.7,Satisfied
Case 1823,3,¡¢¥,£¤,£¤,1.0,1.0,0.7,Satisfied
Case 1826,3,¡¢¥,£¤,£¤,1.0,1.0,0.7,Satisfied
Case 1828,3,¡¢¥,£¤,£¤,1.0,1.0,0.7,Satisfied
Case 1831,3,¡¢¥,£¤,£¤,1.0,1.0,0.7,Satisfied
Case 184,3,¡¢¢,¥£¤,£¤,0.6666666666666667,0.6666666666666666,0.7,Satisfied
Case 1843,3,¡¡¥,£¤,¢£¤,0.6666666666666667,0.6666666666666666,0.7,Satisfied
Case 1848,3,¡¢¥,£¤,£¤,1.0,1.0,0.7,Satisfied
Case 1858,3,¡¥£,¤,¤,1.0,1.0,0.7,Satisfied
Case 1860,3,¡¢¥,£¤,£¤,1.0,1.0,0.7,Satisfied
Case 1868,3,¡¢¥,£¤,£¤,1.0,1.0,0.7,Satisfied
Case 1869,3,¡¢¥,£¤,£¤,1.0,1.0,0.7,Satisfied
Case 1874,3,§¡¢,¥£¤,¥£¤,1.0,1.0,0.7,Satisfied
Case 1882,3,¡¢¥,£¤,£¤,1.0,1.0,0.7,Satisfied
Case 1884,3,¡¢¥,£¤,£¤,1.0,1.0,0.7,Satisfied
Case 1887,3,¡¢¥,£¤,£¤,1.0,1.0,0.7,Satisfied
Case 1892,3,¡¢¥,£¤,£¤,1.0,1.0,0.7,Satisfied
Case 1894,3,¡¢¥,£¤,£¤,1.0,1.0,0.7,Satisfied
Case 1900,3,¡¢¥,£¤,£¤,1.0,1.0,0.7,Satisfied
Case 1901,3,¡¢¥,£¤,£¤,1.0,1.0,0.7,Satisfied
Case 1903,3,¡¢¥,£¤,£¤,1.0,1.0,0.7,Satisfied
Case 191,3,¡¡¢,¥£¤,£¤,0.6666666666666667,0.6666666666666666,0.7,Satisfied
Case 1915,3,¡¢¥,£¤,£¤,1.0,1.0,0.7,Satisfied
Case 1916,3,¡¢¥,£¤,£¤,1.0,1.0,0.7,Satisfied
Case 1918,3,¡¥£,¤,¤,1.0,1.0,0.7,Satisfied
Case 192,3,¡¡¢,¥£¤¢¥£¤,£¤,0.2857142857142857,0.5,0.7,Satisfied
Case 1924,3,¡¢¥,£¤,£¤,1.0,1.0,0.7,Satisfied
Case 193,3,¡¢¥,£¤,£¤,1.0,1.0,0.7,Satisfied
Case 1946,3,¡¢¥,£¤,£¤,1.0,1.0,0.7,Satisfied
Case 1961,3,¡¢¥,£¤,£¤,1.0,1.0,0.7,Satisfied
Case 1968,3,¡¢¥,£¤,£¤,1.0,1.0,0.7,Satisfied
Case 1975,3,¡¢¥,£¤,£¤,1.0,1.0,0.7,Satisfied
Case 1978,3,¡¥¢,¥£¤,£¤,0.6666666666666667,0.6666666666666666,0.7,Satisfied
Case 1980,3,¡¢¥,£¤,£¤,1.0,1.0,0.7,Satisfied
Case 1987,3,¡¥£,¤,¤,1.0,1.0,0.7,Satisfied
Case 20,3,¡¢¥,£¤,£¤,1.0,1.0,0.7,Satisfied
Case 2007,3,¡¢­,¥£¥£¤,£¤,0.4,0.6666666666666666,0.7,Satisfied
Case 2013,3,¡¢¥,£¤,£¤,1.0,1.0,0.7,Satisfied
Case 202,3,¡¢¥,£¤,£¤,1.0,1.0,0.7,Satisfied
Case 2021,3,¡¢¥,£¤,£¤,1.0,1.0,0.7,Satisfied
Case 2022,3,¡¡¡,¥£¤,¢£¤,0.6666666666666667,0.5,0.7,Satisfied
Case 2035,3,¡¢¦,­¥£¤,£¤,0.5,0.5,0.7,Satisfied
Case 2037,3,¡¥£,¤,¤,1.0,1.0,0.7,Satisfied
Case 2050,3,¡¢¥,£¤,£¤,1.0,1.0,0.7,Satisfied
Case 2059,3,¡¢¥,£¤,£¤,1.0,1.0,0.7,Satisfied
Case 2062,3,¡¢¥,£¤,£¤,1.0,1.0,0.7,Satisfied
Case 2068,3,¡¢¥,£¤,£¤,1.0,1.0,0.7,Satisfied
Case 2074,3,¡¢¥,£¤,£¤,1.0,1.0,0.7,Satisfied
Case 2081,3,¡¢­,¥£¤,£¤,0.6666666666666667,0.6666666666666666,0.7,Satisfied
Case 2083,3,¡¢¥,£¤,£¤,1.0,1.0,0.7,Satisfied
Case 2092,3,¡¢¥,£¤,£¤,1.0,1.0,0.7,Satisfied
Case 2093,3,¡¢¥,£¤,£¤,1.0,1.0,0.7,Satisfied
Case 2097,3,¡¢¥,£¤,£¤,1.0,1.0,0.7,Satisfied
Case 210,3,¡¢¥,£¤,£¤,1.0,1.0,0.7,Satisfied
Case 2103,3,¡¢¥,£¤,£¤,1.0,1.0,0.7,Satisfied
Case 2104,3,¡¢­,¥£¤,£¤,0.6666666666666667,0.6666666666666666,0.7,Satisfied
Case 2105,3,¡¢¥,£¤,£¤,1.0,1.0,0.7,Satisfied
Case 2108,3,¡¢¥,£¤,£¤,1.0,1.0,0.7,Satisfied
Case 211,3,¡¥£,¤,¤,1.0,1.0,0.7,Satisfied
Case 2112,3,¡¢¥,£¤,£¤,1.0,1.0,0.7,Satisfied
Case 2117,3,¡¥¥,£¢¥£¥£¤,¢£¤,0.4285714285714286,0.75,0.7,Satisfied
Case 2121,3,¡¢¥,£¤,£¤,1.0,1.0,0.7,Satisfied
Case 2123,3,¡¡¢,¥£¥£¤,£¤,0.4,0.6666666666666666,0.7,Satisfied
Case 2125,3,¡¢¥,­,£¤,0.0,0.0,0.7,Satisfied
Case 2126,3,¡¢¥,£¤,£¤,1.0,1.0,0.7,Satisfied
Case 2134,3,¡¥¢,£¤,£¤,1.0,1.0,0.7,Satisfied
Case 2141,3,¡¢¥,£¤,£¤,1.0,1.0,0.7,Satisfied
Case 2142,3,¡¢¥,£¤,£¤,1.0,1.0,0.7,Satisfied
Case 2143,3,¡¢­,¥£¤,£¤,0.6666666666666667,0.6666666666666666,0.7,Satisfied
Case 2152,3,¡¢¥,£¤,£¤,1.0,1.0,0.7,Satisfied
Case 2156,3,¡¢¥,£¤,£¤,1.0,1.0,0.7,Satisfied
Case 2157,3,¡¥£,¥£¤,¤,0.33333333333333337,0.33333333333333326,0.7,Satisfied
Case 2163,3,¡¢¥,£¤,£¤,1.0,1.0,0.7,Satisfied
Case 2167,3,¡¢¥,£¤,£¤,1.0,1.0,0.7,Satisfied
Case 2168,3,¡¢¥,¥£¤,£¤,0.6666666666666667,0.6666666666666666,0.7,Satisfied
Case 2172,3,¡¢¥,£¤,£¤,1.0,1.0,0.7,Satisfied
Case 2176,3,¡¢¥,£¤,£¤,1.0,1.0,0.7,Satisfied
Case 2177,3,¡¥¥,£¤,¢£¤,0.6666666666666667,0.6666666666666666,0.7,Satisfied
Case 2183,3,¡¢¥,£¤,£¤,1.0,1.0,0.7,Satisfied
Case 2187,3,¡¢¥,£¤,£¤,1.0,1.0,0.7,Satisfied
Case 2191,3,¡¢¥,£¤,£¤,1.0,1.0,0.7,Satisfied
Case 2197,3,¡¢¥,£¤,£¤,1.0,1.0,0.7,Satisfied
Case 2201,3,¡¢¥,£¤,£¤,1.0,1.0,0.7,Satisfied
Case 2203,3,¡¢¥,£¤,£¤,1.0,1.0,0.7,Satisfied
Case 2210,3,¡¢¥,£¤,£¤,1.0,1.0,0.7,Satisfied
Case 2211,3,¡¢¥,£¤,£¤,1.0,1.0,0.7,Satisfied
Case 2215,3,¡¢¥,£¤,£¤,1.0,1.0,0.7,Satisfied
Case 2219,3,¡¢¥,¢£¤,£¤,0.6666666666666667,0.6666666666666666,0.7,Satisfied
Case 2220,3,¡¢¥,£¤,£¤,1.0,1.0,0.7,Satisfied
Case 2227,3,¡¥£,¥£¤,¤,0.33333333333333337,0.33333333333333326,0.7,Satisfied
Case 2228,3,¡¢¥,£¤,£¤,1.0,1.0,0.7,Satisfied
Case 2229,3,¡¥£,¤,¤,1.0,1.0,0.7,Satisfied
Case 2232,3,¡¥£,¤,¤,1.0,1.0,0.7,Satisfied
Case 2236,3,¡¢¥,£¤,£¤,1.0,1.0,0.7,Satisfied
Case 2239,3,¡¢¥,£¥£¢¥£¤,£¤,0.2857142857142857,0.5,0.7,Satisfied
Case 2245,3,¡¢¥,£¤,£¤,1.0,1.0,0.7,Satisfied
Case 2253,3,¢¥£,¤,¤,1.0,1.0,0.7,Satisfied
Case 2256,3,¡¥£,¤,¤,1.0,1.0,0.7,Satisfied
Case 2267,3,¡¢¥,£¤,£¤,1.0,1.0,0.7,Satisfied
Case 2268,3,¡¢¥,£¤,£¤,1.0,1.0,0.7,Satisfied
Case 2279,3,¡¢¥,£¤,£¤,1.0,1.0,0.7,Satisfied
Case 2285,3,¡¥¢,¥£¤,£¤,0.6666666666666667,0.6666666666666666,0.7,Satisfied
Case 2290,3,¡¢¥,£¤,£¤,1.0,1.0,0.7,Satisfied
Case 2296,3,¡¢¥,£¤,£¤,1.0,1.0,0.7,Satisfied
Case 23,3,¡¢¥,£¤,£¤,1.0,1.0,0.7,Satisfied
Case 230,3,¡¡¢,¥£¤,£¤,0.6666666666666667,0.6666666666666666,0.7,Satisfied
Case 2300,3,¡¢­,­¦­,£¤,0.0,0.0,0.7,Satisfied
Case 2302,3,¡¢¥,£¤,£¤,1.0,1.0,0.7,Satisfied
Case 2308,3,¡¢¥,£¤,£¤,1.0,1.0,0.7,Satisfied
Case 2315,3,¡¢¥,£¤,£¤,1.0,1.0,0.7,Satisfied
Case 232,3,¡¢¥,¥£¥£¤,£¤,0.4,0.6666666666666666,0.7,Satisfied
Case 2322,3,¡¢¥,£¤,£¤,1.0,1.0,0.7,Satisfied
Case 2328,3,¡¢¥,£¤,£¤,1.0,1.0,0.7,Satisfied
Case 233,3,¡¢¥,£¤,£¤,1.0,1.0,0.7,Satisfied
Case 2330,3,¡¢¥,£¤,£¤,1.0,1.0,0.7,Satisfied
Case 2335,3,¡¢¥,£¤,£¤,1.0,1.0,0.7,Satisfied
Case 2342,3,¡¢¥,¥£¤,£¤,0.6666666666666667,0.6666666666666666,0.7,Satisfied
Case 2346,3,§¡¢,¥£¤,¥£¤,1.0,1.0,0.7,Satisfied
Case 2348,3,¡¢¥,£¤,£¤,1.0,1.0,0.7,Satisfied
Case 235,3,§¡¢,¥£¤,¥£¤,1.0,1.0,0.7,Satisfied
Case 2356,3,¡¢¥,¥£¤,£¤,0.6666666666666667,0.6666666666666666,0.7,Satisfied
Case 2362,3,¢¥£,¤,¤,1.0,1.0,0.7,Satisfied
Case 2367,3,¡¢¥,£¤,£¤,1.0,1.0,0.7,Satisfied
Case 2368,3,¡¢¥,£¥£¥£­¢¥£¤,£¤,0.19999999999999996,0.4,0.7,Satisfied
Case 237,3,¡¢­,¥£¤,£¤,0.6666666666666667,0.6666666666666666,0.7,Satisfied
Case 2374,3,¡¢¥,£¤,£¤,1.0,1.0,0.7,Satisfied
Case 2375,3,¡¡¡,¢¥£¤,¢£¤,0.75,0.75,0.7,Satisfied
Case 2380,3,¡¢¥,¢£¤,£¤,0.6666666666666667,0.6666666666666666,0.7,Satisfied
Case 2381,3,¡¡¡,¥£¥£¤,¢£¤,0.4,0.5,0.7,Satisfied
Case 2390,3,¡¢¥,£¤,£¤,1.0,1.0,0.7,Satisfied
Case 2391,3,¡¢¥,£¤,£¤,1.0,1.0,0.7,Satisfied
Case 2398,3,¡¢¥,£¤,£¤,1.0,1.0,0.7,Satisfied
Case 2399,3,¡¢¢,¥£¤,£¤,0.6666666666666667,0.6666666666666666,0.7,Satisfied
Case 2403,3,¡¢¥,£¤,£¤,1.0,1.0,0.7,Satisfied
Case 2415,3,¡¢¥,£¤,£¤,1.0,1.0,0.7,Satisfied
Case 2417,3,¡¢¥,­£¤,£¤,0.6666666666666667,0.6666666666666666,0.7,Satisfied
Case 242,3,¡¢¥,£¤,£¤,1.0,1.0,0.7,Satisfied
Case 2431,3,¡¢¥,£¤,£¤,1.0,1.0,0.7,Satisfied
Case 2432,3,¡¢¥,£¤,£¤,1.0,1.0,0.7,Satisfied
Case 2436,3,¡¥£,¤¢,¤,0.5,0.5,0.7,Satisfied
Case 2447,3,¡¢¢,¥£¤,£¤,0.6666666666666667,0.6666666666666666,0.7,Satisfied
Case 2448,3,¡¢¥,£¤,£¤,1.0,1.0,0.7,Satisfied
Case 2451,3,¡¢¦,­­¥£,£¤,0.0,0.25,0.7,Satisfied
Case 2452,3,¡¢¥,£¤,£¤,1.0,1.0,0.7,Satisfied
Case 2455,3,¡¢¥,£¤,£¤,1.0,1.0,0.7,Satisfied
Case 2458,3,¡¢¥,£¤,£¤,1.0,1.0,0.7,Satisfied
Case 2465,3,¡¢¥,£¤,£¤,1.0,1.0,0.7,Satisfied
Case 2466,3,¡¢­,­¥£¤,£¤,0.5,0.5,0.7,Satisfied
Case 247,3,§¢¥,£¤,£¤,1.0,1.0,0.7,Satisfied
Case 2473,3,¡¢¥,¢¥£¤,£¤,0.5,0.5,0.7,Satisfied
Case 2474,3,¡¢¥,£¤,£¤,1.0,1.0,0.7,Satisfied
Case 2476,3,¡¢­,¥£¤,£¤,0.6666666666666667,0.6666666666666666,0.7,Satisfied
Case 2481,3,¡¢­,¥£¤,£¤,0.6666666666666667,0.6666666666666666,0.7,Satisfied
Case 2490,3,¡¡¢,¥£¤,£¤,0.6666666666666667,0.6666666666666666,0.7,Satisfied
Case 2492,3,¡¢¥,£¤,£¤,1.0,1.0,0.7,Satisfied
Case 2498,3,¡¢¥,£¤,£¤,1.0,1.0,0.7,Satisfied
Case 2499,3,¡¢¥,£¤,£¤,1.0,1.0,0.7,Satisfied
Case 2504,3,¡¢¥,£¤,£¤,1.0,1.0,0.7,Satisfied
Case 2508,3,¡¢¥,£¤,£¤,1.0,1.0,0.7,Satisfied
Case 2512,3,¡¢¥,£¥£¤,£¤,0.5,0.6666666666666666,0.7,Satisfied
Case 2514,3,¡¢¥,¥£¤,£¤,0.6666666666666667,0.6666666666666666,0.7,Satisfied
Case 2522,3,¡¢¥,£¥£¤,£¤,0.5,0.6666666666666666,0.7,Satisfied
Case 253,3,¡¢¥,£¤,£¤,1.0,1.0,0.7,Satisfied
Case 2530,3,¡¢¥,£¤,£¤,1.0,1.0,0.7,Satisfied
Case 2534,3,¡¢¥,£¤,£¤,1.0,1.0,0.7,Satisfied
Case 2541,3,¢¥£,¤,¤,1.0,1.0,0.7,Satisfied
Case 2550,3,¡¢¥,¥£¥£¤,£¤,0.4,0.6666666666666666,0.7,Satisfied
Case 2555,3,¡¢¥,£¤,£¤,1.0,1.0,0.7,Satisfied
Case 2558,3,¡¢¥,£¤,£¤,1.0,1.0,0.7,Satisfied
Case 2569,3,¡¢¥,£¤,£¤,1.0,1.0,0.7,Satisfied
Case 2571,3,¡¢¥,£¤,£¤,1.0,1.0,0.7,Satisfied
Case 2577,3,¡¢¥,£¤,£¤,1.0,1.0,0.7,Satisfied
Case 2581,3,¡¡¢,¥£¤,£¤,0.6666666666666667,0.6666666666666666,0.7,Satisfied
Case 2585,3,¡¢¥,£¤,£¤,1.0,1.0,0.7,Satisfied
Case 2591,3,¡¢¥,£¤,£¤,1.0,1.0,0.7,Satisfied
Case 2593,3,¡­¥,£¤,£¤,1.0,1.0,0.7,Satisfied
Case 2596,3,¡¢¥,£¤,£¤,1.0,1.0,0.7,Satisfied
Case 2598,3,¡¢¥,£¤,£¤,1.0,1.0,0.7,Satisfied
Case 2599,3,¡¢¥,£¤,£¤,1.0,1.0,0.7,Satisfied
Case 2603,3,¡¢¥,£¤,£¤,1.0,1.0,0.7,Satisfied
Case 2607,3,¡¢¥,£¤,£¤,1.0,1.0,0.7,Satisfied
Case 2609,3,¡¢¥,£¤,£¤,1.0,1.0,0.7,Satisfied
Case 261,3,¡¢¥,£¤,£¤,1.0,1.0,0.7,Satisfied
Case 2611,3,¡¢¥,£¤,£¤,1.0,1.0,0.7,Satisfied
Case 2613,3,¡¢¥,¥¥£¥£¤,£¤,0.33333333333333337,0.6666666666666666,0.7,Satisfied
Case 2614,3,¡¢¥,£¤,£¤,1.0,1.0,0.7,Satisfied
Case 2616,3,¡¥£,¤,¤,1.0,1.0,0.7,Satisfied
Case 262,3,¡¢¥,£¥£¤,£¤,0.5,0.6666666666666666,0.7,Satisfied
Case 2620,3,¡¢­,¥£¤,£¤,0.6666666666666667,0.6666666666666666,0.7,Satisfied
Case 2622,3,¢¥£,¤,¤,1.0,1.0,0.7,Satisfied
Case 2625,3,¡¢¥,£¤,£¤,1.0,1.0,0.7,Satisfied
Case 2631,3,¡¢¥,£¤,£¤,1.0,1.0,0.7,Satisfied
Case 2634,3,¡¢¥,£¤,£¤,1.0,1.0,0.7,Satisfied
Case 2643,3,¡¥£,¤,¤,1.0,1.0,0.7,Satisfied
Case 265,3,¡¢¥,£¤,£¤,1.0,1.0,0.7,Satisfied
Case 2659,3,¡¢¥,¥¢£¤,£¤,0.5,0.5,0.7,Satisfied
Case 2665,3,¡¢¥,£¤,£¤,1.0,1.0,0.7,Satisfied
Case 2666,3,¡¡¢,¥¥£¤,£¤,0.5,0.6666666666666666,0.7,Satisfied
Case 2667,3,¡¢¥,¥£¢¥£¤,£¤,0.33333333333333337,0.5,0.7,Satisfied
Case 2668,3,¡¡¢,­¥£¤,£¤,0.5,0.5,0.7,Satisfied
Case 2674,3,¡¢¥,¢£¤,£¤,0.6666666666666667,0.6666666666666666,0.7,Satisfied
Case 2676,3,¡¢¥,£¤,£¤,1.0,1.0,0.7,Satisfied
Case 2681,3,¡¢¥,£¤,£¤,1.0,1.0,0.7,Satisfied
Case 2686,3,¢¥£,¤,¤,1.0,1.0,0.7,Satisfied
Case 2700,3,¡¢¥,£¤,£¤,1.0,1.0,0.7,Satisfied
Case 2713,3,¡¢¥,£¤,£¤,1.0,1.0,0.7,Satisfied
Case 2714,3,¡¢¥,£¤,£¤,1.0,1.0,0.7,Satisfied
Case 2716,3,¡¢¥,£¤,£¤,1.0,1.0,0.7,Satisfied
Case 2720,3,¡¢­,¥£¤,£¤,0.6666666666666667,0.6666666666666666,0.7,Satisfied
Case 2721,3,¡¢¥,£¤,£¤,1.0,1.0,0.7,Satisfied
Case 2734,3,¡¢¥,£¤,£¤,1.0,1.0,0.7,Satisfied
Case 2741,3,¡¢¥,£¤,£¤,1.0,1.0,0.7,Satisfied
Case 2765,3,¡¢¥,¥£¤,£¤,0.6666666666666667,0.6666666666666666,0.7,Satisfied
Case 2770,3,¡¢¥,£¤,£¤,1.0,1.0,0.7,Satisfied
Case 2774,3,¡¥£,¥£¢¥£¤,¤,0.16666666666666663,0.25,0.7,Satisfied
Case 2776,3,¢¥¢,¥£¤,£¤,0.6666666666666667,0.6666666666666666,0.7,Satisfied
Case 2777,3,¡¢¥,£¤,£¤,1.0,1.0,0.7,Satisfied
Case 2788,3,¡¢¥,£¤,£¤,1.0,1.0,0.7,Satisfied
Case 2789,3,¡¢¥,£¤,£¤,1.0,1.0,0.7,Satisfied
Case 2791,3,¡¢¥,£¤,£¤,1.0,1.0,0.7,Satisfied
Case 2797,3,¢¥£,¤,¤,1.0,1.0,0.7,Satisfied
Case 28,3,¡¢¦,­­¥£,£¤,0.0,0.25,0.7,Satisfied
Case 2814,3,¡¢¥,£¤,£¤,1.0,1.0,0.7,Satisfied
Case 282,3,¡¢¥,£¤,£¤,1.0,1.0,0.7,Satisfied
Case 2826,3,¡¢¥,£¤,£¤,1.0,1.0,0.7,Satisfied
Case 2834,3,¡¢¥,£¤,£¤,1.0,1.0,0.7,Satisfied
Case 2839,3,¡¢¥,£¤,£¤,1.0,1.0,0.7,Satisfied
Case 2847,3,¡¢¥,£¤,£¤,1.0,1.0,0.7,Satisfied
Case 2848,3,¡¢¥,£¤,£¤,1.0,1.0,0.7,Satisfied
Case 2849,3,¡¥£,¥£¤,¤,0.33333333333333337,0.33333333333333326,0.7,Satisfied
Case 2851,3,¡¢¥,£¤,£¤,1.0,1.0,0.7,Satisfied
Case 2854,3,¡¢¥,£¤,£¤,1.0,1.0,0.7,Satisfied
Case 286,3,¡¢¥,£¤,£¤,1.0,1.0,0.7,Satisfied
Case 2860,3,¡¢¥,£¤,£¤,1.0,1.0,0.7,Satisfied
Case 2866,3,¡¢¥,£¤,£¤,1.0,1.0,0.7,Satisfied
Case 2873,3,¡¢¥,£¤,£¤,1.0,1.0,0.7,Satisfied
Case 2875,3,¡¢¥,£¤,£¤,1.0,1.0,0.7,Satisfied
Case 2881,3,¡­­,¥£¤,¥£¤,1.0,1.0,0.7,Satisfied
Case 2891,3,¡¢¥,£¤,£¤,1.0,1.0,0.7,Satisfied
Case 2897,3,¡¢­,¢¥£¤,£¤,0.5,0.5,0.7,Satisfied
Case 2905,3,¡¢¥,£¤,£¤,1.0,1.0,0.7,Satisfied
Case 2908,3,¡¢¥,£¤,£¤,1.0,1.0,0.7,Satisfied
Case 2910,3,¡¢¥,£¤,£¤,1.0,1.0,0.7,Satisfied
Case 2918,3,¡¢­,¢¥£¤,£¤,0.5,0.5,0.7,Satisfied
Case 292,3,¡¢¥,£¤,£¤,1.0,1.0,0.7,Satisfied
Case 2931,3,¡¢¥,­£¥£¤,£¤,0.4,0.5,0.7,Satisfied
Case 2932,3,¡¢¥,£¤,£¤,1.0,1.0,0.7,Satisfied
Case 2934,3,¡¢¥,£¤,£¤,1.0,1.0,0.7,Satisfied
Case 2949,3,¡¢¥,£¤,£¤,1.0,1.0,0.7,Satisfied
Case 2956,3,¡¥£,¤,¤,1.0,1.0,0.7,Satisfied
Case 296,3,¡¢¥,£¤,£¤,1.0,1.0,0.7,Satisfied
Case 2962,3,¡¢¥,£¤,£¤,1.0,1.0,0.7,Satisfied
Case 2964,3,¡¢¥,£¤,£¤,1.0,1.0,0.7,Satisfied
Case 2966,3,¡¢¥,£¤,£¤,1.0,1.0,0.7,Satisfied
Case 2968,3,¡¢¥,£¤,£¤,1.0,1.0,0.7,Satisfied
Case 2970,3,¡¢­,¥£¤,£¤,0.6666666666666667,0.6666666666666666,0.7,Satisfied
Case 2971,3,¡¢¥,£¤,£¤,1.0,1.0,0.7,Satisfied
Case 2975,3,¡¥¡,¢¥¥¢£¤,¢£¤,0.5,0.75,0.7,Satisfied
Case 2981,3,¡¡¢,­­¥£¤,£¤,0.4,0.5,0.7,Satisfied
Case 2984,3,¡¢¥,£¥£¤,£¤,0.5,0.6666666666666666,0.7,Satisfied
Case 2988,3,¡¥£,¥£¤,¤,0.33333333333333337,0.33333333333333326,0.7,Satisfied
Case 299,3,¡¢¥,£¤,£¤,1.0,1.0,0.7,Satisfied
Case 2992,3,¡¢¥,£¤,£¤,1.0,1.0,0.7,Satisfied
Case 3002,3,¡¢¥,£¤,£¤,1.0,1.0,0.7,Satisfied
Case 3008,3,¡¢¥,£¤,£¤,1.0,1.0,0.7,Satisfied
Case 3009,3,¡¢¥,¢£¤,£¤,0.6666666666666667,0.6666666666666666,0.7,Satisfied
Case 3010,3,¡¢¥,£¤,£¤,1.0,1.0,0.7,Satisfied
Case 3013,3,¡¢¢,¥£¤,£¤,0.6666666666666667,0.6666666666666666,0.7,Satisfied
Case 3015,3,¡¢­,¥£¤,£¤,0.6666666666666667,0.6666666666666666,0.7,Satisfied
Case 3016,3,¡¡¢,¥£¤,£¤,0.6666666666666667,0.6666666666666666,0.7,Satisfied
Case 3021,3,¡¢¥,£¤,£¤,1.0,1.0,0.7,Satisfied
Case 3027,3,¡¢¥,£¤,£¤,1.0,1.0,0.7,Satisfied
Case 3034,3,¡¢¥,£¤,£¤,1.0,1.0,0.7,Satisfied
Case 3035,3,¡¢¥,£¤,£¤,1.0,1.0,0.7,Satisfied
Case 3037,3,¡¢¥,£¤,£¤,1.0,1.0,0.7,Satisfied
Case 3038,3,¡¢¥,¢¥£¤,£¤,0.5,0.5,0.7,Satisfied
Case 3043,3,¡¢¥,£¤,£¤,1.0,1.0,0.7,Satisfied
Case 3044,3,¡¢¥,£¤,£¤,1.0,1.0,0.7,Satisfied
Case 3046,3,¡¥£,¤,¤,1.0,1.0,0.7,Satisfied
Case 3056,3,¡¢¥,£¤,£¤,1.0,1.0,0.7,Satisfied
Case 3058,3,¡¢­,¥£¥£¤,£¤,0.4,0.6666666666666666,0.7,Satisfied
Case 3059,3,¡¢­,¥£¤,£¤,0.6666666666666667,0.6666666666666666,0.7,Satisfied
Case 3061,3,¡¢­,¥£¤,£¤,0.6666666666666667,0.6666666666666666,0.7,Satisfied
Case 3071,3,¡¢¦,­¥£¤,£¤,0.5,0.5,0.7,Satisfied
Case 3073,3,¡¢¥,£¤,£¤,1.0,1.0,0.7,Satisfied
Case 3077,3,¡­¥,£¤,£¤,1.0,1.0,0.7,Satisfied
Case 3078,3,¡¢¥,£¤,£¤,1.0,1.0,0.7,Satisfied
Case 308,3,¡¢¥,£¤,£¤,1.0,1.0,0.7,Satisfied
Case 3082,3,¡¡¢,¥£¤,£¤,0.6666666666666667,0.6666666666666666,0.7,Satisfied
Case 3083,3,¡¢¥,£¤,£¤,1.0,1.0,0.7,Satisfied
Case 3086,3,¡¢¥,£¤,£¤,1.0,1.0,0.7,Satisfied
Case 3095,3,¡¢¥,£¤,£¤,1.0,1.0,0.7,Satisfied
Case 31,3,¡¢¦,­¥£¤,£¤,0.5,0.5,0.7,Satisfied
Case 3103,3,¡¢­,¥£¤,£¤,0.6666666666666667,0.6666666666666666,0.7,Satisfied
Case 3112,3,¡¢¥,£¤,£¤,1.0,1.0,0.7,Satisfied
Case 3113,3,¡¢¥,¥¢¥£¤,£¤,0.4,0.5,0.7,Satisfied
Case 3118,3,¡¢¥,¥¦£¤,£¤,0.5,0.5,0.7,Satisfied
Case 3121,3,¡¢¥,£¡¢¥£¤,£¤,0.33333333333333337,0.4,0.7,Satisfied
Case 3126,3,¡¢¥,£¤,£¤,1.0,1.0,0.7,Satisfied
Case 3128,3,¡¢¥,£¤,£¤,1.0,1.0,0.7,Satisfied
Case 313,3,¡¢¥,­¥£¥£¤,£¤,0.33333333333333337,0.5,0.7,Satisfied
Case 3139,3,¡¢­,¢¥£¤,£¤,0.5,0.5,0.7,Satisfied
Case 3142,3,¡¢¥,£¤,£¤,1.0,1.0,0.7,Satisfied
Case 3145,3,¡¢¥,£¤,£¤,1.0,1.0,0.7,Satisfied
Case 3148,3,¢¥£,¤,¤,1.0,1.0,0.7,Satisfied
Case 317,3,¡¢­,¥£¤,£¤,0.6666666666666667,0.6666666666666666,0.7,Satisfied
Case 3172,3,¡¢¥,£¤,£¤,1.0,1.0,0.7,Satisfied
Case 3176,3,¡¢­,¥£¤,£¤,0.6666666666666667,0.6666666666666666,0.7,Satisfied
Case 3180,3,¡¢¥,£¤,£¤,1.0,1.0,0.7,Satisfied
Case 3182,3,¡¢¥,£¤,£¤,1.0,1.0,0.7,Satisfied
Case 3184,3,¡¢¥,£¤,£¤,1.0,1.0,0.7,Satisfied
Case 3186,3,¡¢¥,£¤,£¤,1.0,1.0,0.7,Satisfied
Case 3188,3,¡¢¥,£¤,£¤,1.0,1.0,0.7,Satisfied
Case 3192,3,¡¢¦,¥£¤,£¤,0.6666666666666667,0.6666666666666666,0.7,Satisfied
Case 3212,3,¡¢¥,£¤,£¤,1.0,1.0,0.7,Satisfied
Case 3214,3,¡¢¦,¥£¤,£¤,0.6666666666666667,0.6666666666666666,0.7,Satisfied
Case 3222,3,¡¢¥,£¤,£¤,1.0,1.0,0.7,Satisfied
Case 3226,3,¡¥£,¤,¤,1.0,1.0,0.7,Satisfied
Case 3229,3,¡¢¥,£¤,£¤,1.0,1.0,0.7,Satisfied
Case 323,3,¡¢¥,£¤,£¤,1.0,1.0,0.7,Satisfied
Case 3231,3,¡¢¥,£¤,£¤,1.0,1.0,0.7,Satisfied
Case 3233,3,¡¢¥,£¤,£¤,1.0,1.0,0.7,Satisfied
Case 3239,3,¡¥£,¤,¤,1.0,1.0,0.7,Satisfied
Case 324,3,¢¥£,¤,¤,1.0,1.0,0.7,Satisfied
Case 3240,3,¡¢¥,£¤,£¤,1.0,1.0,0.7,Satisfied
Case 3249,3,¡¢­,­¢¥£¥£¤,£¤,0.2857142857142857,0.4,0.7,Satisfied
Case 3251,3,¡¢¥,£¤,£¤,1.0,1.0,0.7,Satisfied
Case 3253,3,¡¢¥,£¤,£¤,1.0,1.0,0.7,Satisfied
Case 326,3,¡¢­,­¥£¤,£¤,0.5,0.5,0.7,Satisfied
Case 3260,3,¡¢¥,£¤,£¤,1.0,1.0,0.7,Satisfied
Case 3262,3,¡¢¥,£¤,£¤,1.0,1.0,0.7,Satisfied
Case 3273,3,¡¢¥,£¤,£¤,1.0,1.0,0.7,Satisfied
Case 3276,3,¡¢­,¥£¤,£¤,0.6666666666666667,0.6666666666666666,0.7,Satisfied
Case 3288,3,¡¢¥,£¥£¤,£¤,0.5,0.6666666666666666,0.7,Satisfied
Case 3289,3,¡¢¥,£¤,£¤,1.0,1.0,0.7,Satisfied
Case 3294,3,¡¢¥,¢£¤,£¤,0.6666666666666667,0.6666666666666666,0.7,Satisfied
Case 33,3,¡¢¥,£¤,£¤,1.0,1.0,0.7,Satisfied
Case 331,3,¡¢­,¥£¤,£¤,0.6666666666666667,0.6666666666666666,0.7,Satisfied
Case 3314,3,¡¢¥,£¤,£¤,1.0,1.0,0.7,Satisfied
Case 3315,3,¡¢¥,£¤,£¤,1.0,1.0,0.7,Satisfied
Case 332,3,¡¢¥,£¤,£¤,1.0,1.0,0.7,Satisfied
Case 3323,3,¡¢¦,­­¥£,£¤,0.0,0.25,0.7,Satisfied
Case 3324,3,¡¢¥,£¤,£¤,1.0,1.0,0.7,Satisfied
Case 333,3,¡¢¥,£¤,£¤,1.0,1.0,0.7,Satisfied
Case 3331,3,¡¢¥,£¤,£¤,1.0,1.0,0.7,Satisfied
Case 3334,3,¡¢¥,£¤,£¤,1.0,1.0,0.7,Satisfied
Case 3336,3,¡¢¥,£¤,£¤,1.0,1.0,0.7,Satisfied
Case 3338,3,¡­¥,£¤,£¤,1.0,1.0,0.7,Satisfied
Case 3341,3,¡¢¥,£¤,£¤,1.0,1.0,0.7,Satisfied
Case 3344,3,¡¥£,¥£¢¥£¥£¤,¤,0.125,0.25,0.7,Satisfied
Case 3349,3,¡¢¥,£¤,£¤,1.0,1.0,0.7,Satisfied
Case 3351,3,¡¢¥,£¥£¤,£¤,0.5,0.6666666666666666,0.7,Satisfied
Case 3357,3,¡¢¥,£¤,£¤,1.0,1.0,0.7,Satisfied
Case 3358,3,¡¢­,¥£¤,£¤,0.6666666666666667,0.6666666666666666,0.7,Satisfied
Case 3360,3,¡¢¥,£¤,£¤,1.0,1.0,0.7,Satisfied
Case 3362,3,¡¢¥,£¤,£¤,1.0,1.0,0.7,Satisfied
Case 337,3,¡¢¥,£¤,£¤,1.0,1.0,0.7,Satisfied
Case 3372,3,¡¢¥,£¤,£¤,1.0,1.0,0.7,Satisfied
Case 3373,3,¡¢¥,£¤,£¤,1.0,1.0,0.7,Satisfied
Case 3376,3,¡¢¥,£¤,£¤,1.0,1.0,0.7,Satisfied
Case 3382,3,¡¢¥,£¤,£¤,1.0,1.0,0.7,Satisfied
Case 3398,3,¡¢¥,£¤,£¤,1.0,1.0,0.7,Satisfied
Case 34,3,¡¢¥,¥£¤,£¤,0.6666666666666667,0.6666666666666666,0.7,Satisfied
Case 3403,3,¡¢¥,£¤,£¤,1.0,1.0,0.7,Satisfied
Case 3409,3,¡¢¦,¬¬­,£¤,0.0,0.0,0.7,Satisfied
Case 3413,3,¡¢¥,£¤,£¤,1.0,1.0,0.7,Satisfied
Case 3416,3,¡¥£,¤,¤,1.0,1.0,0.7,Satisfied
Case 3418,3,¡¢­,¥£¤,£¤,0.6666666666666667,0.6666666666666666,0.7,Satisfied
Case 3419,3,¡¢¥,£¤,£¤,1.0,1.0,0.7,Satisfied
Case 3426,3,¡¢¥,£¤,£¤,1.0,1.0,0.7,Satisfied
Case 3428,3,¡¢¥,£¤,£¤,1.0,1.0,0.7,Satisfied
Case 343,3,¡¢¥,£¤,£¤,1.0,1.0,0.7,Satisfied
Case 3436,3,¡¢¥,¥¥¥£¤,£¤,0.4,0.6666666666666666,0.7,Satisfied
Case 3439,3,¢¥£,¢¥¢¥£¤,¤,0.16666666666666663,0.25,0.7,Satisfied
Case 3440,3,¡¢¥,£¤,£¤,1.0,1.0,0.7,Satisfied
Case 3442,3,¡¢¥,£¤,£¤,1.0,1.0,0.7,Satisfied
Case 3443,3,¡¢­,¥£,£¤,0.0,0.33333333333333326,0.7,Satisfied
Case 3444,3,¡¦¦,¬¬­¥£¤,¥£¤,0.5,0.6,0.7,Satisfied
Case 3448,3,¡¢¥,£¤,£¤,1.0,1.0,0.7,Satisfied
Case 3449,3,¡¡¢,¥£¤,£¤,0.6666666666666667,0.6666666666666666,0.7,Satisfied
Case 345,3,¡¢¥,£¤,£¤,1.0,1.0,0.7,Satisfied
Case 3454,3,¡¢¢,¥£¤,£¤,0.6666666666666667,0.6666666666666666,0.7,Satisfied
Case 346,3,¡¥¥,£¤,¢£¤,0.6666666666666667,0.6666666666666666,0.7,Satisfied
Case 3462,3,¡¢¥,£¤,£¤,1.0,1.0,0.7,Satisfied
Case 3465,3,¡¢¥,£¤,£¤,1.0,1.0,0.7,Satisfied
Case 3475,3,¡¢¥,£¤,£¤,1.0,1.0,0.7,Satisfied
Case 348,3,¡¢¥,£¤,£¤,1.0,1.0,0.7,Satisfied
Case 349,3,¡¢¥,£¤,£¤,1.0,1.0,0.7,Satisfied
Case 3498,3,¡¢¥,£¤,£¤,1.0,1.0,0.7,Satisfied
Case 3511,3,¡¢¥,£¤,£¤,1.0,1.0,0.7,Satisfied
Case 3516,3,¡¢­,¥£¤,£¤,0.6666666666666667,0.6666666666666666,0.7,Satisfied
Case 3517,3,¡¢¥,£¤,£¤,1.0,1.0,0.7,Satisfied
Case 3529,3,¡¢¥,£¤,£¤,1.0,1.0,0.7,Satisfied
Case 3530,3,¡¢¥,£¤,£¤,1.0,1.0,0.7,Satisfied
Case 3532,3,¡¢¥,£¤,£¤,1.0,1.0,0.7,Satisfied
Case 3535,3,¡¢¥,£¤,£¤,1.0,1.0,0.7,Satisfied
Case 3537,3,¡¢¥,£¤,£¤,1.0,1.0,0.7,Satisfied
Case 3539,3,¡¢¥,£¤,£¤,1.0,1.0,0.7,Satisfied
Case 3542,3,¡¢¥,£¤,£¤,1.0,1.0,0.7,Satisfied
Case 3543,3,¡¢¥,£¤,£¤,1.0,1.0,0.7,Satisfied
Case 3546,3,¡¢¥,£¤,£¤,1.0,1.0,0.7,Satisfied
Case 3551,3,¡¢¥,£¤,£¤,1.0,1.0,0.7,Satisfied
Case 3552,3,¡¢¥,£¤,£¤,1.0,1.0,0.7,Satisfied
Case 3562,3,¡¢¥,£¢¥£¤,£¤,0.4,0.5,0.7,Satisfied
Case 3563,3,¡¢¥,£¤,£¤,1.0,1.0,0.7,Satisfied
Case 3565,3,¡¢¥,£¤,£¤,1.0,1.0,0.7,Satisfied
Case 3567,3,¡¢¥,£¤,£¤,1.0,1.0,0.7,Satisfied
Case 3569,3,¢¥£,¤,¤,1.0,1.0,0.7,Satisfied
Case 3582,3,¡¢¥,£¤,£¤,1.0,1.0,0.7,Satisfied
Case 3583,3,¡¢¥,£¤,£¤,1.0,1.0,0.7,Satisfied
Case 3592,3,¡¢¥,£¤,£¤,1.0,1.0,0.7,Satisfied
Case 3599,3,¡¢¥,£¤,£¤,1.0,1.0,0.7,Satisfied
Case 3600,3,¡¢¥,£¤,£¤,1.0,1.0,0.7,Satisfied
Case 3601,3,¡¢¥,£¤,£¤,1.0,1.0,0.7,Satisfied
Case 361,3,¡¢¥,£¢¥£¤,£¤,0.4,0.5,0.7,Satisfied
Case 3613,3,¡¢­,¥£¤,£¤,0.6666666666666667,0.6666666666666666,0.7,Satisfied
Case 3614,3,¡¢¥,£¤,£¤,1.0,1.0,0.7,Satisfied
Case 3634,3,¢¥£,¤,¤,1.0,1.0,0.7,Satisfied
Case 3638,3,¡¢¥,£¤,£¤,1.0,1.0,0.7,Satisfied
Case 364,3,¡¢¥,£¤,£¤,1.0,1.0,0.7,Satisfied
Case 3641,3,¡¢¥,£¤,£¤,1.0,1.0,0.7,Satisfied
Case 3643,3,¡¢¥,£¤,£¤,1.0,1.0,0.7,Satisfied
Case 3645,3,¡¢­,¥£¤,£¤,0.6666666666666667,0.6666666666666666,0.7,Satisfied
Case 3653,3,¡¢¥,£¤,£¤,1.0,1.0,0.7,Satisfied
Case 3654,3,¡¢¥,£¤,£¤,1.0,1.0,0.7,Satisfied
Case 3656,3,¡¢¥,¥£¤,£¤,0.6666666666666667,0.6666666666666666,0.7,Satisfied
Case 3657,3,¡¢¥,£¤,£¤,1.0,1.0,0.7,Satisfied
Case 3662,3,¡¢¥,¥£¤,£¤,0.6666666666666667,0.6666666666666666,0.7,Satisfied
Case 3663,3,¡¢¥,£¤,£¤,1.0,1.0,0.7,Satisfied
Case 3666,3,¡¢¥,£¤,£¤,1.0,1.0,0.7,Satisfied
Case 3669,3,¡¡¢,¥¢­­£¤,£¤,0.33333333333333337,0.4,0.7,Satisfied
Case 367,3,¡¥¥,£¤,¢£¤,0.6666666666666667,0.6666666666666666,0.7,Satisfied
Case 3670,3,¡¢¥,£¤,£¤,1.0,1.0,0.7,Satisfied
Case 3673,3,¡¢¥,¢¥£¤,£¤,0.5,0.5,0.7,Satisfied
Case 3674,3,¡¢¥,£¤,£¤,1.0,1.0,0.7,Satisfied
Case 3676,3,¡¢¥,£¥£¤,£¤,0.5,0.6666666666666666,0.7,Satisfied
Case 3678,3,¡¢¥,£¤,£¤,1.0,1.0,0.7,Satisfied
Case 3688,3,¡¡¢,¥£¤,£¤,0.6666666666666667,0.6666666666666666,0.7,Satisfied
Case 3692,3,¡¥£,¢¥£¤,¤,0.25,0.25,0.7,Satisfied
Case 3696,3,¡¢¥,£¤,£¤,1.0,1.0,0.7,Satisfied
Case 370,3,¡¢¥,£¤,£¤,1.0,1.0,0.7,Satisfied
Case 3705,3,¡¢¥,£¢¥£¤,£¤,0.4,0.5,0.7,Satisfied
Case 3708,3,¡¢¥,£¤,£¤,1.0,1.0,0.7,Satisfied
Case 3738,3,¡¢¥,£¤,£¤,1.0,1.0,0.7,Satisfied
Case 374,3,¡¢¥,£¤,£¤,1.0,1.0,0.7,Satisfied
Case 3742,3,¡¢¥,£¤,£¤,1.0,1.0,0.7,Satisfied
Case 3745,3,¡¢¥,£¤,£¤,1.0,1.0,0.7,Satisfied
Case 3766,3,¡¢¥,£¤,£¤,1.0,1.0,0.7,Satisfied
Case 3770,3,¡¢¥,£¤,£¤,1.0,1.0,0.7,Satisfied
Case 3775,3,¡¢¥,£¤,£¤,1.0,1.0,0.7,Satisfied
Case 3776,3,¡¡¢,¥£¤,£¤,0.6666666666666667,0.6666666666666666,0.7,Satisfied
Case 378,3,¡¢¥,£¤,£¤,1.0,1.0,0.7,Satisfied
Case 3787,3,¡¢¥,¢£¤,£¤,0.6666666666666667,0.6666666666666666,0.7,Satisfied
Case 3798,3,¡¢¥,£¤,£¤,1.0,1.0,0.7,Satisfied
Case 380,3,¡¥£,¤,¤,1.0,1.0,0.7,Satisfied
Case 3802,3,§¡¥,£¤,£¤,1.0,1.0,0.7,Satisfied
Case 3818,3,¡¢¥,£¤,£¤,1.0,1.0,0.7,Satisfied
Case 3819,3,¡¢¥,£¤,£¤,1.0,1.0,0.7,Satisfied
Case 382,3,¡¢¥,¢­£,£¤,0.0,0.25,0.7,Satisfied
Case 3822,3,¡¢¥,£¤,£¤,1.0,1.0,0.7,Satisfied
Case 3832,3,¡¢¥,¥£¢¥£¤,£¤,0.33333333333333337,0.5,0.7,Satisfied
Case 384,3,¡¢¥,£¤,£¤,1.0,1.0,0.7,Satisfied
Case 3844,3,¡¢¥,£¤,£¤,1.0,1.0,0.7,Satisfied
Case 3857,3,¡¢¥,£¤,£¤,1.0,1.0,0.7,Satisfied
Case 3864,3,¡¢¥,£¤,£¤,1.0,1.0,0.7,Satisfied
Case 3865,3,¡¢­,¥£¤,£¤,0.6666666666666667,0.6666666666666666,0.7,Satisfied
Case 3877,3,¡¢¥,£¤,£¤,1.0,1.0,0.7,Satisfied
Case 3880,3,¡¥£,¤,¤,1.0,1.0,0.7,Satisfied
Case 3884,3,¡¢¥,¢£¤,£¤,0.6666666666666667,0.6666666666666666,0.7,Satisfied
Case 3885,3,¡¢¥,£¤,£¤,1.0,1.0,0.7,Satisfied
Case 3888,3,¡¥£,¤,¤,1.0,1.0,0.7,Satisfied
Case 3890,3,¡¢¥,£¤,£¤,1.0,1.0,0.7,Satisfied
Case 3896,3,¡¢¥,£¤,£¤,1.0,1.0,0.7,Satisfied
Case 3898,3,¡¢¥,£¤,£¤,1.0,1.0,0.7,Satisfied
Case 3899,3,¡¢¥,£¤,£¤,1.0,1.0,0.7,Satisfied
Case 39,3,¡¢¥,£¤,£¤,1.0,1.0,0.7,Satisfied
Case 3905,3,¡¢¥,£¤,£¤,1.0,1.0,0.7,Satisfied
Case 3912,3,¡¢¥,£¤,£¤,1.0,1.0,0.7,Satisfied
Case 3913,3,¡¥£,¤,¤,1.0,1.0,0.7,Satisfied
Case 3928,3,¡¢¥,£¤,£¤,1.0,1.0,0.7,Satisfied
Case 3930,3,¡¢¥,£¤,£¤,1.0,1.0,0.7,Satisfied
Case 3933,3,¡¢¥,£¤,£¤,1.0,1.0,0.7,Satisfied
Case 3943,3,¡¢¥,£¤,£¤,1.0,1.0,0.7,Satisfied
Case 3946,3,¡¢¥,£¤,£¤,1.0,1.0,0.7,Satisfied
Case 3957,3,¡¢¢,¥£¤,£¤,0.6666666666666667,0.6666666666666666,0.7,Satisfied
Case 3963,3,¡¢­,­¥£¥£¤,£¤,0.33333333333333337,0.5,0.7,Satisfied
Case 397,3,¡¢¥,£¤,£¤,1.0,1.0,0.7,Satisfied
Case 3974,3,¡¢¥,£¤,£¤,1.0,1.0,0.7,Satisfied
Case 3976,3,¡¢¥,£¤,£¤,1.0,1.0,0.7,Satisfied
Case 3983,3,¡¢¥,£¤,£¤,1.0,1.0,0.7,Satisfied
Case 399,3,¡¢¥,£¤,£¤,1.0,1.0,0.7,Satisfied
Case 3992,3,¡¢­,£¤,£¤,1.0,1.0,0.7,Satisfied
Case 40,3,¡¢£,¤,¤,1.0,1.0,0.7,Satisfied
Case 4004,3,¢££,¤,¤,1.0,1.0,0.7,Satisfied
Case 4006,3,¡¢¥,¢¥£¤,£¤,0.5,0.5,0.7,Satisfied
Case 4009,3,¡¢¥,£¤,£¤,1.0,1.0,0.7,Satisfied
Case 4017,3,¡¢¥,£¤,£¤,1.0,1.0,0.7,Satisfied
Case 402,3,¡¢£,¤,¤,1.0,1.0,0.7,Satisfied
Case 4026,3,¡¢¥,¦­£¤,£¤,0.5,0.5,0.7,Satisfied
Case 4030,3,¡¢£,¤,¤,1.0,1.0,0.7,Satisfied
Case 4031,3,¡££,¤,¤,1.0,1.0,0.7,Satisfied
Case 4032,3,¡¥£,¤,¤,1.0,1.0,0.7,Satisfied
Case 4037,3,¡¢£,¤,¤,1.0,1.0,0.7,Satisfied
Case 4048,3,¡¢£,¤,¤,1.0,1.0,0.7,Satisfied
Case 4054,3,¡¢£,¤,¤,1.0,1.0,0.7,Satisfied
Case 4067,3,¡¢£,¤,¤,1.0,1.0,0.7,Satisfied
Case 4068,3,¡¢£,¤,¤,1.0,1.0,0.7,Satisfied
Case 4069,3,¡¢£,¤,¤,1.0,1.0,0.7,Satisfied
Case 407,3,¡¢¥,£¤,£¤,1.0,1.0,0.7,Satisfied
Case 4073,3,¡¢¥,£¤,£¤,1.0,1.0,0.7,Satisfied
Case 4074,3,¡¢¥,£¤,£¤,1.0,1.0,0.7,Satisfied
Case 408,3,¡¡¢,¥£¤,£¤,0.6666666666666667,0.6666666666666666,0.7,Satisfied
Case 4082,3,¡¢­,£¤,£¤,1.0,1.0,0.7,Satisfied
Case 4084,3,¡¢¥,£¤,£¤,1.0,1.0,0.7,Satisfied
Case 4106,3,¡¢£,¤,¤,1.0,1.0,0.7,Satisfied
Case 4107,3,¡¢¥,¥£¤,£¤,0.6666666666666667,0.6666666666666666,0.7,Satisfied
Case 412,3,¡¢¥,£¤,£¤,1.0,1.0,0.7,Satisfied
Case 4127,3,¡¢£,¤,¤,1.0,1.0,0.7,Satisfied
Case 414,3,¡¡¢,£¤,£¤,1.0,1.0,0.7,Satisfied
Case 4145,3,¡¢£,¤,¤,1.0,1.0,0.7,Satisfied
Case 4147,3,¡¢¥,£¤,£¤,1.0,1.0,0.7,Satisfied
Case 4149,3,¡¢¥,£¤,£¤,1.0,1.0,0.7,Satisfied
Case 4154,3,¡¢£,¤,¤,1.0,1.0,0.7,Satisfied
Case 4156,3,¡¢¥,£¤,£¤,1.0,1.0,0.7,Satisfied
Case 4160,3,¡¢£,¤,¤,1.0,1.0,0.7,Satisfied
Case 4161,3,¡¢£,¤,¤,1.0,1.0,0.7,Satisfied
Case 4162,3,¡¢£,¤,¤,1.0,1.0,0.7,Satisfied
Case 4165,3,¡¡¢,¥£¤,£¤,0.6666666666666667,0.6666666666666666,0.7,Satisfied
Case 4172,3,¡¢¥,£¤,£¤,1.0,1.0,0.7,Satisfied
Case 4183,3,¡­£,¤,¤,1.0,1.0,0.7,Satisfied
Case 4185,3,¡¢­,£¤,£¤,1.0,1.0,0.7,Satisfied
Case 4187,3,¡¢¥,¢¥,£¤,0.0,0.0,0.7,Satisfied
Case 4194,3,¡¢£,¤,¤,1.0,1.0,0.7,Satisfied
Case 4197,3,¡¡¡,¢£¤,¢£¤,1.0,1.0,0.7,Satisfied
Case 4206,3,¡¢£,¤,¤,1.0,1.0,0.7,Satisfied
Case 421,3,¡¢£,¤,¤,1.0,1.0,0.7,Satisfied
Case 4212,3,¡¢£,¤,¤,1.0,1.0,0.7,Satisfied
Case 4241,3,¡¢£,¤,¤,1.0,1.0,0.7,Satisfied
Case 4255,3,¡¢£,£¤,¤,0.5,0.5,0.7,Satisfied
Case 4257,3,¡¢¥,£¤,£¤,1.0,1.0,0.7,Satisfied
Case 4259,3,¡¢¢,£¤,£¤,1.0,1.0,0.7,Satisfied
Case 4268,3,¢¥£,¤,¤,1.0,1.0,0.7,Satisfied
Case 4269,3,¡¢¥,£¤,£¤,1.0,1.0,0.7,Satisfied
Case 427,3,¡¢£,¤,¤,1.0,1.0,0.7,Satisfied
Case 4282,3,¡¢£,¤,¤,1.0,1.0,0.7,Satisfied
Case 4300,3,¡¢¥,¥£¤,£¤,0.6666666666666667,0.6666666666666666,0.7,Satisfied
Case 4301,3,¡¢¥,£¤,£¤,1.0,1.0,0.7,Satisfied
Case 4324,3,¡¢£,¤,¤,1.0,1.0,0.7,Satisfied
Case 4325,3,¡¢£,¤,¤,1.0,1.0,0.7,Satisfied
Case 4326,3,¡¢¥,£¤,£¤,1.0,1.0,0.7,Satisfied
Case 433,3,¡¢¥,¥£¤,£¤,0.6666666666666667,0.6666666666666666,0.7,Satisfied
Case 4332,3,¡¢£,¤,¤,1.0,1.0,0.7,Satisfied
Case 4337,3,¡¢¥,£¤,£¤,1.0,1.0,0.7,Satisfied
Case 4338,3,¡¢¥,¢¥£¤,£¤,0.5,0.5,0.7,Satisfied
Case 4348,3,¡¢­,£¤,£¤,1.0,1.0,0.7,Satisfied
Case 435,3,¡¢­,£¤,£¤,1.0,1.0,0.7,Satisfied
Case 4351,3,¡¢¥,£¤,£¤,1.0,1.0,0.7,Satisfied
Case 4352,3,¡¢¥,£¤,£¤,1.0,1.0,0.7,Satisfied
Case 4353,3,¡¢¢,¥¥£¤,£¤,0.5,0.6666666666666666,0.7,Satisfied
Case 4354,3,¡¢­,£,£¤,0.5,0.5,0.7,Satisfied
Case 4355,3,¡¢£,¤,¤,1.0,1.0,0.7,Satisfied
Case 4359,3,¡¢¥,£¤,£¤,1.0,1.0,0.7,Satisfied
Case 4361,3,¡¢­,£¤,£¤,1.0,1.0,0.7,Satisfied
Case 4365,3,¡¢¥,£¤,£¤,1.0,1.0,0.7,Satisfied
Case 4369,3,¡¢¥,£¤,£¤,1.0,1.0,0.7,Satisfied
Case 4371,3,¡££,¤,¤,1.0,1.0,0.7,Satisfied
Case 438,3,¡¢­,¥£¤,£¤,0.6666666666666667,0.6666666666666666,0.7,Satisfied
Case 4383,3,¡¢£,¤,¤,1.0,1.0,0.7,Satisfied
Case 4385,3,¡¡¢,£¤,£¤,1.0,1.0,0.7,Satisfied
Case 4389,3,¡¢­,£¤,£¤,1.0,1.0,0.7,Satisfied
Case 4394,3,¡¢£,¤,¤,1.0,1.0,0.7,Satisfied
Case 4396,3,¡¢£,¤,¤,1.0,1.0,0.7,Satisfied
Case 4398,3,¡¢¥,¢¥£¤,£¤,0.5,0.5,0.7,Satisfied
Case 4407,3,¡¢¥,£¤,£¤,1.0,1.0,0.7,Satisfied
Case 441,3,¢££,¤,¤,1.0,1.0,0.7,Satisfied
Case 4410,3,¡¢¥,¢£¤,£¤,0.6666666666666667,0.6666666666666666,0.7,Satisfied
Case 4415,3,¡¢£,¤,¤,1.0,1.0,0.7,Satisfied
Case 4417,3,¡¥£,£¤,¤,0.5,0.5,0.7,Satisfied
Case 4419,3,¡¥£,¤,¤,1.0,1.0,0.7,Satisfied
Case 4421,3,¡¢¥,£¤,£¤,1.0,1.0,0.7,Satisfied
Case 4422,3,¡¢£,¤,¤,1.0,1.0,0.7,Satisfied
Case 4423,3,¡¡¢,£¤,£¤,1.0,1.0,0.7,Satisfied
Case 4424,3,¡¢¥,£¤,£¤,1.0,1.0,0.7,Satisfied
Case 4426,3,¡¢¥,£¤,£¤,1.0,1.0,0.7,Satisfied
Case 4431,3,¡¢¥,£¤,£¤,1.0,1.0,0.7,Satisfied
Case 4456,3,¡¢¥,£¤,£¤,1.0,1.0,0.7,Satisfied
Case 446,3,¡¢¥,£¤,£¤,1.0,1.0,0.7,Satisfied
Case 4463,3,¡¢¦,¦¬¬­¦£,£¤,0.0,0.19999999999999996,0.7,Satisfied
Case 4465,3,¡¢¥,£¤,£¤,1.0,1.0,0.7,Satisfied
Case 4469,3,¡¢£,¤,¤,1.0,1.0,0.7,Satisfied
Case 4478,3,¡¢¥,¢£¤,£¤,0.6666666666666667,0.6666666666666666,0.7,Satisfied
Case 4485,3,¡¢¥,£¤,£¤,1.0,1.0,0.7,Satisfied
Case 4487,3,¡¢£,¤,¤,1.0,1.0,0.7,Satisfied
Case 4501,3,¢¥¢,¥£¤,£¤,0.6666666666666667,0.6666666666666666,0.7,Satisfied
Case 4506,3,¡¢¥,£¤,£¤,1.0,1.0,0.7,Satisfied
Case 4511,3,¡¢­,££¤,£¤,0.6666666666666667,1.0,0.7,Satisfied
Case 4530,3,¡¡£,¤,¤,1.0,1.0,0.7,Satisfied
Case 4535,3,¡¢£,¤,¤,1.0,1.0,0.7,Satisfied
Case 4537,3,¡¢£,¤,¤,1.0,1.0,0.7,Satisfied
Case 4558,3,¡¢¥,£¤,£¤,1.0,1.0,0.7,Satisfied
Case 456,3,¡¢£,¤,¤,1.0,1.0,0.7,Satisfied
Case 4563,3,¡¢¥,£¤,£¤,1.0,1.0,0.7,Satisfied
Case 4575,3,¡¢¥,£¤,£¤,1.0,1.0,0.7,Satisfied
Case 46,3,¡¢¢,¥£¤,£¤,0.6666666666666667,0.6666666666666666,0.7,Satisfied
Case 467,3,¡¢¥,¢­£¤,£¤,0.5,0.5,0.7,Satisfied
Case 470,3,¡¢¥,£¤,£¤,1.0,1.0,0.7,Satisfied
Case 474,3,¡¡¡,¢¥£¤,¢£¤,0.75,0.75,0.7,Satisfied
Case 478,3,¡¡¢,¥£¤,£¤,0.6666666666666667,0.6666666666666666,0.7,Satisfied
Case 480,3,¡¢£,¤,¤,1.0,1.0,0.7,Satisfied
Case 483,3,¡¢£,¤,¤,1.0,1.0,0.7,Satisfied
Case 484,3,¡¢¥,£¤,£¤,1.0,1.0,0.7,Satisfied
Case 487,3,¡¢£,¤,¤,1.0,1.0,0.7,Satisfied
Case 496,3,¡¢¥,£¤,£¤,1.0,1.0,0.7,Satisfied
Case 498,3,¡¢£,£¤,¤,0.5,0.5,0.7,Satisfied
Case 502,3,¡¢£,¤,¤,1.0,1.0,0.7,Satisfied
Case 503,3,¡¢¦,­£¤,£¤,0.6666666666666667,0.6666666666666666,0.7,Satisfied
Case 504,3,¡¢¥,£¤,£¤,1.0,1.0,0.7,Satisfied
Case 506,3,¡¢­,£¤,£¤,1.0,1.0,0.7,Satisfied
Case 507,3,¡¢£,¤,¤,1.0,1.0,0.7,Satisfied
Case 520,3,¡¢£,£¤,¤,0.5,0.5,0.7,Satisfied
Case 523,3,¢¥£,¤,¤,1.0,1.0,0.7,Satisfied
Case 525,3,¡¡¢,¥¥,£¤,0.0,0.0,0.7,Satisfied
Case 527,3,¡¥¡,¡¢£¤,¢£¤,0.75,0.75,0.7,Satisfied
Case 529,3,¡¥¥,£¤,¢£¤,0.6666666666666667,0.6666666666666666,0.7,Satisfied
Case 530,3,¡¢¥,¥¥£¤,£¤,0.5,0.6666666666666666,0.7,Satisfied
Case 532,3,¡¢£,¢¥£¤,¤,0.25,0.25,0.7,Satisfied
Case 533,3,¡¢£,¤,¤,1.0,1.0,0.7,Satisfied
Case 54,3,¡¢£,¤,¤,1.0,1.0,0.7,Satisfied
Case 553,3,¡¢¥,£¤,£¤,1.0,1.0,0.7,Satisfied
Case 558,3,¡¢¢,£¤,£¤,1.0,1.0,0.7,Satisfied
Case 559,3,¡¢¥,£¤,£¤,1.0,1.0,0.7,Satisfied
Case 566,3,¡¢¥,¢¥£¤,£¤,0.5,0.5,0.7,Satisfied
Case 575,3,¡¢¥,£¤,£¤,1.0,1.0,0.7,Satisfied
Case 58,3,¡¦­,£¤,¥£¤,0.6666666666666667,0.6666666666666666,0.7,Satisfied
Case 593,3,¡¢£,¤,¤,1.0,1.0,0.7,Satisfied
Case 594,3,¡¢£,¤,¤,1.0,1.0,0.7,Satisfied
Case 595,3,¡¢¥,£¤,£¤,1.0,1.0,0.7,Satisfied
Case 603,3,¡¢£,£¤,¤,0.5,0.5,0.7,Satisfied
Case 606,3,¡¢£,¤,¤,1.0,1.0,0.7,Satisfied
Case 622,3,¡¢¦,£¤,£¤,1.0,1.0,0.7,Satisfied
Case 624,3,¡¢¥,£¤,£¤,1.0,1.0,0.7,Satisfied
Case 626,3,¡¢¥,£¤,£¤,1.0,1.0,0.7,Satisfied
Case 63,3,¡¢£,¤,¤,1.0,1.0,0.7,Satisfied
Case 630,3,¡¢£,¤,¤,1.0,1.0,0.7,Satisfied
Case 631,3,¢¥¢,¥£¤,£¤,0.6666666666666667,0.6666666666666666,0.7,Satisfied
Case 638,3,¡¢¥,¢¥£¤,£¤,0.5,0.5,0.7,Satisfied
Case 639,3,¡¢¥,£¤,£¤,1.0,1.0,0.7,Satisfied
Case 645,3,¡¢£,¤,¤,1.0,1.0,0.7,Satisfied
Case 65,3,¡¢¥,£¤,£¤,1.0,1.0,0.7,Satisfied
Case 656,3,¡¢¥,££¤,£¤,0.6666666666666667,1.0,0.7,Satisfied
Case 664,3,¡¢¥,£¤,£¤,1.0,1.0,0.7,Satisfied
Case 676,3,¢¥£,¤,¤,1.0,1.0,0.7,Satisfied
Case 679,3,¡¢£,¤,¤,1.0,1.0,0.7,Satisfied
Case 685,3,¢¥£,¤,¤,1.0,1.0,0.7,Satisfied
Case 69,3,¡¢£,¤,¤,1.0,1.0,0.7,Satisfied
Case 691,3,¡¢£,¤,¤,1.0,1.0,0.7,Satisfied
Case 696,3,¡¢£,¤,¤,1.0,1.0,0.7,Satisfied
Case 7,3,¡¡¡,¢£¤,¢£¤,1.0,1.0,0.7,Satisfied
Case 701,3,¡¢£,¤,¤,1.0,1.0,0.7,Satisfied
Case 708,3,¡¢¥,£¤,£¤,1.0,1.0,0.7,Satisfied
Case 728,3,¡¢£,¤,¤,1.0,1.0,0.7,Satisfied
Case 732,3,¡¦¢,¦­®«£¤,¥£¤,0.33333333333333337,0.2857142857142857,0.7,Satisfied
Case 747,3,¡¢¥,£¤,£¤,1.0,1.0,0.7,Satisfied
Case 755,3,¡¢£,¤,¤,1.0,1.0,0.7,Satisfied
Case 757,3,¡¢­,¥£¤,£¤,0.6666666666666667,0.6666666666666666,0.7,Satisfied
Case 769,3,¡¢£,¤,¤,1.0,1.0,0.7,Satisfied
Case 77,3,¡¢¥,£¤,£¤,1.0,1.0,0.7,Satisfied
Case 775,3,¡¢¥,£¤,£¤,1.0,1.0,0.7,Satisfied
Case 780,3,¡¢¥,£¤,£¤,1.0,1.0,0.7,Satisfied
Case 782,3,¡¢¥,£¤,£¤,1.0,1.0,0.7,Satisfied
Case 79,3,¡¢¥,¥£¤,£¤,0.6666666666666667,0.6666666666666666,0.7,Satisfied
Case 80,3,¡¢£,¤,¤,1.0,1.0,0.7,Satisfied
Case 805,3,¡¢¥,£¤,£¤,1.0,1.0,0.7,Satisfied
Case 807,3,¡­£,¤,¤,1.0,1.0,0.7,Satisfied
Case 809,3,¡¢¥,£¤,£¤,1.0,1.0,0.7,Satisfied
Case 82,3,¡¢¥,£¤,£¤,1.0,1.0,0.7,Satisfied
Case 821,3,¡¢£,¤,¤,1.0,1.0,0.7,Satisfied
Case 824,3,¡¢£,¤,¤,1.0,1.0,0.7,Satisfied
Case 825,3,¡¢£,¤,¤,1.0,1.0,0.7,Satisfied
Case 826,3,¡¢¥,£¤,£¤,1.0,1.0,0.7,Satisfied
Case 829,3,¡¢£,¤,¤,1.0,1.0,0.7,Satisfied
Case 83,3,¡¢¥,£¤,£¤,1.0,1.0,0.7,Satisfied
Case 831,3,¡¢¥,£¤,£¤,1.0,1.0,0.7,Satisfied
Case 839,3,¢¥£,¤,¤,1.0,1.0,0.7,Satisfied
Case 841,3,¡¢£,¤,¤,1.0,1.0,0.7,Satisfied
Case 845,3,¡¢¥,£¤,£¤,1.0,1.0,0.7,Satisfied
Case 849,3,¡¢£,¤,¤,1.0,1.0,0.7,Satisfied
Case 856,3,¡¢¥,£¤,£¤,1.0,1.0,0.7,Satisfied
Case 868,3,¡¢¦,£¤,£¤,1.0,1.0,0.7,Satisfied
Case 875,3,¡¢£,¤,¤,1.0,1.0,0.7,Satisfied
Case 876,3,¡¢¥,£¤,£¤,1.0,1.0,0.7,Satisfied
Case 881,3,¡¢¥,£¤,£¤,1.0,1.0,0.7,Satisfied
Case 89,3,¡¢£,¤,¤,1.0,1.0,0.7,Satisfied
Case 894,3,¡¢¥,¥£¤,£¤,0.6666666666666667,0.6666666666666666,0.7,Satisfied
Case 901,3,¡££,¤,¤,1.0,1.0,0.7,Satisfied
Case 906,3,¡¢£,¤,¤,1.0,1.0,0.7,Satisfied
Case 910,3,¡¢£,¤,¤,1.0,1.0,0.7,Satisfied
Case 911,3,¡¢¢,£¤,£¤,1.0,1.0,0.7,Satisfied
Case 930,3,¡¢£,¤,¤,1.0,1.0,0.7,Satisfied
Case 939,3,¡¢¥,¥£¤,£¤,0.6666666666666667,0.6666666666666666,0.7,Satisfied
Case 949,3,¡¢£,¤,¤,1.0,1.0,0.7,Satisfied
Case 951,3,¡¢¥,£¤,£¤,1.0,1.0,0.7,Satisfied
Case 954,3,¡¢£,¤,¤,1.0,1.0,0.7,Satisfied
Case 959,3,¡¢£,¤,¤,1.0,1.0,0.7,Satisfied
Case 961,3,¡¢¥,£¤,£¤,1.0,1.0,0.7,Satisfied
Case 962,3,¡¢£,¤,¤,1.0,1.0,0.7,Satisfied
Case 963,3,¡¢£,¤,¤,1.0,1.0,0.7,Satisfied
Case 964,3,¡¢£,¤,¤,1.0,1.0,0.7,Satisfied
Case 97,3,¡¢£,¤,¤,1.0,1.0,0.7,Satisfied
Case 979,3,¡¢£,¤,¤,1.0,1.0,0.7,Satisfied
Case 980,3,¡¡£,¤,¤,1.0,1.0,0.7,Satisfied
Case 986,3,¡¢¥,£¤,£¤,1.0,1.0,0.7,Satisfied
Case 988,3,¡¢¥,£¤,£¤,1.0,1.0,0.7,Satisfied
Case 989,3,¡¢¥,£¤,£¤,1.0,1.0,0.7,Satisfied
Case 998,3,¡¢¥,£¤,£¤,1.0,1.0,0.7,Satisfied
Case 999,3,¡¢£,¤,¤,1.0,1.0,0.7,Satisfied
Case 1,3,¡¢¢,¥£¤,£¤,0.6666666666666667,0.6666666666666666,0.8,Satisfied
Case 100,3,¡¢­,¥£¤,£¤,0.6666666666666667,0.6666666666666666,0.8,Satisfied
Case 1001,3,¡¢¥,£¤,£¤,1.0,1.0,0.8,Satisfied
Case 1007,3,¡¢¥,£¤,£¤,1.0,1.0,0.8,Satisfied
Case 1010,3,¡¢­,¥£¤,£¤,0.6666666666666667,0.6666666666666666,0.8,Satisfied
Case 1017,3,¡¢¥,£¥£¤,£¤,0.5,0.6666666666666666,0.8,Satisfied
Case 1019,3,¡¢¥,£¤,£¤,1.0,1.0,0.8,Satisfied
Case 1023,3,¡¥£,¥£¤,¤,0.33333333333333337,0.33333333333333326,0.8,Satisfied
Case 1026,3,¡¢­,¥£¤,£¤,0.6666666666666667,0.6666666666666666,0.8,Satisfied
Case 1027,3,¡¢¥,£¤,£¤,1.0,1.0,0.8,Satisfied
Case 1043,3,¡¢¥,£¤,£¤,1.0,1.0,0.8,Satisfied
Case 105,3,¡¢¥,£¤,£¤,1.0,1.0,0.8,Satisfied
Case 1054,3,¡¢¥,£¤,£¤,1.0,1.0,0.8,Satisfied
Case 1057,3,¡¢­,¥£¤,£¤,0.6666666666666667,0.6666666666666666,0.8,Satisfied
Case 106,3,¡¥£,¤,¤,1.0,1.0,0.8,Satisfied
Case 107,3,¡¢¥,£¤,£¤,1.0,1.0,0.8,Satisfied
Case 1070,3,¡¢¥,£¢¥£¤,£¤,0.4,0.5,0.8,Satisfied
Case 1075,3,¡¢¥,£¤,£¤,1.0,1.0,0.8,Satisfied
Case 1079,3,¡¢¥,¥£¤,£¤,0.6666666666666667,0.6666666666666666,0.8,Satisfied
Case 1087,3,¡¢¥,£¢¥£¤,£¤,0.4,0.5,0.8,Satisfied
Case 1088,3,¡¥£,¥£¤,¤,0.33333333333333337,0.33333333333333326,0.8,Satisfied
Case 1096,3,¡¢¥,£¤,£¤,1.0,1.0,0.8,Satisfied
Case 1101,3,¡¢¥,£¤,£¤,1.0,1.0,0.8,Satisfied
Case 1102,3,¡¢¥,£¥£¤,£¤,0.5,0.6666666666666666,0.8,Satisfied
Case 1104,3,¡¢¥,£¤,£¤,1.0,1.0,0.8,Satisfied
Case 1109,3,¡¢¥,£¤,£¤,1.0,1.0,0.8,Satisfied
Case 1110,3,¡¢¥,£¤,£¤,1.0,1.0,0.8,Satisfied
Case 1111,3,¡¢¥,¢£¤,£¤,0.6666666666666667,0.6666666666666666,0.8,Satisfied
Case 1112,3,¡¢¥,¥£¤,£¤,0.6666666666666667,0.6666666666666666,0.8,Satisfied
Case 1113,3,¡¢¥,£¤,£¤,1.0,1.0,0.8,Satisfied
Case 1116,3,¡¢¥,£¤,£¤,1.0,1.0,0.8,Satisfied
Case 1122,3,¡¢¥,£¤,£¤,1.0,1.0,0.8,Satisfied
Case 1124,3,¡¢¥,£¤,£¤,1.0,1.0,0.8,Satisfied
Case 1129,3,¡¢¥,¢£¤,£¤,0.6666666666666667,0.6666666666666666,0.8,Satisfied
Case 114,3,¡¢¥,¢¥£¤,£¤,0.5,0.5,0.8,Satisfied
Case 1142,3,¡¢¥,­¥£¤,£¤,0.5,0.5,0.8,Satisfied
Case 1144,3,¡¥£,¢­¥£¤,¤,0.19999999999999996,0.19999999999999996,0.8,Satisfied
Case 1145,3,¡¢¥,£¤,£¤,1.0,1.0,0.8,Satisfied
Case 115,3,¡¢¥,¥£¤,£¤,0.6666666666666667,0.6666666666666666,0.8,Satisfied
Case 1156,3,¡¢¥,£¤,£¤,1.0,1.0,0.8,Satisfied
Case 1159,3,¡¢¥,£¤,£¤,1.0,1.0,0.8,Satisfied
Case 1164,3,¡¢¥,£¤,£¤,1.0,1.0,0.8,Satisfied
Case 1169,3,¡¥£,¤,¤,1.0,1.0,0.8,Satisfied
Case 1176,3,¡¢¥,£¤,£¤,1.0,1.0,0.8,Satisfied
Case 1179,3,¡¢¥,£¤,£¤,1.0,1.0,0.8,Satisfied
Case 1185,3,¡¢¥,£¤,£¤,1.0,1.0,0.8,Satisfied
Case 1193,3,¡¢¥,£¤,£¤,1.0,1.0,0.8,Satisfied
Case 12,3,¡¢¥,£¤,£¤,1.0,1.0,0.8,Satisfied
Case 1210,3,¡¥£,¤,¤,1.0,1.0,0.8,Satisfied
Case 1221,3,¡¢¥,£¤,£¤,1.0,1.0,0.8,Satisfied
Case 1235,3,¡¢¥,¥£¤,£¤,0.6666666666666667,0.6666666666666666,0.8,Satisfied
Case 1238,3,¡¢¥,­£¤,£¤,0.6666666666666667,0.6666666666666666,0.8,Satisfied
Case 1239,3,¡¢¥,£¤,£¤,1.0,1.0,0.8,Satisfied
Case 1246,3,¡¢¥,£¤,£¤,1.0,1.0,0.8,Satisfied
Case 1249,3,§¥¥,¥¥,¢£¤,0.0,0.0,0.8,Satisfied
Case 1250,3,¢¥£,¢¥£¤,¤,0.25,0.25,0.8,Satisfied
Case 1254,3,¡¡¥,¥£¤,¢£¤,0.6666666666666667,0.5,0.8,Satisfied
Case 1261,3,¢¢¥,£¤,¢£¤,0.6666666666666667,0.6666666666666666,0.8,Satisfied
Case 1269,3,¡¢¢,¥£¤,£¤,0.6666666666666667,0.6666666666666666,0.8,Satisfied
Case 1272,3,¡¢¥,£¤,£¤,1.0,1.0,0.8,Satisfied
Case 1275,3,¡¢¥,£¤,£¤,1.0,1.0,0.8,Satisfied
Case 129,3,¡¥£,¤,¤,1.0,1.0,0.8,Satisfied
Case 1290,3,¡¢¥,£¤,£¤,1.0,1.0,0.8,Satisfied
Case 1292,3,¡¢¥,£¤,£¤,1.0,1.0,0.8,Satisfied
Case 1299,3,¡¢¥,£¤,£¤,1.0,1.0,0.8,Satisfied
Case 13,3,¡¢¥,£¤,£¤,1.0,1.0,0.8,Satisfied
Case 1301,3,¡¢¥,£¤,£¤,1.0,1.0,0.8,Satisfied
Case 1303,3,¡¢­,¥£¤,£¤,0.6666666666666667,0.6666666666666666,0.8,Satisfied
Case 1304,3,¡¢¥,£¤,£¤,1.0,1.0,0.8,Satisfied
Case 1305,3,¡¢¥,£¤,£¤,1.0,1.0,0.8,Satisfied
Case 1309,3,¡¥£,¤,¤,1.0,1.0,0.8,Satisfied
Case 131,3,¡¢¥,£¤,£¤,1.0,1.0,0.8,Satisfied
Case 1313,3,¡¢¥,£¤,£¤,1.0,1.0,0.8,Satisfied
Case 1314,3,¡¢¦,¥£¤,£¤,0.6666666666666667,0.6666666666666666,0.8,Satisfied
Case 1315,3,¡¢¥,£¤,£¤,1.0,1.0,0.8,Satisfied
Case 1318,3,¡¢­,¥£¤,£¤,0.6666666666666667,0.6666666666666666,0.8,Satisfied
Case 1319,3,¡¢¥,£¤,£¤,1.0,1.0,0.8,Satisfied
Case 1323,3,¡¢¥,£¤,£¤,1.0,1.0,0.8,Satisfied
Case 1327,3,¡¥£,¤,¤,1.0,1.0,0.8,Satisfied
Case 1330,3,¡¥£,¥£¤,¤,0.33333333333333337,0.33333333333333326,0.8,Satisfied
Case 1332,3,¡¢¥,£¤,£¤,1.0,1.0,0.8,Satisfied
Case 1338,3,¡¥£,¤,¤,1.0,1.0,0.8,Satisfied
Case 1356,3,¡¢¥,£¤,£¤,1.0,1.0,0.8,Satisfied
Case 1358,3,¡¢¥,£¤,£¤,1.0,1.0,0.8,Satisfied
Case 1364,3,¡¢¥,­­£¤,£¤,0.5,0.6666666666666666,0.8,Satisfied
Case 1366,3,¡¢¥,£¤,£¤,1.0,1.0,0.8,Satisfied
Case 1371,3,¡¥£,¥£¤,¤,0.33333333333333337,0.33333333333333326,0.8,Satisfied
Case 1375,3,¡¢¥,£¤,£¤,1.0,1.0,0.8,Satisfied
Case 1384,3,¡¥£,¥£¤,¤,0.33333333333333337,0.33333333333333326,0.8,Satisfied
Case 1386,3,¡¢¥,£¥£¤,£¤,0.5,0.6666666666666666,0.8,Satisfied
Case 1387,3,¡¢¥,£¤,£¤,1.0,1.0,0.8,Satisfied
Case 1388,3,¡¢­,­¥£¤,£¤,0.5,0.5,0.8,Satisfied
Case 1393,3,¡¡¢,¥£¤,£¤,0.6666666666666667,0.6666666666666666,0.8,Satisfied
Case 1396,3,¡¢¥,£¤,£¤,1.0,1.0,0.8,Satisfied
Case 1397,3,¡¢¥,£¤,£¤,1.0,1.0,0.8,Satisfied
Case 1398,3,¡¢¥,£¤,£¤,1.0,1.0,0.8,Satisfied
Case 140,3,¡¢¥,£¤,£¤,1.0,1.0,0.8,Satisfied
Case 1407,3,¡¢¥,¢¥£¤,£¤,0.5,0.5,0.8,Satisfied
Case 1409,3,¡¢¥,£¤,£¤,1.0,1.0,0.8,Satisfied
Case 1420,3,¡¢¨,¥£¤,£¤,0.6666666666666667,0.6666666666666666,0.8,Satisfied
Case 143,3,¡¢¥,£¤,£¤,1.0,1.0,0.8,Satisfied
Case 1432,3,¡¢¥,£¤,£¤,1.0,1.0,0.8,Satisfied
Case 1433,3,¡¢¥,£¤,£¤,1.0,1.0,0.8,Satisfied
Case 144,3,¡¢¥,£¤,£¤,1.0,1.0,0.8,Satisfied
Case 1441,3,¡¢¥,£¤,£¤,1.0,1.0,0.8,Satisfied
Case 1445,3,¡¢¥,£¤,£¤,1.0,1.0,0.8,Satisfied
Case 1449,3,¡¥¢,¥£¤,£¤,0.6666666666666667,0.6666666666666666,0.8,Satisfied
Case 145,3,¡¢­,¥£¤,£¤,0.6666666666666667,0.6666666666666666,0.8,Satisfied
Case 1450,3,¡¢¥,£¤,£¤,1.0,1.0,0.8,Satisfied
Case 1451,3,¡¢­,¥£¥£¤,£¤,0.4,0.6666666666666666,0.8,Satisfied
Case 1457,3,¡¢¥,£¤,£¤,1.0,1.0,0.8,Satisfied
Case 1460,3,¡¢¥,¢¥£¤,£¤,0.5,0.5,0.8,Satisfied
Case 1464,3,¡¢¥,£¤,£¤,1.0,1.0,0.8,Satisfied
Case 1465,3,¡¢¥,£¤,£¤,1.0,1.0,0.8,Satisfied
Case 1466,3,¡¢¥,£¤,£¤,1.0,1.0,0.8,Satisfied
Case 147,3,¡¢¥,£¤,£¤,1.0,1.0,0.8,Satisfied
Case 1471,3,¡¢­,¥£¤,£¤,0.6666666666666667,0.6666666666666666,0.8,Satisfied
Case 1478,3,¡¡¢,¥¢¥£¤,£¤,0.4,0.5,0.8,Satisfied
Case 1484,3,¡¢¥,£¤,£¤,1.0,1.0,0.8,Satisfied
Case 1487,3,¡¢¥,£¤,£¤,1.0,1.0,0.8,Satisfied
Case 1495,3,¡¢­,­¥£¤,£¤,0.5,0.5,0.8,Satisfied
Case 15,3,¡¡¢,¥£¤,£¤,0.6666666666666667,0.6666666666666666,0.8,Satisfied
Case 1500,3,¡¥£,¥£¤,¤,0.33333333333333337,0.33333333333333326,0.8,Satisfied
Case 1501,3,¢¥£,¥£¤,¤,0.33333333333333337,0.33333333333333326,0.8,Satisfied
Case 1506,3,¡¥¥,¢£¥£¤,¢£¤,0.6,0.75,0.8,Satisfied
Case 1507,3,¡¢¥,£¤,£¤,1.0,1.0,0.8,Satisfied
Case 1509,3,¡¢¥,£¤,£¤,1.0,1.0,0.8,Satisfied
Case 1510,3,¡¢¥,£¤,£¤,1.0,1.0,0.8,Satisfied
Case 1519,3,¡¥£,¥£¤,¤,0.33333333333333337,0.33333333333333326,0.8,Satisfied
Case 1535,3,¡¡¡,¥£¤,¢£¤,0.6666666666666667,0.5,0.8,Satisfied
Case 154,3,¡¢¥,£¤,£¤,1.0,1.0,0.8,Satisfied
Case 1543,3,¡¢¥,£¤,£¤,1.0,1.0,0.8,Satisfied
Case 1553,3,¡¢¥,£¤,£¤,1.0,1.0,0.8,Satisfied
Case 156,3,¡¢¥,£¤,£¤,1.0,1.0,0.8,Satisfied
Case 1562,3,¡¢¥,£¤,£¤,1.0,1.0,0.8,Satisfied
Case 1570,3,¡¢¥,£¤,£¤,1.0,1.0,0.8,Satisfied
Case 1571,3,¡¢¥,¥¥¥¥,£¤,0.0,0.0,0.8,Satisfied
Case 1574,3,¡¢¥,£¤,£¤,1.0,1.0,0.8,Satisfied
Case 1577,3,§¡¡,¢¥£¤,¢£¤,0.75,0.75,0.8,Satisfied
Case 1580,3,¡¢¥,£¤,£¤,1.0,1.0,0.8,Satisfied
Case 1587,3,¡¢¥,£¤,£¤,1.0,1.0,0.8,Satisfied
Case 1603,3,¡¥£,¥£¤,¤,0.33333333333333337,0.33333333333333326,0.8,Satisfied
Case 1604,3,¡¢¥,£¤,£¤,1.0,1.0,0.8,Satisfied
Case 1605,3,¡¢¢,¥£¤,£¤,0.6666666666666667,0.6666666666666666,0.8,Satisfied
Case 1609,3,¡¢¥,£¤,£¤,1.0,1.0,0.8,Satisfied
Case 1610,3,¡¢¥,£¤,£¤,1.0,1.0,0.8,Satisfied
Case 1615,3,¡¢¥,£¤,£¤,1.0,1.0,0.8,Satisfied
Case 1650,3,¡¦¦,¬¬­¥£¤,¥£¤,0.5,0.6,0.8,Satisfied
Case 1655,3,¡¢¥,£¤,£¤,1.0,1.0,0.8,Satisfied
Case 1658,3,¡¢­,¥£¤,£¤,0.6666666666666667,0.6666666666666666,0.8,Satisfied
Case 1663,3,¡¥£,¤,¤,1.0,1.0,0.8,Satisfied
Case 1664,3,¢¥£,¤,¤,1.0,1.0,0.8,Satisfied
Case 1671,3,¡¢¥,£¤,£¤,1.0,1.0,0.8,Satisfied
Case 1674,3,¡¢¥,£¤,£¤,1.0,1.0,0.8,Satisfied
Case 1675,3,¡¢¥,£¤,£¤,1.0,1.0,0.8,Satisfied
Case 1679,3,¡¢¥,£¤,£¤,1.0,1.0,0.8,Satisfied
Case 1681,3,¡¢¥,£¤,£¤,1.0,1.0,0.8,Satisfied
Case 1682,3,¡¢¥,£¤,£¤,1.0,1.0,0.8,Satisfied
Case 169,3,¡¥£,¤,¤,1.0,1.0,0.8,Satisfied
Case 1691,3,§¡¢,¥£¤,¥£¤,1.0,1.0,0.8,Satisfied
Case 1697,3,¡¢¥,£¤,£¤,1.0,1.0,0.8,Satisfied
Case 1704,3,¡¢¥,£¤,£¤,1.0,1.0,0.8,Satisfied
Case 1709,3,¡¢¥,£¤,£¤,1.0,1.0,0.8,Satisfied
Case 1711,3,¡¢¥,£¤,£¤,1.0,1.0,0.8,Satisfied
Case 1718,3,¡¢¥,£¤,£¤,1.0,1.0,0.8,Satisfied
Case 1723,3,¡¢¥,£¤,£¤,1.0,1.0,0.8,Satisfied
Case 1730,3,¡¢¥,£¤,£¤,1.0,1.0,0.8,Satisfied
Case 1735,3,¡­¥,£¥£¤,£¤,0.5,0.6666666666666666,0.8,Satisfied
Case 1746,3,¡¢¥,£¤,£¤,1.0,1.0,0.8,Satisfied
Case 1754,3,¡¢¥,£¤,£¤,1.0,1.0,0.8,Satisfied
Case 1760,3,¡¢¥,£¢¥¢£¤,£¤,0.33333333333333337,0.5,0.8,Satisfied
Case 1761,3,¡¢¥,£¤,£¤,1.0,1.0,0.8,Satisfied
Case 1764,3,¡­¥,£¥£¤,£¤,0.5,0.6666666666666666,0.8,Satisfied
Case 1771,3,¡¢¥,£¤,£¤,1.0,1.0,0.8,Satisfied
Case 1772,3,¡¢¥,£¤,£¤,1.0,1.0,0.8,Satisfied
Case 1776,3,¡¢¥,£¤,£¤,1.0,1.0,0.8,Satisfied
Case 1777,3,¡¢¥,£¤,£¤,1.0,1.0,0.8,Satisfied
Case 1787,3,¡¢¥,¥£¥£¤,£¤,0.4,0.6666666666666666,0.8,Satisfied
Case 1788,3,¡¢¥,£¤,£¤,1.0,1.0,0.8,Satisfied
Case 1791,3,¡¢¥,£¤,£¤,1.0,1.0,0.8,Satisfied
Case 1792,3,¡¢¥,£¤,£¤,1.0,1.0,0.8,Satisfied
Case 1795,3,¡¢¥,£¤,£¤,1.0,1.0,0.8,Satisfied
Case 1799,3,¡¢­,¥£¤,£¤,0.6666666666666667,0.6666666666666666,0.8,Satisfied
Case 18,3,¡¢¥,£¥£¤,£¤,0.5,0.6666666666666666,0.8,Satisfied
Case 1812,3,¡¢¥,£¤,£¤,1.0,1.0,0.8,Satisfied
Case 1813,3,¡¢¥,£¤,£¤,1.0,1.0,0.8,Satisfied
Case 1814,3,¡¢¥,£¤,£¤,1.0,1.0,0.8,Satisfied
Case 1815,3,¡¢¥,£¤,£¤,1.0,1.0,0.8,Satisfied
Case 1817,3,¡¢¥,£¤,£¤,1.0,1.0,0.8,Satisfied
Case 1823,3,¡¢¥,£¤,£¤,1.0,1.0,0.8,Satisfied
Case 1826,3,¡¢¥,£¤,£¤,1.0,1.0,0.8,Satisfied
Case 1828,3,¡¢¥,£¤,£¤,1.0,1.0,0.8,Satisfied
Case 1831,3,¡¢¥,£¤,£¤,1.0,1.0,0.8,Satisfied
Case 184,3,¡¢¢,¥£¤,£¤,0.6666666666666667,0.6666666666666666,0.8,Satisfied
Case 1843,3,¡¡¥,£¤,¢£¤,0.6666666666666667,0.6666666666666666,0.8,Satisfied
Case 1848,3,¡¢¥,£¤,£¤,1.0,1.0,0.8,Satisfied
Case 1858,3,¡¥£,¤,¤,1.0,1.0,0.8,Satisfied
Case 1860,3,¡¢¥,£¤,£¤,1.0,1.0,0.8,Satisfied
Case 1868,3,¡¢¥,£¤,£¤,1.0,1.0,0.8,Satisfied
Case 1869,3,¡¢¥,£¤,£¤,1.0,1.0,0.8,Satisfied
Case 1874,3,§¡¢,¥£¤,¥£¤,1.0,1.0,0.8,Satisfied
Case 1882,3,¡¢¥,£¤,£¤,1.0,1.0,0.8,Satisfied
Case 1884,3,¡¢¥,£¤,£¤,1.0,1.0,0.8,Satisfied
Case 1887,3,¡¢¥,£¤,£¤,1.0,1.0,0.8,Satisfied
Case 1892,3,¡¢¥,£¤,£¤,1.0,1.0,0.8,Satisfied
Case 1894,3,¡¢¥,£¤,£¤,1.0,1.0,0.8,Satisfied
Case 1900,3,¡¢¥,£¤,£¤,1.0,1.0,0.8,Satisfied
Case 1901,3,¡¢¥,£¤,£¤,1.0,1.0,0.8,Satisfied
Case 1903,3,¡¢¥,£¤,£¤,1.0,1.0,0.8,Satisfied
Case 191,3,¡¡¢,¥£¤,£¤,0.6666666666666667,0.6666666666666666,0.8,Satisfied
Case 1915,3,¡¢¥,£¤,£¤,1.0,1.0,0.8,Satisfied
Case 1916,3,¡¢¥,£¤,£¤,1.0,1.0,0.8,Satisfied
Case 1918,3,¡¥£,¤,¤,1.0,1.0,0.8,Satisfied
Case 192,3,¡¡¢,¥£¤¢¥£¤,£¤,0.2857142857142857,0.5,0.8,Satisfied
Case 1924,3,¡¢¥,£¤,£¤,1.0,1.0,0.8,Satisfied
Case 193,3,¡¢¥,£¤,£¤,1.0,1.0,0.8,Satisfied
Case 1946,3,¡¢¥,£¤,£¤,1.0,1.0,0.8,Satisfied
Case 1961,3,¡¢¥,£¤,£¤,1.0,1.0,0.8,Satisfied
Case 1968,3,¡¢¥,£¤,£¤,1.0,1.0,0.8,Satisfied
Case 1975,3,¡¢¥,£¤,£¤,1.0,1.0,0.8,Satisfied
Case 1978,3,¡¥¢,¥£¤,£¤,0.6666666666666667,0.6666666666666666,0.8,Satisfied
Case 1980,3,¡¢¥,£¤,£¤,1.0,1.0,0.8,Satisfied
Case 1987,3,¡¥£,¤,¤,1.0,1.0,0.8,Satisfied
Case 20,3,¡¢¥,£¤,£¤,1.0,1.0,0.8,Satisfied
Case 2007,3,¡¢­,¥£¥£¤,£¤,0.4,0.6666666666666666,0.8,Satisfied
Case 2013,3,¡¢¥,£¤,£¤,1.0,1.0,0.8,Satisfied
Case 202,3,¡¢¥,£¤,£¤,1.0,1.0,0.8,Satisfied
Case 2021,3,¡¢¥,£¤,£¤,1.0,1.0,0.8,Satisfied
Case 2022,3,¡¡¡,¥£¤,¢£¤,0.6666666666666667,0.5,0.8,Satisfied
Case 2035,3,¡¢¦,­¥£¤,£¤,0.5,0.5,0.8,Satisfied
Case 2037,3,¡¥£,¤,¤,1.0,1.0,0.8,Satisfied
Case 2050,3,¡¢¥,£¤,£¤,1.0,1.0,0.8,Satisfied
Case 2059,3,¡¢¥,£¤,£¤,1.0,1.0,0.8,Satisfied
Case 2062,3,¡¢¥,£¤,£¤,1.0,1.0,0.8,Satisfied
Case 2068,3,¡¢¥,£¤,£¤,1.0,1.0,0.8,Satisfied
Case 2074,3,¡¢¥,£¤,£¤,1.0,1.0,0.8,Satisfied
Case 2081,3,¡¢­,¥£¤,£¤,0.6666666666666667,0.6666666666666666,0.8,Satisfied
Case 2083,3,¡¢¥,£¤,£¤,1.0,1.0,0.8,Satisfied
Case 2092,3,¡¢¥,£¤,£¤,1.0,1.0,0.8,Satisfied
Case 2093,3,¡¢¥,£¤,£¤,1.0,1.0,0.8,Satisfied
Case 2097,3,¡¢¥,£¤,£¤,1.0,1.0,0.8,Satisfied
Case 210,3,¡¢¥,£¤,£¤,1.0,1.0,0.8,Satisfied
Case 2103,3,¡¢¥,£¤,£¤,1.0,1.0,0.8,Satisfied
Case 2104,3,¡¢­,¥£¤,£¤,0.6666666666666667,0.6666666666666666,0.8,Satisfied
Case 2105,3,¡¢¥,£¤,£¤,1.0,1.0,0.8,Satisfied
Case 2108,3,¡¢¥,£¤,£¤,1.0,1.0,0.8,Satisfied
Case 211,3,¡¥£,¤,¤,1.0,1.0,0.8,Satisfied
Case 2112,3,¡¢¥,£¤,£¤,1.0,1.0,0.8,Satisfied
Case 2117,3,¡¥¥,£¢¥£¥£¤,¢£¤,0.4285714285714286,0.75,0.8,Satisfied
Case 2121,3,¡¢¥,£¤,£¤,1.0,1.0,0.8,Satisfied
Case 2123,3,¡¡¢,¥£¥£¤,£¤,0.4,0.6666666666666666,0.8,Satisfied
Case 2125,3,¡¢¥,­,£¤,0.0,0.0,0.8,Satisfied
Case 2126,3,¡¢¥,£¤,£¤,1.0,1.0,0.8,Satisfied
Case 2134,3,¡¥¢,£¤,£¤,1.0,1.0,0.8,Satisfied
Case 2141,3,¡¢¥,£¤,£¤,1.0,1.0,0.8,Satisfied
Case 2142,3,¡¢¥,£¤,£¤,1.0,1.0,0.8,Satisfied
Case 2143,3,¡¢­,¥£¤,£¤,0.6666666666666667,0.6666666666666666,0.8,Satisfied
Case 2152,3,¡¢¥,£¤,£¤,1.0,1.0,0.8,Satisfied
Case 2156,3,¡¢¥,£¤,£¤,1.0,1.0,0.8,Satisfied
Case 2157,3,¡¥£,¥£¤,¤,0.33333333333333337,0.33333333333333326,0.8,Satisfied
Case 2163,3,¡¢¥,£¤,£¤,1.0,1.0,0.8,Satisfied
Case 2167,3,¡¢¥,£¤,£¤,1.0,1.0,0.8,Satisfied
Case 2168,3,¡¢¥,¥£¤,£¤,0.6666666666666667,0.6666666666666666,0.8,Satisfied
Case 2172,3,¡¢¥,£¤,£¤,1.0,1.0,0.8,Satisfied
Case 2176,3,¡¢¥,£¤,£¤,1.0,1.0,0.8,Satisfied
Case 2177,3,¡¥¥,£¤,¢£¤,0.6666666666666667,0.6666666666666666,0.8,Satisfied
Case 2183,3,¡¢¥,£¤,£¤,1.0,1.0,0.8,Satisfied
Case 2187,3,¡¢¥,£¤,£¤,1.0,1.0,0.8,Satisfied
Case 2191,3,¡¢¥,£¤,£¤,1.0,1.0,0.8,Satisfied
Case 2197,3,¡¢¥,£¤,£¤,1.0,1.0,0.8,Satisfied
Case 2201,3,¡¢¥,£¤,£¤,1.0,1.0,0.8,Satisfied
Case 2203,3,¡¢¥,£¤,£¤,1.0,1.0,0.8,Satisfied
Case 2210,3,¡¢¥,£¤,£¤,1.0,1.0,0.8,Satisfied
Case 2211,3,¡¢¥,£¤,£¤,1.0,1.0,0.8,Satisfied
Case 2215,3,¡¢¥,£¤,£¤,1.0,1.0,0.8,Satisfied
Case 2219,3,¡¢¥,¢£¤,£¤,0.6666666666666667,0.6666666666666666,0.8,Satisfied
Case 2220,3,¡¢¥,£¤,£¤,1.0,1.0,0.8,Satisfied
Case 2227,3,¡¥£,¥£¤,¤,0.33333333333333337,0.33333333333333326,0.8,Satisfied
Case 2228,3,¡¢¥,£¤,£¤,1.0,1.0,0.8,Satisfied
Case 2229,3,¡¥£,¤,¤,1.0,1.0,0.8,Satisfied
Case 2232,3,¡¥£,¤,¤,1.0,1.0,0.8,Satisfied
Case 2236,3,¡¢¥,£¤,£¤,1.0,1.0,0.8,Satisfied
Case 2239,3,¡¢¥,£¥£¢¥£¤,£¤,0.2857142857142857,0.5,0.8,Satisfied
Case 2245,3,¡¢¥,£¤,£¤,1.0,1.0,0.8,Satisfied
Case 2253,3,¢¥£,¤,¤,1.0,1.0,0.8,Satisfied
Case 2256,3,¡¥£,¤,¤,1.0,1.0,0.8,Satisfied
Case 2267,3,¡¢¥,£¤,£¤,1.0,1.0,0.8,Satisfied
Case 2268,3,¡¢¥,£¤,£¤,1.0,1.0,0.8,Satisfied
Case 2279,3,¡¢¥,£¤,£¤,1.0,1.0,0.8,Satisfied
Case 2285,3,¡¥¢,¥£¤,£¤,0.6666666666666667,0.6666666666666666,0.8,Satisfied
Case 2290,3,¡¢¥,£¤,£¤,1.0,1.0,0.8,Satisfied
Case 2296,3,¡¢¥,£¤,£¤,1.0,1.0,0.8,Satisfied
Case 23,3,¡¢¥,£¤,£¤,1.0,1.0,0.8,Satisfied
Case 230,3,¡¡¢,¥£¤,£¤,0.6666666666666667,0.6666666666666666,0.8,Satisfied
Case 2300,3,¡¢­,­¦­,£¤,0.0,0.0,0.8,Satisfied
Case 2302,3,¡¢¥,£¤,£¤,1.0,1.0,0.8,Satisfied
Case 2308,3,¡¢¥,£¤,£¤,1.0,1.0,0.8,Satisfied
Case 2315,3,¡¢¥,£¤,£¤,1.0,1.0,0.8,Satisfied
Case 232,3,¡¢¥,¥£¥£¤,£¤,0.4,0.6666666666666666,0.8,Satisfied
Case 2322,3,¡¢¥,£¤,£¤,1.0,1.0,0.8,Satisfied
Case 2328,3,¡¢¥,£¤,£¤,1.0,1.0,0.8,Satisfied
Case 233,3,¡¢¥,£¤,£¤,1.0,1.0,0.8,Satisfied
Case 2330,3,¡¢¥,£¤,£¤,1.0,1.0,0.8,Satisfied
Case 2335,3,¡¢¥,£¤,£¤,1.0,1.0,0.8,Satisfied
Case 2342,3,¡¢¥,¥£¤,£¤,0.6666666666666667,0.6666666666666666,0.8,Satisfied
Case 2346,3,§¡¢,¥£¤,¥£¤,1.0,1.0,0.8,Satisfied
Case 2348,3,¡¢¥,£¤,£¤,1.0,1.0,0.8,Satisfied
Case 235,3,§¡¢,¥£¤,¥£¤,1.0,1.0,0.8,Satisfied
Case 2356,3,¡¢¥,¥£¤,£¤,0.6666666666666667,0.6666666666666666,0.8,Satisfied
Case 2362,3,¢¥£,¤,¤,1.0,1.0,0.8,Satisfied
Case 2367,3,¡¢¥,£¤,£¤,1.0,1.0,0.8,Satisfied
Case 2368,3,¡¢¥,£¥£¥£­¢¥£¤,£¤,0.19999999999999996,0.4,0.8,Satisfied
Case 237,3,¡¢­,¥£¤,£¤,0.6666666666666667,0.6666666666666666,0.8,Satisfied
Case 2374,3,¡¢¥,£¤,£¤,1.0,1.0,0.8,Satisfied
Case 2375,3,¡¡¡,¢¥£¤,¢£¤,0.75,0.75,0.8,Satisfied
Case 2380,3,¡¢¥,¢£¤,£¤,0.6666666666666667,0.6666666666666666,0.8,Satisfied
Case 2381,3,¡¡¡,¥£¥£¤,¢£¤,0.4,0.5,0.8,Satisfied
Case 2390,3,¡¢¥,£¤,£¤,1.0,1.0,0.8,Satisfied
Case 2391,3,¡¢¥,£¤,£¤,1.0,1.0,0.8,Satisfied
Case 2398,3,¡¢¥,£¤,£¤,1.0,1.0,0.8,Satisfied
Case 2399,3,¡¢¢,¥£¤,£¤,0.6666666666666667,0.6666666666666666,0.8,Satisfied
Case 2403,3,¡¢¥,£¤,£¤,1.0,1.0,0.8,Satisfied
Case 2415,3,¡¢¥,£¤,£¤,1.0,1.0,0.8,Satisfied
Case 2417,3,¡¢¥,­£¤,£¤,0.6666666666666667,0.6666666666666666,0.8,Satisfied
Case 242,3,¡¢¥,£¤,£¤,1.0,1.0,0.8,Satisfied
Case 2431,3,¡¢¥,£¤,£¤,1.0,1.0,0.8,Satisfied
Case 2432,3,¡¢¥,£¤,£¤,1.0,1.0,0.8,Satisfied
Case 2436,3,¡¥£,¤¢,¤,0.5,0.5,0.8,Satisfied
Case 2447,3,¡¢¢,¥£¤,£¤,0.6666666666666667,0.6666666666666666,0.8,Satisfied
Case 2448,3,¡¢¥,£¤,£¤,1.0,1.0,0.8,Satisfied
Case 2451,3,¡¢¦,­­¥£,£¤,0.0,0.25,0.8,Satisfied
Case 2452,3,¡¢¥,£¤,£¤,1.0,1.0,0.8,Satisfied
Case 2455,3,¡¢¥,£¤,£¤,1.0,1.0,0.8,Satisfied
Case 2458,3,¡¢¥,£¤,£¤,1.0,1.0,0.8,Satisfied
Case 2465,3,¡¢¥,£¤,£¤,1.0,1.0,0.8,Satisfied
Case 2466,3,¡¢­,­¥£¤,£¤,0.5,0.5,0.8,Satisfied
Case 247,3,§¢¥,£¤,£¤,1.0,1.0,0.8,Satisfied
Case 2473,3,¡¢¥,¢¥£¤,£¤,0.5,0.5,0.8,Satisfied
Case 2474,3,¡¢¥,£¤,£¤,1.0,1.0,0.8,Satisfied
Case 2476,3,¡¢­,¥£¤,£¤,0.6666666666666667,0.6666666666666666,0.8,Satisfied
Case 2481,3,¡¢­,¥£¤,£¤,0.6666666666666667,0.6666666666666666,0.8,Satisfied
Case 2490,3,¡¡¢,¥£¤,£¤,0.6666666666666667,0.6666666666666666,0.8,Satisfied
Case 2492,3,¡¢¥,£¤,£¤,1.0,1.0,0.8,Satisfied
Case 2498,3,¡¢¥,£¤,£¤,1.0,1.0,0.8,Satisfied
Case 2499,3,¡¢¥,£¤,£¤,1.0,1.0,0.8,Satisfied
Case 2504,3,¡¢¥,£¤,£¤,1.0,1.0,0.8,Satisfied
Case 2508,3,¡¢¥,£¤,£¤,1.0,1.0,0.8,Satisfied
Case 2512,3,¡¢¥,£¥£¤,£¤,0.5,0.6666666666666666,0.8,Satisfied
Case 2514,3,¡¢¥,¥£¤,£¤,0.6666666666666667,0.6666666666666666,0.8,Satisfied
Case 2522,3,¡¢¥,£¥£¤,£¤,0.5,0.6666666666666666,0.8,Satisfied
Case 253,3,¡¢¥,£¤,£¤,1.0,1.0,0.8,Satisfied
Case 2530,3,¡¢¥,£¤,£¤,1.0,1.0,0.8,Satisfied
Case 2534,3,¡¢¥,£¤,£¤,1.0,1.0,0.8,Satisfied
Case 2541,3,¢¥£,¤,¤,1.0,1.0,0.8,Satisfied
Case 2550,3,¡¢¥,¥£¥£¤,£¤,0.4,0.6666666666666666,0.8,Satisfied
Case 2555,3,¡¢¥,£¤,£¤,1.0,1.0,0.8,Satisfied
Case 2558,3,¡¢¥,£¤,£¤,1.0,1.0,0.8,Satisfied
Case 2569,3,¡¢¥,£¤,£¤,1.0,1.0,0.8,Satisfied
Case 2571,3,¡¢¥,£¤,£¤,1.0,1.0,0.8,Satisfied
Case 2577,3,¡¢¥,£¤,£¤,1.0,1.0,0.8,Satisfied
Case 2581,3,¡¡¢,¥£¤,£¤,0.6666666666666667,0.6666666666666666,0.8,Satisfied
Case 2585,3,¡¢¥,£¤,£¤,1.0,1.0,0.8,Satisfied
Case 2591,3,¡¢¥,£¤,£¤,1.0,1.0,0.8,Satisfied
Case 2593,3,¡­¥,£¤,£¤,1.0,1.0,0.8,Satisfied
Case 2596,3,¡¢¥,£¤,£¤,1.0,1.0,0.8,Satisfied
Case 2598,3,¡¢¥,£¤,£¤,1.0,1.0,0.8,Satisfied
Case 2599,3,¡¢¥,£¤,£¤,1.0,1.0,0.8,Satisfied
Case 2603,3,¡¢¥,£¤,£¤,1.0,1.0,0.8,Satisfied
Case 2607,3,¡¢¥,£¤,£¤,1.0,1.0,0.8,Satisfied
Case 2609,3,¡¢¥,£¤,£¤,1.0,1.0,0.8,Satisfied
Case 261,3,¡¢¥,£¤,£¤,1.0,1.0,0.8,Satisfied
Case 2611,3,¡¢¥,£¤,£¤,1.0,1.0,0.8,Satisfied
Case 2613,3,¡¢¥,¥¥£¥£¤,£¤,0.33333333333333337,0.6666666666666666,0.8,Satisfied
Case 2614,3,¡¢¥,£¤,£¤,1.0,1.0,0.8,Satisfied
Case 2616,3,¡¥£,¤,¤,1.0,1.0,0.8,Satisfied
Case 262,3,¡¢¥,£¥£¤,£¤,0.5,0.6666666666666666,0.8,Satisfied
Case 2620,3,¡¢­,¥£¤,£¤,0.6666666666666667,0.6666666666666666,0.8,Satisfied
Case 2622,3,¢¥£,¤,¤,1.0,1.0,0.8,Satisfied
Case 2625,3,¡¢¥,£¤,£¤,1.0,1.0,0.8,Satisfied
Case 2631,3,¡¢¥,£¤,£¤,1.0,1.0,0.8,Satisfied
Case 2634,3,¡¢¥,£¤,£¤,1.0,1.0,0.8,Satisfied
Case 2643,3,¡¥£,¤,¤,1.0,1.0,0.8,Satisfied
Case 265,3,¡¢¥,£¤,£¤,1.0,1.0,0.8,Satisfied
Case 2659,3,¡¢¥,¥¢£¤,£¤,0.5,0.5,0.8,Satisfied
Case 2665,3,¡¢¥,£¤,£¤,1.0,1.0,0.8,Satisfied
Case 2666,3,¡¡¢,¥¥£¤,£¤,0.5,0.6666666666666666,0.8,Satisfied
Case 2667,3,¡¢¥,¥£¢¥£¤,£¤,0.33333333333333337,0.5,0.8,Satisfied
Case 2668,3,¡¡¢,­¥£¤,£¤,0.5,0.5,0.8,Satisfied
Case 2674,3,¡¢¥,¢£¤,£¤,0.6666666666666667,0.6666666666666666,0.8,Satisfied
Case 2676,3,¡¢¥,£¤,£¤,1.0,1.0,0.8,Satisfied
Case 2681,3,¡¢¥,£¤,£¤,1.0,1.0,0.8,Satisfied
Case 2686,3,¢¥£,¤,¤,1.0,1.0,0.8,Satisfied
Case 2700,3,¡¢¥,£¤,£¤,1.0,1.0,0.8,Satisfied
Case 2713,3,¡¢¥,£¤,£¤,1.0,1.0,0.8,Satisfied
Case 2714,3,¡¢¥,£¤,£¤,1.0,1.0,0.8,Satisfied
Case 2716,3,¡¢¥,£¤,£¤,1.0,1.0,0.8,Satisfied
Case 2720,3,¡¢­,¥£¤,£¤,0.6666666666666667,0.6666666666666666,0.8,Satisfied
Case 2721,3,¡¢¥,£¤,£¤,1.0,1.0,0.8,Satisfied
Case 2734,3,¡¢¥,£¤,£¤,1.0,1.0,0.8,Satisfied
Case 2741,3,¡¢¥,£¤,£¤,1.0,1.0,0.8,Satisfied
Case 2765,3,¡¢¥,¥£¤,£¤,0.6666666666666667,0.6666666666666666,0.8,Satisfied
Case 2770,3,¡¢¥,£¤,£¤,1.0,1.0,0.8,Satisfied
Case 2774,3,¡¥£,¥£¢¥£¤,¤,0.16666666666666663,0.25,0.8,Satisfied
Case 2776,3,¢¥¢,¥£¤,£¤,0.6666666666666667,0.6666666666666666,0.8,Satisfied
Case 2777,3,¡¢¥,£¤,£¤,1.0,1.0,0.8,Satisfied
Case 2788,3,¡¢¥,£¤,£¤,1.0,1.0,0.8,Satisfied
Case 2789,3,¡¢¥,£¤,£¤,1.0,1.0,0.8,Satisfied
Case 2791,3,¡¢¥,£¤,£¤,1.0,1.0,0.8,Satisfied
Case 2797,3,¢¥£,¤,¤,1.0,1.0,0.8,Satisfied
Case 28,3,¡¢¦,­­¥£,£¤,0.0,0.25,0.8,Satisfied
Case 2814,3,¡¢¥,£¤,£¤,1.0,1.0,0.8,Satisfied
Case 282,3,¡¢¥,£¤,£¤,1.0,1.0,0.8,Satisfied
Case 2826,3,¡¢¥,£¤,£¤,1.0,1.0,0.8,Satisfied
Case 2834,3,¡¢¥,£¤,£¤,1.0,1.0,0.8,Satisfied
Case 2839,3,¡¢¥,£¤,£¤,1.0,1.0,0.8,Satisfied
Case 2847,3,¡¢¥,£¤,£¤,1.0,1.0,0.8,Satisfied
Case 2848,3,¡¢¥,£¤,£¤,1.0,1.0,0.8,Satisfied
Case 2849,3,¡¥£,¥£¤,¤,0.33333333333333337,0.33333333333333326,0.8,Satisfied
Case 2851,3,¡¢¥,£¤,£¤,1.0,1.0,0.8,Satisfied
Case 2854,3,¡¢¥,£¤,£¤,1.0,1.0,0.8,Satisfied
Case 286,3,¡¢¥,£¤,£¤,1.0,1.0,0.8,Satisfied
Case 2860,3,¡¢¥,£¤,£¤,1.0,1.0,0.8,Satisfied
Case 2866,3,¡¢¥,£¤,£¤,1.0,1.0,0.8,Satisfied
Case 2873,3,¡¢¥,£¤,£¤,1.0,1.0,0.8,Satisfied
Case 2875,3,¡¢¥,£¤,£¤,1.0,1.0,0.8,Satisfied
Case 2881,3,¡­­,¥£¤,¥£¤,1.0,1.0,0.8,Satisfied
Case 2891,3,¡¢¥,£¤,£¤,1.0,1.0,0.8,Satisfied
Case 2897,3,¡¢­,¢¥£¤,£¤,0.5,0.5,0.8,Satisfied
Case 2905,3,¡¢¥,£¤,£¤,1.0,1.0,0.8,Satisfied
Case 2908,3,¡¢¥,£¤,£¤,1.0,1.0,0.8,Satisfied
Case 2910,3,¡¢¥,£¤,£¤,1.0,1.0,0.8,Satisfied
Case 2918,3,¡¢­,¢¥£¤,£¤,0.5,0.5,0.8,Satisfied
Case 292,3,¡¢¥,£¤,£¤,1.0,1.0,0.8,Satisfied
Case 2931,3,¡¢¥,­£¥£¤,£¤,0.4,0.5,0.8,Satisfied
Case 2932,3,¡¢¥,£¤,£¤,1.0,1.0,0.8,Satisfied
Case 2934,3,¡¢¥,£¤,£¤,1.0,1.0,0.8,Satisfied
Case 2949,3,¡¢¥,£¤,£¤,1.0,1.0,0.8,Satisfied
Case 2956,3,¡¥£,¤,¤,1.0,1.0,0.8,Satisfied
Case 296,3,¡¢¥,£¤,£¤,1.0,1.0,0.8,Satisfied
Case 2962,3,¡¢¥,£¤,£¤,1.0,1.0,0.8,Satisfied
Case 2964,3,¡¢¥,£¤,£¤,1.0,1.0,0.8,Satisfied
Case 2966,3,¡¢¥,£¤,£¤,1.0,1.0,0.8,Satisfied
Case 2968,3,¡¢¥,£¤,£¤,1.0,1.0,0.8,Satisfied
Case 2970,3,¡¢­,¥£¤,£¤,0.6666666666666667,0.6666666666666666,0.8,Satisfied
Case 2971,3,¡¢¥,£¤,£¤,1.0,1.0,0.8,Satisfied
Case 2975,3,¡¥¡,¢¥¥¢£¤,¢£¤,0.5,0.75,0.8,Satisfied
Case 2981,3,¡¡¢,­­¥£¤,£¤,0.4,0.5,0.8,Satisfied
Case 2984,3,¡¢¥,£¥£¤,£¤,0.5,0.6666666666666666,0.8,Satisfied
Case 2988,3,¡¥£,¥£¤,¤,0.33333333333333337,0.33333333333333326,0.8,Satisfied
Case 299,3,¡¢¥,£¤,£¤,1.0,1.0,0.8,Satisfied
Case 2992,3,¡¢¥,£¤,£¤,1.0,1.0,0.8,Satisfied
Case 3002,3,¡¢¥,£¤,£¤,1.0,1.0,0.8,Satisfied
Case 3008,3,¡¢¥,£¤,£¤,1.0,1.0,0.8,Satisfied
Case 3009,3,¡¢¥,¢£¤,£¤,0.6666666666666667,0.6666666666666666,0.8,Satisfied
Case 3010,3,¡¢¥,£¤,£¤,1.0,1.0,0.8,Satisfied
Case 3013,3,¡¢¢,¥£¤,£¤,0.6666666666666667,0.6666666666666666,0.8,Satisfied
Case 3015,3,¡¢­,¥£¤,£¤,0.6666666666666667,0.6666666666666666,0.8,Satisfied
Case 3016,3,¡¡¢,¥£¤,£¤,0.6666666666666667,0.6666666666666666,0.8,Satisfied
Case 3021,3,¡¢¥,£¤,£¤,1.0,1.0,0.8,Satisfied
Case 3027,3,¡¢¥,£¤,£¤,1.0,1.0,0.8,Satisfied
Case 3034,3,¡¢¥,£¤,£¤,1.0,1.0,0.8,Satisfied
Case 3035,3,¡¢¥,£¤,£¤,1.0,1.0,0.8,Satisfied
Case 3037,3,¡¢¥,£¤,£¤,1.0,1.0,0.8,Satisfied
Case 3038,3,¡¢¥,¢¥£¤,£¤,0.5,0.5,0.8,Satisfied
Case 3043,3,¡¢¥,£¤,£¤,1.0,1.0,0.8,Satisfied
Case 3044,3,¡¢¥,£¤,£¤,1.0,1.0,0.8,Satisfied
Case 3046,3,¡¥£,¤,¤,1.0,1.0,0.8,Satisfied
Case 3056,3,¡¢¥,£¤,£¤,1.0,1.0,0.8,Satisfied
Case 3058,3,¡¢­,¥£¥£¤,£¤,0.4,0.6666666666666666,0.8,Satisfied
Case 3059,3,¡¢­,¥£¤,£¤,0.6666666666666667,0.6666666666666666,0.8,Satisfied
Case 3061,3,¡¢­,¥£¤,£¤,0.6666666666666667,0.6666666666666666,0.8,Satisfied
Case 3071,3,¡¢¦,­¥£¤,£¤,0.5,0.5,0.8,Satisfied
Case 3073,3,¡¢¥,£¤,£¤,1.0,1.0,0.8,Satisfied
Case 3077,3,¡­¥,£¤,£¤,1.0,1.0,0.8,Satisfied
Case 3078,3,¡¢¥,£¤,£¤,1.0,1.0,0.8,Satisfied
Case 308,3,¡¢¥,£¤,£¤,1.0,1.0,0.8,Satisfied
Case 3082,3,¡¡¢,¥£¤,£¤,0.6666666666666667,0.6666666666666666,0.8,Satisfied
Case 3083,3,¡¢¥,£¤,£¤,1.0,1.0,0.8,Satisfied
Case 3086,3,¡¢¥,£¤,£¤,1.0,1.0,0.8,Satisfied
Case 3095,3,¡¢¥,£¤,£¤,1.0,1.0,0.8,Satisfied
Case 31,3,¡¢¦,­¥£¤,£¤,0.5,0.5,0.8,Satisfied
Case 3103,3,¡¢­,¥£¤,£¤,0.6666666666666667,0.6666666666666666,0.8,Satisfied
Case 3112,3,¡¢¥,£¤,£¤,1.0,1.0,0.8,Satisfied
Case 3113,3,¡¢¥,¥¢¥£¤,£¤,0.4,0.5,0.8,Satisfied
Case 3118,3,¡¢¥,¥¦£¤,£¤,0.5,0.5,0.8,Satisfied
Case 3121,3,¡¢¥,£¡¢¥£¤,£¤,0.33333333333333337,0.4,0.8,Satisfied
Case 3126,3,¡¢¥,£¤,£¤,1.0,1.0,0.8,Satisfied
Case 3128,3,¡¢¥,£¤,£¤,1.0,1.0,0.8,Satisfied
Case 313,3,¡¢¥,­¥£¥£¤,£¤,0.33333333333333337,0.5,0.8,Satisfied
Case 3139,3,¡¢­,¢¥£¤,£¤,0.5,0.5,0.8,Satisfied
Case 3142,3,¡¢¥,£¤,£¤,1.0,1.0,0.8,Satisfied
Case 3145,3,¡¢¥,£¤,£¤,1.0,1.0,0.8,Satisfied
Case 3148,3,¢¥£,¤,¤,1.0,1.0,0.8,Satisfied
Case 317,3,¡¢­,¥£¤,£¤,0.6666666666666667,0.6666666666666666,0.8,Satisfied
Case 3172,3,¡¢¥,£¤,£¤,1.0,1.0,0.8,Satisfied
Case 3176,3,¡¢­,¥£¤,£¤,0.6666666666666667,0.6666666666666666,0.8,Satisfied
Case 3180,3,¡¢¥,£¤,£¤,1.0,1.0,0.8,Satisfied
Case 3182,3,¡¢¥,£¤,£¤,1.0,1.0,0.8,Satisfied
Case 3184,3,¡¢¥,£¤,£¤,1.0,1.0,0.8,Satisfied
Case 3186,3,¡¢¥,£¤,£¤,1.0,1.0,0.8,Satisfied
Case 3188,3,¡¢¥,£¤,£¤,1.0,1.0,0.8,Satisfied
Case 3192,3,¡¢¦,¥£¤,£¤,0.6666666666666667,0.6666666666666666,0.8,Satisfied
Case 3212,3,¡¢¥,£¤,£¤,1.0,1.0,0.8,Satisfied
Case 3214,3,¡¢¦,¥£¤,£¤,0.6666666666666667,0.6666666666666666,0.8,Satisfied
Case 3222,3,¡¢¥,£¤,£¤,1.0,1.0,0.8,Satisfied
Case 3226,3,¡¥£,¤,¤,1.0,1.0,0.8,Satisfied
Case 3229,3,¡¢¥,£¤,£¤,1.0,1.0,0.8,Satisfied
Case 323,3,¡¢¥,£¤,£¤,1.0,1.0,0.8,Satisfied
Case 3231,3,¡¢¥,£¤,£¤,1.0,1.0,0.8,Satisfied
Case 3233,3,¡¢¥,£¤,£¤,1.0,1.0,0.8,Satisfied
Case 3239,3,¡¥£,¤,¤,1.0,1.0,0.8,Satisfied
Case 324,3,¢¥£,¤,¤,1.0,1.0,0.8,Satisfied
Case 3240,3,¡¢¥,£¤,£¤,1.0,1.0,0.8,Satisfied
Case 3249,3,¡¢­,­¢¥£¥£¤,£¤,0.2857142857142857,0.4,0.8,Satisfied
Case 3251,3,¡¢¥,£¤,£¤,1.0,1.0,0.8,Satisfied
Case 3253,3,¡¢¥,£¤,£¤,1.0,1.0,0.8,Satisfied
Case 326,3,¡¢­,­¥£¤,£¤,0.5,0.5,0.8,Satisfied
Case 3260,3,¡¢¥,£¤,£¤,1.0,1.0,0.8,Satisfied
Case 3262,3,¡¢¥,£¤,£¤,1.0,1.0,0.8,Satisfied
Case 3273,3,¡¢¥,£¤,£¤,1.0,1.0,0.8,Satisfied
Case 3276,3,¡¢­,¥£¤,£¤,0.6666666666666667,0.6666666666666666,0.8,Satisfied
Case 3288,3,¡¢¥,£¥£¤,£¤,0.5,0.6666666666666666,0.8,Satisfied
Case 3289,3,¡¢¥,£¤,£¤,1.0,1.0,0.8,Satisfied
Case 3294,3,¡¢¥,¢£¤,£¤,0.6666666666666667,0.6666666666666666,0.8,Satisfied
Case 33,3,¡¢¥,£¤,£¤,1.0,1.0,0.8,Satisfied
Case 331,3,¡¢­,¥£¤,£¤,0.6666666666666667,0.6666666666666666,0.8,Satisfied
Case 3314,3,¡¢¥,£¤,£¤,1.0,1.0,0.8,Satisfied
Case 3315,3,¡¢¥,£¤,£¤,1.0,1.0,0.8,Satisfied
Case 332,3,¡¢¥,£¤,£¤,1.0,1.0,0.8,Satisfied
Case 3323,3,¡¢¦,­­¥£,£¤,0.0,0.25,0.8,Satisfied
Case 3324,3,¡¢¥,£¤,£¤,1.0,1.0,0.8,Satisfied
Case 333,3,¡¢¥,£¤,£¤,1.0,1.0,0.8,Satisfied
Case 3331,3,¡¢¥,£¤,£¤,1.0,1.0,0.8,Satisfied
Case 3334,3,¡¢¥,£¤,£¤,1.0,1.0,0.8,Satisfied
Case 3336,3,¡¢¥,£¤,£¤,1.0,1.0,0.8,Satisfied
Case 3338,3,¡­¥,£¤,£¤,1.0,1.0,0.8,Satisfied
Case 3341,3,¡¢¥,£¤,£¤,1.0,1.0,0.8,Satisfied
Case 3344,3,¡¥£,¥£¢¥£¥£¤,¤,0.125,0.25,0.8,Satisfied
Case 3349,3,¡¢¥,£¤,£¤,1.0,1.0,0.8,Satisfied
Case 3351,3,¡¢¥,£¥£¤,£¤,0.5,0.6666666666666666,0.8,Satisfied
Case 3357,3,¡¢¥,£¤,£¤,1.0,1.0,0.8,Satisfied
Case 3358,3,¡¢­,¥£¤,£¤,0.6666666666666667,0.6666666666666666,0.8,Satisfied
Case 3360,3,¡¢¥,£¤,£¤,1.0,1.0,0.8,Satisfied
Case 3362,3,¡¢¥,£¤,£¤,1.0,1.0,0.8,Satisfied
Case 337,3,¡¢¥,£¤,£¤,1.0,1.0,0.8,Satisfied
Case 3372,3,¡¢¥,£¤,£¤,1.0,1.0,0.8,Satisfied
Case 3373,3,¡¢¥,£¤,£¤,1.0,1.0,0.8,Satisfied
Case 3376,3,¡¢¥,£¤,£¤,1.0,1.0,0.8,Satisfied
Case 3382,3,¡¢¥,£¤,£¤,1.0,1.0,0.8,Satisfied
Case 3398,3,¡¢¥,£¤,£¤,1.0,1.0,0.8,Satisfied
Case 34,3,¡¢¥,¥£¤,£¤,0.6666666666666667,0.6666666666666666,0.8,Satisfied
Case 3403,3,¡¢¥,£¤,£¤,1.0,1.0,0.8,Satisfied
Case 3409,3,¡¢¦,¬¬­,£¤,0.0,0.0,0.8,Satisfied
Case 3413,3,¡¢¥,£¤,£¤,1.0,1.0,0.8,Satisfied
Case 3416,3,¡¥£,¤,¤,1.0,1.0,0.8,Satisfied
Case 3418,3,¡¢­,¥£¤,£¤,0.6666666666666667,0.6666666666666666,0.8,Satisfied
Case 3419,3,¡¢¥,£¤,£¤,1.0,1.0,0.8,Satisfied
Case 3426,3,¡¢¥,£¤,£¤,1.0,1.0,0.8,Satisfied
Case 3428,3,¡¢¥,£¤,£¤,1.0,1.0,0.8,Satisfied
Case 343,3,¡¢¥,£¤,£¤,1.0,1.0,0.8,Satisfied
Case 3436,3,¡¢¥,¥¥¥£¤,£¤,0.4,0.6666666666666666,0.8,Satisfied
Case 3439,3,¢¥£,¢¥¢¥£¤,¤,0.16666666666666663,0.25,0.8,Satisfied
Case 3440,3,¡¢¥,£¤,£¤,1.0,1.0,0.8,Satisfied
Case 3442,3,¡¢¥,£¤,£¤,1.0,1.0,0.8,Satisfied
Case 3443,3,¡¢­,¥£,£¤,0.0,0.33333333333333326,0.8,Satisfied
Case 3444,3,¡¦¦,¬¬­¥£¤,¥£¤,0.5,0.6,0.8,Satisfied
Case 3448,3,¡¢¥,£¤,£¤,1.0,1.0,0.8,Satisfied
Case 3449,3,¡¡¢,¥£¤,£¤,0.6666666666666667,0.6666666666666666,0.8,Satisfied
Case 345,3,¡¢¥,£¤,£¤,1.0,1.0,0.8,Satisfied
Case 3454,3,¡¢¢,¥£¤,£¤,0.6666666666666667,0.6666666666666666,0.8,Satisfied
Case 346,3,¡¥¥,£¤,¢£¤,0.6666666666666667,0.6666666666666666,0.8,Satisfied
Case 3462,3,¡¢¥,£¤,£¤,1.0,1.0,0.8,Satisfied
Case 3465,3,¡¢¥,£¤,£¤,1.0,1.0,0.8,Satisfied
Case 3475,3,¡¢¥,£¤,£¤,1.0,1.0,0.8,Satisfied
Case 348,3,¡¢¥,£¤,£¤,1.0,1.0,0.8,Satisfied
Case 349,3,¡¢¥,£¤,£¤,1.0,1.0,0.8,Satisfied
Case 3498,3,¡¢¥,£¤,£¤,1.0,1.0,0.8,Satisfied
Case 3511,3,¡¢¥,£¤,£¤,1.0,1.0,0.8,Satisfied
Case 3516,3,¡¢­,¥£¤,£¤,0.6666666666666667,0.6666666666666666,0.8,Satisfied
Case 3517,3,¡¢¥,£¤,£¤,1.0,1.0,0.8,Satisfied
Case 3529,3,¡¢¥,£¤,£¤,1.0,1.0,0.8,Satisfied
Case 3530,3,¡¢¥,£¤,£¤,1.0,1.0,0.8,Satisfied
Case 3532,3,¡¢¥,£¤,£¤,1.0,1.0,0.8,Satisfied
Case 3535,3,¡¢¥,£¤,£¤,1.0,1.0,0.8,Satisfied
Case 3537,3,¡¢¥,£¤,£¤,1.0,1.0,0.8,Satisfied
Case 3539,3,¡¢¥,£¤,£¤,1.0,1.0,0.8,Satisfied
Case 3542,3,¡¢¥,£¤,£¤,1.0,1.0,0.8,Satisfied
Case 3543,3,¡¢¥,£¤,£¤,1.0,1.0,0.8,Satisfied
Case 3546,3,¡¢¥,£¤,£¤,1.0,1.0,0.8,Satisfied
Case 3551,3,¡¢¥,£¤,£¤,1.0,1.0,0.8,Satisfied
Case 3552,3,¡¢¥,£¤,£¤,1.0,1.0,0.8,Satisfied
Case 3562,3,¡¢¥,£¢¥£¤,£¤,0.4,0.5,0.8,Satisfied
Case 3563,3,¡¢¥,£¤,£¤,1.0,1.0,0.8,Satisfied
Case 3565,3,¡¢¥,£¤,£¤,1.0,1.0,0.8,Satisfied
Case 3567,3,¡¢¥,£¤,£¤,1.0,1.0,0.8,Satisfied
Case 3569,3,¢¥£,¤,¤,1.0,1.0,0.8,Satisfied
Case 3582,3,¡¢¥,£¤,£¤,1.0,1.0,0.8,Satisfied
Case 3583,3,¡¢¥,£¤,£¤,1.0,1.0,0.8,Satisfied
Case 3592,3,¡¢¥,£¤,£¤,1.0,1.0,0.8,Satisfied
Case 3599,3,¡¢¥,£¤,£¤,1.0,1.0,0.8,Satisfied
Case 3600,3,¡¢¥,£¤,£¤,1.0,1.0,0.8,Satisfied
Case 3601,3,¡¢¥,£¤,£¤,1.0,1.0,0.8,Satisfied
Case 361,3,¡¢¥,£¢¥£¤,£¤,0.4,0.5,0.8,Satisfied
Case 3613,3,¡¢­,¥£¤,£¤,0.6666666666666667,0.6666666666666666,0.8,Satisfied
Case 3614,3,¡¢¥,£¤,£¤,1.0,1.0,0.8,Satisfied
Case 3634,3,¢¥£,¤,¤,1.0,1.0,0.8,Satisfied
Case 3638,3,¡¢¥,£¤,£¤,1.0,1.0,0.8,Satisfied
Case 364,3,¡¢¥,£¤,£¤,1.0,1.0,0.8,Satisfied
Case 3641,3,¡¢¥,£¤,£¤,1.0,1.0,0.8,Satisfied
Case 3643,3,¡¢¥,£¤,£¤,1.0,1.0,0.8,Satisfied
Case 3645,3,¡¢­,¥£¤,£¤,0.6666666666666667,0.6666666666666666,0.8,Satisfied
Case 3653,3,¡¢¥,£¤,£¤,1.0,1.0,0.8,Satisfied
Case 3654,3,¡¢¥,£¤,£¤,1.0,1.0,0.8,Satisfied
Case 3656,3,¡¢¥,¥£¤,£¤,0.6666666666666667,0.6666666666666666,0.8,Satisfied
Case 3657,3,¡¢¥,£¤,£¤,1.0,1.0,0.8,Satisfied
Case 3662,3,¡¢¥,¥£¤,£¤,0.6666666666666667,0.6666666666666666,0.8,Satisfied
Case 3663,3,¡¢¥,£¤,£¤,1.0,1.0,0.8,Satisfied
Case 3666,3,¡¢¥,£¤,£¤,1.0,1.0,0.8,Satisfied
Case 3669,3,¡¡¢,¥¢­­£¤,£¤,0.33333333333333337,0.4,0.8,Satisfied
Case 367,3,¡¥¥,£¤,¢£¤,0.6666666666666667,0.6666666666666666,0.8,Satisfied
Case 3670,3,¡¢¥,£¤,£¤,1.0,1.0,0.8,Satisfied
Case 3673,3,¡¢¥,¢¥£¤,£¤,0.5,0.5,0.8,Satisfied
Case 3674,3,¡¢¥,£¤,£¤,1.0,1.0,0.8,Satisfied
Case 3676,3,¡¢¥,£¥£¤,£¤,0.5,0.6666666666666666,0.8,Satisfied
Case 3678,3,¡¢¥,£¤,£¤,1.0,1.0,0.8,Satisfied
Case 3688,3,¡¡¢,¥£¤,£¤,0.6666666666666667,0.6666666666666666,0.8,Satisfied
Case 3692,3,¡¥£,¢¥£¤,¤,0.25,0.25,0.8,Satisfied
Case 3696,3,¡¢¥,£¤,£¤,1.0,1.0,0.8,Satisfied
Case 370,3,¡¢¥,£¤,£¤,1.0,1.0,0.8,Satisfied
Case 3705,3,¡¢¥,£¢¥£¤,£¤,0.4,0.5,0.8,Satisfied
Case 3708,3,¡¢¥,£¤,£¤,1.0,1.0,0.8,Satisfied
Case 3738,3,¡¢¥,£¤,£¤,1.0,1.0,0.8,Satisfied
Case 374,3,¡¢¥,£¤,£¤,1.0,1.0,0.8,Satisfied
Case 3742,3,¡¢¥,£¤,£¤,1.0,1.0,0.8,Satisfied
Case 3745,3,¡¢¥,£¤,£¤,1.0,1.0,0.8,Satisfied
Case 3766,3,¡¢¥,£¤,£¤,1.0,1.0,0.8,Satisfied
Case 3770,3,¡¢¥,£¤,£¤,1.0,1.0,0.8,Satisfied
Case 3775,3,¡¢¥,£¤,£¤,1.0,1.0,0.8,Satisfied
Case 3776,3,¡¡¢,¥£¤,£¤,0.6666666666666667,0.6666666666666666,0.8,Satisfied
Case 378,3,¡¢¥,£¤,£¤,1.0,1.0,0.8,Satisfied
Case 3787,3,¡¢¥,¢£¤,£¤,0.6666666666666667,0.6666666666666666,0.8,Satisfied
Case 3798,3,¡¢¥,£¤,£¤,1.0,1.0,0.8,Satisfied
Case 380,3,¡¥£,¤,¤,1.0,1.0,0.8,Satisfied
Case 3802,3,§¡¥,£¤,£¤,1.0,1.0,0.8,Satisfied
Case 3818,3,¡¢¥,£¤,£¤,1.0,1.0,0.8,Satisfied
Case 3819,3,¡¢¥,£¤,£¤,1.0,1.0,0.8,Satisfied
Case 382,3,¡¢¥,¢­£,£¤,0.0,0.25,0.8,Satisfied
Case 3822,3,¡¢¥,£¤,£¤,1.0,1.0,0.8,Satisfied
Case 3832,3,¡¢¥,¥£¢¥£¤,£¤,0.33333333333333337,0.5,0.8,Satisfied
Case 384,3,¡¢¥,£¤,£¤,1.0,1.0,0.8,Satisfied
Case 3844,3,¡¢¥,£¤,£¤,1.0,1.0,0.8,Satisfied
Case 3857,3,¡¢¥,£¤,£¤,1.0,1.0,0.8,Satisfied
Case 3864,3,¡¢¥,£¤,£¤,1.0,1.0,0.8,Satisfied
Case 3865,3,¡¢­,¥£¤,£¤,0.6666666666666667,0.6666666666666666,0.8,Satisfied
Case 3877,3,¡¢¥,£¤,£¤,1.0,1.0,0.8,Satisfied
Case 3880,3,¡¥£,¤,¤,1.0,1.0,0.8,Satisfied
Case 3884,3,¡¢¥,¢£¤,£¤,0.6666666666666667,0.6666666666666666,0.8,Satisfied
Case 3885,3,¡¢¥,£¤,£¤,1.0,1.0,0.8,Satisfied
Case 3888,3,¡¥£,¤,¤,1.0,1.0,0.8,Satisfied
Case 3890,3,¡¢¥,£¤,£¤,1.0,1.0,0.8,Satisfied
Case 3896,3,¡¢¥,£¤,£¤,1.0,1.0,0.8,Satisfied
Case 3898,3,¡¢¥,£¤,£¤,1.0,1.0,0.8,Satisfied
Case 3899,3,¡¢¥,£¤,£¤,1.0,1.0,0.8,Satisfied
Case 39,3,¡¢¥,£¤,£¤,1.0,1.0,0.8,Satisfied
Case 3905,3,¡¢¥,£¤,£¤,1.0,1.0,0.8,Satisfied
Case 3912,3,¡¢¥,£¤,£¤,1.0,1.0,0.8,Satisfied
Case 3913,3,¡¥£,¤,¤,1.0,1.0,0.8,Satisfied
Case 3928,3,¡¢¥,£¤,£¤,1.0,1.0,0.8,Satisfied
Case 3930,3,¡¢¥,£¤,£¤,1.0,1.0,0.8,Satisfied
Case 3933,3,¡¢¥,£¤,£¤,1.0,1.0,0.8,Satisfied
Case 3943,3,¡¢¥,£¤,£¤,1.0,1.0,0.8,Satisfied
Case 3946,3,¡¢¥,£¤,£¤,1.0,1.0,0.8,Satisfied
Case 3957,3,¡¢¢,¥£¤,£¤,0.6666666666666667,0.6666666666666666,0.8,Satisfied
Case 3963,3,¡¢­,­¥£¥£¤,£¤,0.33333333333333337,0.5,0.8,Satisfied
Case 397,3,¡¢¥,£¤,£¤,1.0,1.0,0.8,Satisfied
Case 3974,3,¡¢¥,£¤,£¤,1.0,1.0,0.8,Satisfied
Case 3976,3,¡¢¥,£¤,£¤,1.0,1.0,0.8,Satisfied
Case 3983,3,¡¢¥,£¤,£¤,1.0,1.0,0.8,Satisfied
Case 399,3,¡¢¥,£¤,£¤,1.0,1.0,0.8,Satisfied
Case 3992,3,¡¢­,£¤,£¤,1.0,1.0,0.8,Satisfied
Case 40,3,¡¢£,¤,¤,1.0,1.0,0.8,Satisfied
Case 4004,3,¢££,¤,¤,1.0,1.0,0.8,Satisfied
Case 4006,3,¡¢¥,¢¥£¤,£¤,0.5,0.5,0.8,Satisfied
Case 4009,3,¡¢¥,£¤,£¤,1.0,1.0,0.8,Satisfied
Case 4017,3,¡¢¥,£¤,£¤,1.0,1.0,0.8,Satisfied
Case 402,3,¡¢£,¤,¤,1.0,1.0,0.8,Satisfied
Case 4026,3,¡¢¥,¦­£¤,£¤,0.5,0.5,0.8,Satisfied
Case 4030,3,¡¢£,¤,¤,1.0,1.0,0.8,Satisfied
Case 4031,3,¡££,¤,¤,1.0,1.0,0.8,Satisfied
Case 4032,3,¡¥£,¤,¤,1.0,1.0,0.8,Satisfied
Case 4037,3,¡¢£,¤,¤,1.0,1.0,0.8,Satisfied
Case 4048,3,¡¢£,¤,¤,1.0,1.0,0.8,Satisfied
Case 4054,3,¡¢£,¤,¤,1.0,1.0,0.8,Satisfied
Case 4067,3,¡¢£,¤,¤,1.0,1.0,0.8,Satisfied
Case 4068,3,¡¢£,¤,¤,1.0,1.0,0.8,Satisfied
Case 4069,3,¡¢£,¤,¤,1.0,1.0,0.8,Satisfied
Case 407,3,¡¢¥,£¤,£¤,1.0,1.0,0.8,Satisfied
Case 4073,3,¡¢¥,£¤,£¤,1.0,1.0,0.8,Satisfied
Case 4074,3,¡¢¥,£¤,£¤,1.0,1.0,0.8,Satisfied
Case 408,3,¡¡¢,¥£¤,£¤,0.6666666666666667,0.6666666666666666,0.8,Satisfied
Case 4082,3,¡¢­,£¤,£¤,1.0,1.0,0.8,Satisfied
Case 4084,3,¡¢¥,£¤,£¤,1.0,1.0,0.8,Satisfied
Case 4106,3,¡¢£,¤,¤,1.0,1.0,0.8,Satisfied
Case 4107,3,¡¢¥,¥£¤,£¤,0.6666666666666667,0.6666666666666666,0.8,Satisfied
Case 412,3,¡¢¥,£¤,£¤,1.0,1.0,0.8,Satisfied
Case 4127,3,¡¢£,¤,¤,1.0,1.0,0.8,Satisfied
Case 414,3,¡¡¢,£¤,£¤,1.0,1.0,0.8,Satisfied
Case 4145,3,¡¢£,¤,¤,1.0,1.0,0.8,Satisfied
Case 4147,3,¡¢¥,£¤,£¤,1.0,1.0,0.8,Satisfied
Case 4149,3,¡¢¥,£¤,£¤,1.0,1.0,0.8,Satisfied
Case 4154,3,¡¢£,¤,¤,1.0,1.0,0.8,Satisfied
Case 4156,3,¡¢¥,£¤,£¤,1.0,1.0,0.8,Satisfied
Case 4160,3,¡¢£,¤,¤,1.0,1.0,0.8,Satisfied
Case 4161,3,¡¢£,¤,¤,1.0,1.0,0.8,Satisfied
Case 4162,3,¡¢£,¤,¤,1.0,1.0,0.8,Satisfied
Case 4165,3,¡¡¢,¥£¤,£¤,0.6666666666666667,0.6666666666666666,0.8,Satisfied
Case 4172,3,¡¢¥,£¤,£¤,1.0,1.0,0.8,Satisfied
Case 4183,3,¡­£,¤,¤,1.0,1.0,0.8,Satisfied
Case 4185,3,¡¢­,£¤,£¤,1.0,1.0,0.8,Satisfied
Case 4187,3,¡¢¥,¢¥,£¤,0.0,0.0,0.8,Satisfied
Case 4194,3,¡¢£,¤,¤,1.0,1.0,0.8,Satisfied
Case 4197,3,¡¡¡,¢£¤,¢£¤,1.0,1.0,0.8,Satisfied
Case 4206,3,¡¢£,¤,¤,1.0,1.0,0.8,Satisfied
Case 421,3,¡¢£,¤,¤,1.0,1.0,0.8,Satisfied
Case 4212,3,¡¢£,¤,¤,1.0,1.0,0.8,Satisfied
Case 4241,3,¡¢£,¤,¤,1.0,1.0,0.8,Satisfied
Case 4255,3,¡¢£,£¤,¤,0.5,0.5,0.8,Satisfied
Case 4257,3,¡¢¥,£¤,£¤,1.0,1.0,0.8,Satisfied
Case 4259,3,¡¢¢,£¤,£¤,1.0,1.0,0.8,Satisfied
Case 4268,3,¢¥£,¤,¤,1.0,1.0,0.8,Satisfied
Case 4269,3,¡¢¥,£¤,£¤,1.0,1.0,0.8,Satisfied
Case 427,3,¡¢£,¤,¤,1.0,1.0,0.8,Satisfied
Case 4282,3,¡¢£,¤,¤,1.0,1.0,0.8,Satisfied
Case 4300,3,¡¢¥,¥£¤,£¤,0.6666666666666667,0.6666666666666666,0.8,Satisfied
Case 4301,3,¡¢¥,£¤,£¤,1.0,1.0,0.8,Satisfied
Case 4324,3,¡¢£,¤,¤,1.0,1.0,0.8,Satisfied
Case 4325,3,¡¢£,¤,¤,1.0,1.0,0.8,Satisfied
Case 4326,3,¡¢¥,£¤,£¤,1.0,1.0,0.8,Satisfied
Case 433,3,¡¢¥,¥£¤,£¤,0.6666666666666667,0.6666666666666666,0.8,Satisfied
Case 4332,3,¡¢£,¤,¤,1.0,1.0,0.8,Satisfied
Case 4337,3,¡¢¥,£¤,£¤,1.0,1.0,0.8,Satisfied
Case 4338,3,¡¢¥,¢¥£¤,£¤,0.5,0.5,0.8,Satisfied
Case 4348,3,¡¢­,£¤,£¤,1.0,1.0,0.8,Satisfied
Case 435,3,¡¢­,£¤,£¤,1.0,1.0,0.8,Satisfied
Case 4351,3,¡¢¥,£¤,£¤,1.0,1.0,0.8,Satisfied
Case 4352,3,¡¢¥,£¤,£¤,1.0,1.0,0.8,Satisfied
Case 4353,3,¡¢¢,¥¥£¤,£¤,0.5,0.6666666666666666,0.8,Satisfied
Case 4354,3,¡¢­,£,£¤,0.5,0.5,0.8,Satisfied
Case 4355,3,¡¢£,¤,¤,1.0,1.0,0.8,Satisfied
Case 4359,3,¡¢¥,£¤,£¤,1.0,1.0,0.8,Satisfied
Case 4361,3,¡¢­,£¤,£¤,1.0,1.0,0.8,Satisfied
Case 4365,3,¡¢¥,£¤,£¤,1.0,1.0,0.8,Satisfied
Case 4369,3,¡¢¥,£¤,£¤,1.0,1.0,0.8,Satisfied
Case 4371,3,¡££,¤,¤,1.0,1.0,0.8,Satisfied
Case 438,3,¡¢­,¥£¤,£¤,0.6666666666666667,0.6666666666666666,0.8,Satisfied
Case 4383,3,¡¢£,¤,¤,1.0,1.0,0.8,Satisfied
Case 4385,3,¡¡¢,£¤,£¤,1.0,1.0,0.8,Satisfied
Case 4389,3,¡¢­,£¤,£¤,1.0,1.0,0.8,Satisfied
Case 4394,3,¡¢£,¤,¤,1.0,1.0,0.8,Satisfied
Case 4396,3,¡¢£,¤,¤,1.0,1.0,0.8,Satisfied
Case 4398,3,¡¢¥,¢¥£¤,£¤,0.5,0.5,0.8,Satisfied
Case 4407,3,¡¢¥,£¤,£¤,1.0,1.0,0.8,Satisfied
Case 441,3,¢££,¤,¤,1.0,1.0,0.8,Satisfied
Case 4410,3,¡¢¥,¢£¤,£¤,0.6666666666666667,0.6666666666666666,0.8,Satisfied
Case 4415,3,¡¢£,¤,¤,1.0,1.0,0.8,Satisfied
Case 4417,3,¡¥£,£¤,¤,0.5,0.5,0.8,Satisfied
Case 4419,3,¡¥£,¤,¤,1.0,1.0,0.8,Satisfied
Case 4421,3,¡¢¥,£¤,£¤,1.0,1.0,0.8,Satisfied
Case 4422,3,¡¢£,¤,¤,1.0,1.0,0.8,Satisfied
Case 4423,3,¡¡¢,£¤,£¤,1.0,1.0,0.8,Satisfied
Case 4424,3,¡¢¥,£¤,£¤,1.0,1.0,0.8,Satisfied
Case 4426,3,¡¢¥,£¤,£¤,1.0,1.0,0.8,Satisfied
Case 4431,3,¡¢¥,£¤,£¤,1.0,1.0,0.8,Satisfied
Case 4456,3,¡¢¥,£¤,£¤,1.0,1.0,0.8,Satisfied
Case 446,3,¡¢¥,£¤,£¤,1.0,1.0,0.8,Satisfied
Case 4463,3,¡¢¦,¦¬¬­¦£,£¤,0.0,0.19999999999999996,0.8,Satisfied
Case 4465,3,¡¢¥,£¤,£¤,1.0,1.0,0.8,Satisfied
Case 4469,3,¡¢£,¤,¤,1.0,1.0,0.8,Satisfied
Case 4478,3,¡¢¥,¢£¤,£¤,0.6666666666666667,0.6666666666666666,0.8,Satisfied
Case 4485,3,¡¢¥,£¤,£¤,1.0,1.0,0.8,Satisfied
Case 4487,3,¡¢£,¤,¤,1.0,1.0,0.8,Satisfied
Case 4501,3,¢¥¢,¥£¤,£¤,0.6666666666666667,0.6666666666666666,0.8,Satisfied
Case 4506,3,¡¢¥,£¤,£¤,1.0,1.0,0.8,Satisfied
Case 4511,3,¡¢­,££¤,£¤,0.6666666666666667,1.0,0.8,Satisfied
Case 4530,3,¡¡£,¤,¤,1.0,1.0,0.8,Satisfied
Case 4535,3,¡¢£,¤,¤,1.0,1.0,0.8,Satisfied
Case 4537,3,¡¢£,¤,¤,1.0,1.0,0.8,Satisfied
Case 4558,3,¡¢¥,£¤,£¤,1.0,1.0,0.8,Satisfied
Case 456,3,¡¢£,¤,¤,1.0,1.0,0.8,Satisfied
Case 4563,3,¡¢¥,£¤,£¤,1.0,1.0,0.8,Satisfied
Case 4575,3,¡¢¥,£¤,£¤,1.0,1.0,0.8,Satisfied
Case 46,3,¡¢¢,¥£¤,£¤,0.6666666666666667,0.6666666666666666,0.8,Satisfied
Case 467,3,¡¢¥,¢­£¤,£¤,0.5,0.5,0.8,Satisfied
Case 470,3,¡¢¥,£¤,£¤,1.0,1.0,0.8,Satisfied
Case 474,3,¡¡¡,¢¥£¤,¢£¤,0.75,0.75,0.8,Satisfied
Case 478,3,¡¡¢,¥£¤,£¤,0.6666666666666667,0.6666666666666666,0.8,Satisfied
Case 480,3,¡¢£,¤,¤,1.0,1.0,0.8,Satisfied
Case 483,3,¡¢£,¤,¤,1.0,1.0,0.8,Satisfied
Case 484,3,¡¢¥,£¤,£¤,1.0,1.0,0.8,Satisfied
Case 487,3,¡¢£,¤,¤,1.0,1.0,0.8,Satisfied
Case 496,3,¡¢¥,£¤,£¤,1.0,1.0,0.8,Satisfied
Case 498,3,¡¢£,£¤,¤,0.5,0.5,0.8,Satisfied
Case 502,3,¡¢£,¤,¤,1.0,1.0,0.8,Satisfied
Case 503,3,¡¢¦,­£¤,£¤,0.6666666666666667,0.6666666666666666,0.8,Satisfied
Case 504,3,¡¢¥,£¤,£¤,1.0,1.0,0.8,Satisfied
Case 506,3,¡¢­,£¤,£¤,1.0,1.0,0.8,Satisfied
Case 507,3,¡¢£,¤,¤,1.0,1.0,0.8,Satisfied
Case 520,3,¡¢£,£¤,¤,0.5,0.5,0.8,Satisfied
Case 523,3,¢¥£,¤,¤,1.0,1.0,0.8,Satisfied
Case 525,3,¡¡¢,¥¥,£¤,0.0,0.0,0.8,Satisfied
Case 527,3,¡¥¡,¡¢£¤,¢£¤,0.75,0.75,0.8,Satisfied
Case 529,3,¡¥¥,£¤,¢£¤,0.6666666666666667,0.6666666666666666,0.8,Satisfied
Case 530,3,¡¢¥,¥¥£¤,£¤,0.5,0.6666666666666666,0.8,Satisfied
Case 532,3,¡¢£,¢¥£¤,¤,0.25,0.25,0.8,Satisfied
Case 533,3,¡¢£,¤,¤,1.0,1.0,0.8,Satisfied
Case 54,3,¡¢£,¤,¤,1.0,1.0,0.8,Satisfied
Case 553,3,¡¢¥,£¤,£¤,1.0,1.0,0.8,Satisfied
Case 558,3,¡¢¢,£¤,£¤,1.0,1.0,0.8,Satisfied
Case 559,3,¡¢¥,£¤,£¤,1.0,1.0,0.8,Satisfied
Case 566,3,¡¢¥,¢¥£¤,£¤,0.5,0.5,0.8,Satisfied
Case 575,3,¡¢¥,£¤,£¤,1.0,1.0,0.8,Satisfied
Case 58,3,¡¦­,£¤,¥£¤,0.6666666666666667,0.6666666666666666,0.8,Satisfied
Case 593,3,¡¢£,¤,¤,1.0,1.0,0.8,Satisfied
Case 594,3,¡¢£,¤,¤,1.0,1.0,0.8,Satisfied
Case 595,3,¡¢¥,£¤,£¤,1.0,1.0,0.8,Satisfied
Case 603,3,¡¢£,£¤,¤,0.5,0.5,0.8,Satisfied
Case 606,3,¡¢£,¤,¤,1.0,1.0,0.8,Satisfied
Case 622,3,¡¢¦,£¤,£¤,1.0,1.0,0.8,Satisfied
Case 624,3,¡¢¥,£¤,£¤,1.0,1.0,0.8,Satisfied
Case 626,3,¡¢¥,£¤,£¤,1.0,1.0,0.8,Satisfied
Case 63,3,¡¢£,¤,¤,1.0,1.0,0.8,Satisfied
Case 630,3,¡¢£,¤,¤,1.0,1.0,0.8,Satisfied
Case 631,3,¢¥¢,¥£¤,£¤,0.6666666666666667,0.6666666666666666,0.8,Satisfied
Case 638,3,¡¢¥,¢¥£¤,£¤,0.5,0.5,0.8,Satisfied
Case 639,3,¡¢¥,£¤,£¤,1.0,1.0,0.8,Satisfied
Case 645,3,¡¢£,¤,¤,1.0,1.0,0.8,Satisfied
Case 65,3,¡¢¥,£¤,£¤,1.0,1.0,0.8,Satisfied
Case 656,3,¡¢¥,££¤,£¤,0.6666666666666667,1.0,0.8,Satisfied
Case 664,3,¡¢¥,£¤,£¤,1.0,1.0,0.8,Satisfied
Case 676,3,¢¥£,¤,¤,1.0,1.0,0.8,Satisfied
Case 679,3,¡¢£,¤,¤,1.0,1.0,0.8,Satisfied
Case 685,3,¢¥£,¤,¤,1.0,1.0,0.8,Satisfied
Case 69,3,¡¢£,¤,¤,1.0,1.0,0.8,Satisfied
Case 691,3,¡¢£,¤,¤,1.0,1.0,0.8,Satisfied
Case 696,3,¡¢£,¤,¤,1.0,1.0,0.8,Satisfied
Case 7,3,¡¡¡,¢£¤,¢£¤,1.0,1.0,0.8,Satisfied
Case 701,3,¡¢£,¤,¤,1.0,1.0,0.8,Satisfied
Case 708,3,¡¢¥,£¤,£¤,1.0,1.0,0.8,Satisfied
Case 728,3,¡¢£,¤,¤,1.0,1.0,0.8,Satisfied
Case 732,3,¡¦¢,¦­®«£¤,¥£¤,0.33333333333333337,0.2857142857142857,0.8,Satisfied
Case 747,3,¡¢¥,£¤,£¤,1.0,1.0,0.8,Satisfied
Case 755,3,¡¢£,¤,¤,1.0,1.0,0.8,Satisfied
Case 757,3,¡¢­,¥£¤,£¤,0.6666666666666667,0.6666666666666666,0.8,Satisfied
Case 769,3,¡¢£,¤,¤,1.0,1.0,0.8,Satisfied
Case 77,3,¡¢¥,£¤,£¤,1.0,1.0,0.8,Satisfied
Case 775,3,¡¢¥,£¤,£¤,1.0,1.0,0.8,Satisfied
Case 780,3,¡¢¥,£¤,£¤,1.0,1.0,0.8,Satisfied
Case 782,3,¡¢¥,£¤,£¤,1.0,1.0,0.8,Satisfied
Case 79,3,¡¢¥,¥£¤,£¤,0.6666666666666667,0.6666666666666666,0.8,Satisfied
Case 80,3,¡¢£,¤,¤,1.0,1.0,0.8,Satisfied
Case 805,3,¡¢¥,£¤,£¤,1.0,1.0,0.8,Satisfied
Case 807,3,¡­£,¤,¤,1.0,1.0,0.8,Satisfied
Case 809,3,¡¢¥,£¤,£¤,1.0,1.0,0.8,Satisfied
Case 82,3,¡¢¥,£¤,£¤,1.0,1.0,0.8,Satisfied
Case 821,3,¡¢£,¤,¤,1.0,1.0,0.8,Satisfied
Case 824,3,¡¢£,¤,¤,1.0,1.0,0.8,Satisfied
Case 825,3,¡¢£,¤,¤,1.0,1.0,0.8,Satisfied
Case 826,3,¡¢¥,£¤,£¤,1.0,1.0,0.8,Satisfied
Case 829,3,¡¢£,¤,¤,1.0,1.0,0.8,Satisfied
Case 83,3,¡¢¥,£¤,£¤,1.0,1.0,0.8,Satisfied
Case 831,3,¡¢¥,£¤,£¤,1.0,1.0,0.8,Satisfied
Case 839,3,¢¥£,¤,¤,1.0,1.0,0.8,Satisfied
Case 841,3,¡¢£,¤,¤,1.0,1.0,0.8,Satisfied
Case 845,3,¡¢¥,£¤,£¤,1.0,1.0,0.8,Satisfied
Case 849,3,¡¢£,¤,¤,1.0,1.0,0.8,Satisfied
Case 856,3,¡¢¥,£¤,£¤,1.0,1.0,0.8,Satisfied
Case 868,3,¡¢¦,£¤,£¤,1.0,1.0,0.8,Satisfied
Case 875,3,¡¢£,¤,¤,1.0,1.0,0.8,Satisfied
Case 876,3,¡¢¥,£¤,£¤,1.0,1.0,0.8,Satisfied
Case 881,3,¡¢¥,£¤,£¤,1.0,1.0,0.8,Satisfied
Case 89,3,¡¢£,¤,¤,1.0,1.0,0.8,Satisfied
Case 894,3,¡¢¥,¥£¤,£¤,0.6666666666666667,0.6666666666666666,0.8,Satisfied
Case 901,3,¡££,¤,¤,1.0,1.0,0.8,Satisfied
Case 906,3,¡¢£,¤,¤,1.0,1.0,0.8,Satisfied
Case 910,3,¡¢£,¤,¤,1.0,1.0,0.8,Satisfied
Case 911,3,¡¢¢,£¤,£¤,1.0,1.0,0.8,Satisfied
Case 930,3,¡¢£,¤,¤,1.0,1.0,0.8,Satisfied
Case 939,3,¡¢¥,¥£¤,£¤,0.6666666666666667,0.6666666666666666,0.8,Satisfied
Case 949,3,¡¢£,¤,¤,1.0,1.0,0.8,Satisfied
Case 951,3,¡¢¥,£¤,£¤,1.0,1.0,0.8,Satisfied
Case 954,3,¡¢£,¤,¤,1.0,1.0,0.8,Satisfied
Case 959,3,¡¢£,¤,¤,1.0,1.0,0.8,Satisfied
Case 961,3,¡¢¥,£¤,£¤,1.0,1.0,0.8,Satisfied
Case 962,3,¡¢£,¤,¤,1.0,1.0,0.8,Satisfied
Case 963,3,¡¢£,¤,¤,1.0,1.0,0.8,Satisfied
Case 964,3,¡¢£,¤,¤,1.0,1.0,0.8,Satisfied
Case 97,3,¡¢£,¤,¤,1.0,1.0,0.8,Satisfied
Case 979,3,¡¢£,¤,¤,1.0,1.0,0.8,Satisfied
Case 980,3,¡¡£,¤,¤,1.0,1.0,0.8,Satisfied
Case 986,3,¡¢¥,£¤,£¤,1.0,1.0,0.8,Satisfied
Case 988,3,¡¢¥,£¤,£¤,1.0,1.0,0.8,Satisfied
Case 989,3,¡¢¥,£¤,£¤,1.0,1.0,0.8,Satisfied
Case 998,3,¡¢¥,£¤,£¤,1.0,1.0,0.8,Satisfied
Case 999,3,¡¢£,¤,¤,1.0,1.0,0.8,Satisfied
Case 1,3,¡¢¢,¥£¤,£¤,0.6666666666666667,0.6666666666666666,0.9,Satisfied
Case 100,3,¡¢­,¥£¤,£¤,0.6666666666666667,0.6666666666666666,0.9,Satisfied
Case 1001,3,¡¢¥,£¤,£¤,1.0,1.0,0.9,Satisfied
Case 1007,3,¡¢¥,£¤,£¤,1.0,1.0,0.9,Satisfied
Case 1010,3,¡¢­,¥£¤,£¤,0.6666666666666667,0.6666666666666666,0.9,Satisfied
Case 1017,3,¡¢¥,£¥£¤,£¤,0.5,0.6666666666666666,0.9,Satisfied
Case 1019,3,¡¢¥,£¤,£¤,1.0,1.0,0.9,Satisfied
Case 1023,3,¡¥£,¥£¤,¤,0.33333333333333337,0.33333333333333326,0.9,Satisfied
Case 1026,3,¡¢­,¥£¤,£¤,0.6666666666666667,0.6666666666666666,0.9,Satisfied
Case 1027,3,¡¢¥,£¤,£¤,1.0,1.0,0.9,Satisfied
Case 1043,3,¡¢¥,£¤,£¤,1.0,1.0,0.9,Satisfied
Case 105,3,¡¢¥,£¤,£¤,1.0,1.0,0.9,Satisfied
Case 1054,3,¡¢¥,£¤,£¤,1.0,1.0,0.9,Satisfied
Case 1057,3,¡¢­,¥£¤,£¤,0.6666666666666667,0.6666666666666666,0.9,Satisfied
Case 106,3,¡¥£,¤,¤,1.0,1.0,0.9,Satisfied
Case 107,3,¡¢¥,£¤,£¤,1.0,1.0,0.9,Satisfied
Case 1070,3,¡¢¥,£¢¥£¤,£¤,0.4,0.5,0.9,Satisfied
Case 1075,3,¡¢¥,£¤,£¤,1.0,1.0,0.9,Satisfied
Case 1079,3,¡¢¥,¥£¤,£¤,0.6666666666666667,0.6666666666666666,0.9,Satisfied
Case 1087,3,¡¢¥,£¢¥£¤,£¤,0.4,0.5,0.9,Satisfied
Case 1088,3,¡¥£,¥£¤,¤,0.33333333333333337,0.33333333333333326,0.9,Satisfied
Case 1096,3,¡¢¥,£¤,£¤,1.0,1.0,0.9,Satisfied
Case 1101,3,¡¢¥,£¤,£¤,1.0,1.0,0.9,Satisfied
Case 1102,3,¡¢¥,£¥£¤,£¤,0.5,0.6666666666666666,0.9,Satisfied
Case 1104,3,¡¢¥,£¤,£¤,1.0,1.0,0.9,Satisfied
Case 1109,3,¡¢¥,£¤,£¤,1.0,1.0,0.9,Satisfied
Case 1110,3,¡¢¥,£¤,£¤,1.0,1.0,0.9,Satisfied
Case 1111,3,¡¢¥,¢£¤,£¤,0.6666666666666667,0.6666666666666666,0.9,Satisfied
Case 1112,3,¡¢¥,¥£¤,£¤,0.6666666666666667,0.6666666666666666,0.9,Satisfied
Case 1113,3,¡¢¥,£¤,£¤,1.0,1.0,0.9,Satisfied
Case 1116,3,¡¢¥,£¤,£¤,1.0,1.0,0.9,Satisfied
Case 1122,3,¡¢¥,£¤,£¤,1.0,1.0,0.9,Satisfied
Case 1124,3,¡¢¥,£¤,£¤,1.0,1.0,0.9,Satisfied
Case 1129,3,¡¢¥,¢£¤,£¤,0.6666666666666667,0.6666666666666666,0.9,Satisfied
Case 114,3,¡¢¥,¢¥£¤,£¤,0.5,0.5,0.9,Satisfied
Case 1142,3,¡¢¥,­¥£¤,£¤,0.5,0.5,0.9,Satisfied
Case 1144,3,¡¥£,¢­¥£¤,¤,0.19999999999999996,0.19999999999999996,0.9,Satisfied
Case 1145,3,¡¢¥,£¤,£¤,1.0,1.0,0.9,Satisfied
Case 115,3,¡¢¥,¥£¤,£¤,0.6666666666666667,0.6666666666666666,0.9,Satisfied
Case 1156,3,¡¢¥,£¤,£¤,1.0,1.0,0.9,Satisfied
Case 1159,3,¡¢¥,£¤,£¤,1.0,1.0,0.9,Satisfied
Case 1164,3,¡¢¥,£¤,£¤,1.0,1.0,0.9,Satisfied
Case 1169,3,¡¥£,¤,¤,1.0,1.0,0.9,Satisfied
Case 1176,3,¡¢¥,£¤,£¤,1.0,1.0,0.9,Satisfied
Case 1179,3,¡¢¥,£¤,£¤,1.0,1.0,0.9,Satisfied
Case 1185,3,¡¢¥,£¤,£¤,1.0,1.0,0.9,Satisfied
Case 1193,3,¡¢¥,£¤,£¤,1.0,1.0,0.9,Satisfied
Case 12,3,¡¢¥,£¤,£¤,1.0,1.0,0.9,Satisfied
Case 1210,3,¡¥£,¤,¤,1.0,1.0,0.9,Satisfied
Case 1221,3,¡¢¥,£¤,£¤,1.0,1.0,0.9,Satisfied
Case 1235,3,¡¢¥,¥£¤,£¤,0.6666666666666667,0.6666666666666666,0.9,Satisfied
Case 1238,3,¡¢¥,­£¤,£¤,0.6666666666666667,0.6666666666666666,0.9,Satisfied
Case 1239,3,¡¢¥,£¤,£¤,1.0,1.0,0.9,Satisfied
Case 1246,3,¡¢¥,£¤,£¤,1.0,1.0,0.9,Satisfied
Case 1249,3,§¥¥,¥¥,¢£¤,0.0,0.0,0.9,Satisfied
Case 1250,3,¢¥£,¢¥£¤,¤,0.25,0.25,0.9,Satisfied
Case 1254,3,¡¡¥,¥£¤,¢£¤,0.6666666666666667,0.5,0.9,Satisfied
Case 1261,3,¢¢¥,£¤,¢£¤,0.6666666666666667,0.6666666666666666,0.9,Satisfied
Case 1269,3,¡¢¢,¥£¤,£¤,0.6666666666666667,0.6666666666666666,0.9,Satisfied
Case 1272,3,¡¢¥,£¤,£¤,1.0,1.0,0.9,Satisfied
Case 1275,3,¡¢¥,£¤,£¤,1.0,1.0,0.9,Satisfied
Case 129,3,¡¥£,¤,¤,1.0,1.0,0.9,Satisfied
Case 1290,3,¡¢¥,£¤,£¤,1.0,1.0,0.9,Satisfied
Case 1292,3,¡¢¥,£¤,£¤,1.0,1.0,0.9,Satisfied
Case 1299,3,¡¢¥,£¤,£¤,1.0,1.0,0.9,Satisfied
Case 13,3,¡¢¥,£¤,£¤,1.0,1.0,0.9,Satisfied
Case 1301,3,¡¢¥,£¤,£¤,1.0,1.0,0.9,Satisfied
Case 1303,3,¡¢­,¥£¤,£¤,0.6666666666666667,0.6666666666666666,0.9,Satisfied
Case 1304,3,¡¢¥,£¤,£¤,1.0,1.0,0.9,Satisfied
Case 1305,3,¡¢¥,£¤,£¤,1.0,1.0,0.9,Satisfied
Case 1309,3,¡¥£,¤,¤,1.0,1.0,0.9,Satisfied
Case 131,3,¡¢¥,£¤,£¤,1.0,1.0,0.9,Satisfied
Case 1313,3,¡¢¥,£¤,£¤,1.0,1.0,0.9,Satisfied
Case 1314,3,¡¢¦,¥£¤,£¤,0.6666666666666667,0.6666666666666666,0.9,Satisfied
Case 1315,3,¡¢¥,£¤,£¤,1.0,1.0,0.9,Satisfied
Case 1318,3,¡¢­,¥£¤,£¤,0.6666666666666667,0.6666666666666666,0.9,Satisfied
Case 1319,3,¡¢¥,£¤,£¤,1.0,1.0,0.9,Satisfied
Case 1323,3,¡¢¥,£¤,£¤,1.0,1.0,0.9,Satisfied
Case 1327,3,¡¥£,¤,¤,1.0,1.0,0.9,Satisfied
Case 1330,3,¡¥£,¥£¤,¤,0.33333333333333337,0.33333333333333326,0.9,Satisfied
Case 1332,3,¡¢¥,£¤,£¤,1.0,1.0,0.9,Satisfied
Case 1338,3,¡¥£,¤,¤,1.0,1.0,0.9,Satisfied
Case 1356,3,¡¢¥,£¤,£¤,1.0,1.0,0.9,Satisfied
Case 1358,3,¡¢¥,£¤,£¤,1.0,1.0,0.9,Satisfied
Case 1364,3,¡¢¥,­­£¤,£¤,0.5,0.6666666666666666,0.9,Satisfied
Case 1366,3,¡¢¥,£¤,£¤,1.0,1.0,0.9,Satisfied
Case 1371,3,¡¥£,¥£¤,¤,0.33333333333333337,0.33333333333333326,0.9,Satisfied
Case 1375,3,¡¢¥,£¤,£¤,1.0,1.0,0.9,Satisfied
Case 1384,3,¡¥£,¥£¤,¤,0.33333333333333337,0.33333333333333326,0.9,Satisfied
Case 1386,3,¡¢¥,£¥£¤,£¤,0.5,0.6666666666666666,0.9,Satisfied
Case 1387,3,¡¢¥,£¤,£¤,1.0,1.0,0.9,Satisfied
Case 1388,3,¡¢­,­¥£¤,£¤,0.5,0.5,0.9,Satisfied
Case 1393,3,¡¡¢,¥£¤,£¤,0.6666666666666667,0.6666666666666666,0.9,Satisfied
Case 1396,3,¡¢¥,£¤,£¤,1.0,1.0,0.9,Satisfied
Case 1397,3,¡¢¥,£¤,£¤,1.0,1.0,0.9,Satisfied
Case 1398,3,¡¢¥,£¤,£¤,1.0,1.0,0.9,Satisfied
Case 140,3,¡¢¥,£¤,£¤,1.0,1.0,0.9,Satisfied
Case 1407,3,¡¢¥,¢¥£¤,£¤,0.5,0.5,0.9,Satisfied
Case 1409,3,¡¢¥,£¤,£¤,1.0,1.0,0.9,Satisfied
Case 1420,3,¡¢¨,¥£¤,£¤,0.6666666666666667,0.6666666666666666,0.9,Satisfied
Case 143,3,¡¢¥,£¤,£¤,1.0,1.0,0.9,Satisfied
Case 1432,3,¡¢¥,£¤,£¤,1.0,1.0,0.9,Satisfied
Case 1433,3,¡¢¥,£¤,£¤,1.0,1.0,0.9,Satisfied
Case 144,3,¡¢¥,£¤,£¤,1.0,1.0,0.9,Satisfied
Case 1441,3,¡¢¥,£¤,£¤,1.0,1.0,0.9,Satisfied
Case 1445,3,¡¢¥,£¤,£¤,1.0,1.0,0.9,Satisfied
Case 1449,3,¡¥¢,¥£¤,£¤,0.6666666666666667,0.6666666666666666,0.9,Satisfied
Case 145,3,¡¢­,¥£¤,£¤,0.6666666666666667,0.6666666666666666,0.9,Satisfied
Case 1450,3,¡¢¥,£¤,£¤,1.0,1.0,0.9,Satisfied
Case 1451,3,¡¢­,¥£¥£¤,£¤,0.4,0.6666666666666666,0.9,Satisfied
Case 1457,3,¡¢¥,£¤,£¤,1.0,1.0,0.9,Satisfied
Case 1460,3,¡¢¥,¢¥£¤,£¤,0.5,0.5,0.9,Satisfied
Case 1464,3,¡¢¥,£¤,£¤,1.0,1.0,0.9,Satisfied
Case 1465,3,¡¢¥,£¤,£¤,1.0,1.0,0.9,Satisfied
Case 1466,3,¡¢¥,£¤,£¤,1.0,1.0,0.9,Satisfied
Case 147,3,¡¢¥,£¤,£¤,1.0,1.0,0.9,Satisfied
Case 1471,3,¡¢­,¥£¤,£¤,0.6666666666666667,0.6666666666666666,0.9,Satisfied
Case 1478,3,¡¡¢,¥¢¥£¤,£¤,0.4,0.5,0.9,Satisfied
Case 1484,3,¡¢¥,£¤,£¤,1.0,1.0,0.9,Satisfied
Case 1487,3,¡¢¥,£¤,£¤,1.0,1.0,0.9,Satisfied
Case 1495,3,¡¢­,­¥£¤,£¤,0.5,0.5,0.9,Satisfied
Case 15,3,¡¡¢,¥£¤,£¤,0.6666666666666667,0.6666666666666666,0.9,Satisfied
Case 1500,3,¡¥£,¥£¤,¤,0.33333333333333337,0.33333333333333326,0.9,Satisfied
Case 1501,3,¢¥£,¥£¤,¤,0.33333333333333337,0.33333333333333326,0.9,Satisfied
Case 1506,3,¡¥¥,¢£¥£¤,¢£¤,0.6,0.75,0.9,Satisfied
Case 1507,3,¡¢¥,£¤,£¤,1.0,1.0,0.9,Satisfied
Case 1509,3,¡¢¥,£¤,£¤,1.0,1.0,0.9,Satisfied
Case 1510,3,¡¢¥,£¤,£¤,1.0,1.0,0.9,Satisfied
Case 1519,3,¡¥£,¥£¤,¤,0.33333333333333337,0.33333333333333326,0.9,Satisfied
Case 1535,3,¡¡¡,¥£¤,¢£¤,0.6666666666666667,0.5,0.9,Satisfied
Case 154,3,¡¢¥,£¤,£¤,1.0,1.0,0.9,Satisfied
Case 1543,3,¡¢¥,£¤,£¤,1.0,1.0,0.9,Satisfied
Case 1553,3,¡¢¥,£¤,£¤,1.0,1.0,0.9,Satisfied
Case 156,3,¡¢¥,£¤,£¤,1.0,1.0,0.9,Satisfied
Case 1562,3,¡¢¥,£¤,£¤,1.0,1.0,0.9,Satisfied
Case 1570,3,¡¢¥,£¤,£¤,1.0,1.0,0.9,Satisfied
Case 1571,3,¡¢¥,¥¥¥¥,£¤,0.0,0.0,0.9,Satisfied
Case 1574,3,¡¢¥,£¤,£¤,1.0,1.0,0.9,Satisfied
Case 1577,3,§¡¡,¢¥£¤,¢£¤,0.75,0.75,0.9,Satisfied
Case 1580,3,¡¢¥,£¤,£¤,1.0,1.0,0.9,Satisfied
Case 1587,3,¡¢¥,£¤,£¤,1.0,1.0,0.9,Satisfied
Case 1603,3,¡¥£,¥£¤,¤,0.33333333333333337,0.33333333333333326,0.9,Satisfied
Case 1604,3,¡¢¥,£¤,£¤,1.0,1.0,0.9,Satisfied
Case 1605,3,¡¢¢,¥£¤,£¤,0.6666666666666667,0.6666666666666666,0.9,Satisfied
Case 1609,3,¡¢¥,£¤,£¤,1.0,1.0,0.9,Satisfied
Case 1610,3,¡¢¥,£¤,£¤,1.0,1.0,0.9,Satisfied
Case 1615,3,¡¢¥,£¤,£¤,1.0,1.0,0.9,Satisfied
Case 1650,3,¡¦¦,¬¬­¥£¤,¥£¤,0.5,0.6,0.9,Satisfied
Case 1655,3,¡¢¥,£¤,£¤,1.0,1.0,0.9,Satisfied
Case 1658,3,¡¢­,¥£¤,£¤,0.6666666666666667,0.6666666666666666,0.9,Satisfied
Case 1663,3,¡¥£,¤,¤,1.0,1.0,0.9,Satisfied
Case 1664,3,¢¥£,¤,¤,1.0,1.0,0.9,Satisfied
Case 1671,3,¡¢¥,£¤,£¤,1.0,1.0,0.9,Satisfied
Case 1674,3,¡¢¥,£¤,£¤,1.0,1.0,0.9,Satisfied
Case 1675,3,¡¢¥,£¤,£¤,1.0,1.0,0.9,Satisfied
Case 1679,3,¡¢¥,£¤,£¤,1.0,1.0,0.9,Satisfied
Case 1681,3,¡¢¥,£¤,£¤,1.0,1.0,0.9,Satisfied
Case 1682,3,¡¢¥,£¤,£¤,1.0,1.0,0.9,Satisfied
Case 169,3,¡¥£,¤,¤,1.0,1.0,0.9,Satisfied
Case 1691,3,§¡¢,¥£¤,¥£¤,1.0,1.0,0.9,Satisfied
Case 1697,3,¡¢¥,£¤,£¤,1.0,1.0,0.9,Satisfied
Case 1704,3,¡¢¥,£¤,£¤,1.0,1.0,0.9,Satisfied
Case 1709,3,¡¢¥,£¤,£¤,1.0,1.0,0.9,Satisfied
Case 1711,3,¡¢¥,£¤,£¤,1.0,1.0,0.9,Satisfied
Case 1718,3,¡¢¥,£¤,£¤,1.0,1.0,0.9,Satisfied
Case 1723,3,¡¢¥,£¤,£¤,1.0,1.0,0.9,Satisfied
Case 1730,3,¡¢¥,£¤,£¤,1.0,1.0,0.9,Satisfied
Case 1735,3,¡­¥,£¥£¤,£¤,0.5,0.6666666666666666,0.9,Satisfied
Case 1746,3,¡¢¥,£¤,£¤,1.0,1.0,0.9,Satisfied
Case 1754,3,¡¢¥,£¤,£¤,1.0,1.0,0.9,Satisfied
Case 1760,3,¡¢¥,£¢¥¢£¤,£¤,0.33333333333333337,0.5,0.9,Satisfied
Case 1761,3,¡¢¥,£¤,£¤,1.0,1.0,0.9,Satisfied
Case 1764,3,¡­¥,£¥£¤,£¤,0.5,0.6666666666666666,0.9,Satisfied
Case 1771,3,¡¢¥,£¤,£¤,1.0,1.0,0.9,Satisfied
Case 1772,3,¡¢¥,£¤,£¤,1.0,1.0,0.9,Satisfied
Case 1776,3,¡¢¥,£¤,£¤,1.0,1.0,0.9,Satisfied
Case 1777,3,¡¢¥,£¤,£¤,1.0,1.0,0.9,Satisfied
Case 1787,3,¡¢¥,¥£¥£¤,£¤,0.4,0.6666666666666666,0.9,Satisfied
Case 1788,3,¡¢¥,£¤,£¤,1.0,1.0,0.9,Satisfied
Case 1791,3,¡¢¥,£¤,£¤,1.0,1.0,0.9,Satisfied
Case 1792,3,¡¢¥,£¤,£¤,1.0,1.0,0.9,Satisfied
Case 1795,3,¡¢¥,£¤,£¤,1.0,1.0,0.9,Satisfied
Case 1799,3,¡¢­,¥£¤,£¤,0.6666666666666667,0.6666666666666666,0.9,Satisfied
Case 18,3,¡¢¥,£¥£¤,£¤,0.5,0.6666666666666666,0.9,Satisfied
Case 1812,3,¡¢¥,£¤,£¤,1.0,1.0,0.9,Satisfied
Case 1813,3,¡¢¥,£¤,£¤,1.0,1.0,0.9,Satisfied
Case 1814,3,¡¢¥,£¤,£¤,1.0,1.0,0.9,Satisfied
Case 1815,3,¡¢¥,£¤,£¤,1.0,1.0,0.9,Satisfied
Case 1817,3,¡¢¥,£¤,£¤,1.0,1.0,0.9,Satisfied
Case 1823,3,¡¢¥,£¤,£¤,1.0,1.0,0.9,Satisfied
Case 1826,3,¡¢¥,£¤,£¤,1.0,1.0,0.9,Satisfied
Case 1828,3,¡¢¥,£¤,£¤,1.0,1.0,0.9,Satisfied
Case 1831,3,¡¢¥,£¤,£¤,1.0,1.0,0.9,Satisfied
Case 184,3,¡¢¢,¥£¤,£¤,0.6666666666666667,0.6666666666666666,0.9,Satisfied
Case 1843,3,¡¡¥,£¤,¢£¤,0.6666666666666667,0.6666666666666666,0.9,Satisfied
Case 1848,3,¡¢¥,£¤,£¤,1.0,1.0,0.9,Satisfied
Case 1858,3,¡¥£,¤,¤,1.0,1.0,0.9,Satisfied
Case 1860,3,¡¢¥,£¤,£¤,1.0,1.0,0.9,Satisfied
Case 1868,3,¡¢¥,£¤,£¤,1.0,1.0,0.9,Satisfied
Case 1869,3,¡¢¥,£¤,£¤,1.0,1.0,0.9,Satisfied
Case 1874,3,§¡¢,¥£¤,¥£¤,1.0,1.0,0.9,Satisfied
Case 1882,3,¡¢¥,£¤,£¤,1.0,1.0,0.9,Satisfied
Case 1884,3,¡¢¥,£¤,£¤,1.0,1.0,0.9,Satisfied
Case 1887,3,¡¢¥,£¤,£¤,1.0,1.0,0.9,Satisfied
Case 1892,3,¡¢¥,£¤,£¤,1.0,1.0,0.9,Satisfied
Case 1894,3,¡¢¥,£¤,£¤,1.0,1.0,0.9,Satisfied
Case 1900,3,¡¢¥,£¤,£¤,1.0,1.0,0.9,Satisfied
Case 1901,3,¡¢¥,£¤,£¤,1.0,1.0,0.9,Satisfied
Case 1903,3,¡¢¥,£¤,£¤,1.0,1.0,0.9,Satisfied
Case 191,3,¡¡¢,¥£¤,£¤,0.6666666666666667,0.6666666666666666,0.9,Satisfied
Case 1915,3,¡¢¥,£¤,£¤,1.0,1.0,0.9,Satisfied
Case 1916,3,¡¢¥,£¤,£¤,1.0,1.0,0.9,Satisfied
Case 1918,3,¡¥£,¤,¤,1.0,1.0,0.9,Satisfied
Case 192,3,¡¡¢,¥£¤¢¥£¤,£¤,0.2857142857142857,0.5,0.9,Satisfied
Case 1924,3,¡¢¥,£¤,£¤,1.0,1.0,0.9,Satisfied
Case 193,3,¡¢¥,£¤,£¤,1.0,1.0,0.9,Satisfied
Case 1946,3,¡¢¥,£¤,£¤,1.0,1.0,0.9,Satisfied
Case 1961,3,¡¢¥,£¤,£¤,1.0,1.0,0.9,Satisfied
Case 1968,3,¡¢¥,£¤,£¤,1.0,1.0,0.9,Satisfied
Case 1975,3,¡¢¥,£¤,£¤,1.0,1.0,0.9,Satisfied
Case 1978,3,¡¥¢,¥£¤,£¤,0.6666666666666667,0.6666666666666666,0.9,Satisfied
Case 1980,3,¡¢¥,£¤,£¤,1.0,1.0,0.9,Satisfied
Case 1987,3,¡¥£,¤,¤,1.0,1.0,0.9,Satisfied
Case 20,3,¡¢¥,£¤,£¤,1.0,1.0,0.9,Satisfied
Case 2007,3,¡¢­,¥£¥£¤,£¤,0.4,0.6666666666666666,0.9,Satisfied
Case 2013,3,¡¢¥,£¤,£¤,1.0,1.0,0.9,Satisfied
Case 202,3,¡¢¥,£¤,£¤,1.0,1.0,0.9,Satisfied
Case 2021,3,¡¢¥,£¤,£¤,1.0,1.0,0.9,Satisfied
Case 2022,3,¡¡¡,¥£¤,¢£¤,0.6666666666666667,0.5,0.9,Satisfied
Case 2035,3,¡¢¦,­¥£¤,£¤,0.5,0.5,0.9,Satisfied
Case 2037,3,¡¥£,¤,¤,1.0,1.0,0.9,Satisfied
Case 2050,3,¡¢¥,£¤,£¤,1.0,1.0,0.9,Satisfied
Case 2059,3,¡¢¥,£¤,£¤,1.0,1.0,0.9,Satisfied
Case 2062,3,¡¢¥,£¤,£¤,1.0,1.0,0.9,Satisfied
Case 2068,3,¡¢¥,£¤,£¤,1.0,1.0,0.9,Satisfied
Case 2074,3,¡¢¥,£¤,£¤,1.0,1.0,0.9,Satisfied
Case 2081,3,¡¢­,¥£¤,£¤,0.6666666666666667,0.6666666666666666,0.9,Satisfied
Case 2083,3,¡¢¥,£¤,£¤,1.0,1.0,0.9,Satisfied
Case 2092,3,¡¢¥,£¤,£¤,1.0,1.0,0.9,Satisfied
Case 2093,3,¡¢¥,£¤,£¤,1.0,1.0,0.9,Satisfied
Case 2097,3,¡¢¥,£¤,£¤,1.0,1.0,0.9,Satisfied
Case 210,3,¡¢¥,£¤,£¤,1.0,1.0,0.9,Satisfied
Case 2103,3,¡¢¥,£¤,£¤,1.0,1.0,0.9,Satisfied
Case 2104,3,¡¢­,¥£¤,£¤,0.6666666666666667,0.6666666666666666,0.9,Satisfied
Case 2105,3,¡¢¥,£¤,£¤,1.0,1.0,0.9,Satisfied
Case 2108,3,¡¢¥,£¤,£¤,1.0,1.0,0.9,Satisfied
Case 211,3,¡¥£,¤,¤,1.0,1.0,0.9,Satisfied
Case 2112,3,¡¢¥,£¤,£¤,1.0,1.0,0.9,Satisfied
Case 2117,3,¡¥¥,£¢¥£¥£¤,¢£¤,0.4285714285714286,0.75,0.9,Satisfied
Case 2121,3,¡¢¥,£¤,£¤,1.0,1.0,0.9,Satisfied
Case 2123,3,¡¡¢,¥£¥£¤,£¤,0.4,0.6666666666666666,0.9,Satisfied
Case 2125,3,¡¢¥,­,£¤,0.0,0.0,0.9,Satisfied
Case 2126,3,¡¢¥,£¤,£¤,1.0,1.0,0.9,Satisfied
Case 2134,3,¡¥¢,£¤,£¤,1.0,1.0,0.9,Satisfied
Case 2141,3,¡¢¥,£¤,£¤,1.0,1.0,0.9,Satisfied
Case 2142,3,¡¢¥,£¤,£¤,1.0,1.0,0.9,Satisfied
Case 2143,3,¡¢­,¥£¤,£¤,0.6666666666666667,0.6666666666666666,0.9,Satisfied
Case 2152,3,¡¢¥,£¤,£¤,1.0,1.0,0.9,Satisfied
Case 2156,3,¡¢¥,£¤,£¤,1.0,1.0,0.9,Satisfied
Case 2157,3,¡¥£,¥£¤,¤,0.33333333333333337,0.33333333333333326,0.9,Satisfied
Case 2163,3,¡¢¥,£¤,£¤,1.0,1.0,0.9,Satisfied
Case 2167,3,¡¢¥,£¤,£¤,1.0,1.0,0.9,Satisfied
Case 2168,3,¡¢¥,¥£¤,£¤,0.6666666666666667,0.6666666666666666,0.9,Satisfied
Case 2172,3,¡¢¥,£¤,£¤,1.0,1.0,0.9,Satisfied
Case 2176,3,¡¢¥,£¤,£¤,1.0,1.0,0.9,Satisfied
Case 2177,3,¡¥¥,£¤,¢£¤,0.6666666666666667,0.6666666666666666,0.9,Satisfied
Case 2183,3,¡¢¥,£¤,£¤,1.0,1.0,0.9,Satisfied
Case 2187,3,¡¢¥,£¤,£¤,1.0,1.0,0.9,Satisfied
Case 2191,3,¡¢¥,£¤,£¤,1.0,1.0,0.9,Satisfied
Case 2197,3,¡¢¥,£¤,£¤,1.0,1.0,0.9,Satisfied
Case 2201,3,¡¢¥,£¤,£¤,1.0,1.0,0.9,Satisfied
Case 2203,3,¡¢¥,£¤,£¤,1.0,1.0,0.9,Satisfied
Case 2210,3,¡¢¥,£¤,£¤,1.0,1.0,0.9,Satisfied
Case 2211,3,¡¢¥,£¤,£¤,1.0,1.0,0.9,Satisfied
Case 2215,3,¡¢¥,£¤,£¤,1.0,1.0,0.9,Satisfied
Case 2219,3,¡¢¥,¢£¤,£¤,0.6666666666666667,0.6666666666666666,0.9,Satisfied
Case 2220,3,¡¢¥,£¤,£¤,1.0,1.0,0.9,Satisfied
Case 2227,3,¡¥£,¥£¤,¤,0.33333333333333337,0.33333333333333326,0.9,Satisfied
Case 2228,3,¡¢¥,£¤,£¤,1.0,1.0,0.9,Satisfied
Case 2229,3,¡¥£,¤,¤,1.0,1.0,0.9,Satisfied
Case 2232,3,¡¥£,¤,¤,1.0,1.0,0.9,Satisfied
Case 2236,3,¡¢¥,£¤,£¤,1.0,1.0,0.9,Satisfied
Case 2239,3,¡¢¥,£¥£¢¥£¤,£¤,0.2857142857142857,0.5,0.9,Satisfied
Case 2245,3,¡¢¥,£¤,£¤,1.0,1.0,0.9,Satisfied
Case 2253,3,¢¥£,¤,¤,1.0,1.0,0.9,Satisfied
Case 2256,3,¡¥£,¤,¤,1.0,1.0,0.9,Satisfied
Case 2267,3,¡¢¥,£¤,£¤,1.0,1.0,0.9,Satisfied
Case 2268,3,¡¢¥,£¤,£¤,1.0,1.0,0.9,Satisfied
Case 2279,3,¡¢¥,£¤,£¤,1.0,1.0,0.9,Satisfied
Case 2285,3,¡¥¢,¥£¤,£¤,0.6666666666666667,0.6666666666666666,0.9,Satisfied
Case 2290,3,¡¢¥,£¤,£¤,1.0,1.0,0.9,Satisfied
Case 2296,3,¡¢¥,£¤,£¤,1.0,1.0,0.9,Satisfied
Case 23,3,¡¢¥,£¤,£¤,1.0,1.0,0.9,Satisfied
Case 230,3,¡¡¢,¥£¤,£¤,0.6666666666666667,0.6666666666666666,0.9,Satisfied
Case 2300,3,¡¢­,­¦­,£¤,0.0,0.0,0.9,Satisfied
Case 2302,3,¡¢¥,£¤,£¤,1.0,1.0,0.9,Satisfied
Case 2308,3,¡¢¥,£¤,£¤,1.0,1.0,0.9,Satisfied
Case 2315,3,¡¢¥,£¤,£¤,1.0,1.0,0.9,Satisfied
Case 232,3,¡¢¥,¥£¥£¤,£¤,0.4,0.6666666666666666,0.9,Satisfied
Case 2322,3,¡¢¥,£¤,£¤,1.0,1.0,0.9,Satisfied
Case 2328,3,¡¢¥,£¤,£¤,1.0,1.0,0.9,Satisfied
Case 233,3,¡¢¥,£¤,£¤,1.0,1.0,0.9,Satisfied
Case 2330,3,¡¢¥,£¤,£¤,1.0,1.0,0.9,Satisfied
Case 2335,3,¡¢¥,£¤,£¤,1.0,1.0,0.9,Satisfied
Case 2342,3,¡¢¥,¥£¤,£¤,0.6666666666666667,0.6666666666666666,0.9,Satisfied
Case 2346,3,§¡¢,¥£¤,¥£¤,1.0,1.0,0.9,Satisfied
Case 2348,3,¡¢¥,£¤,£¤,1.0,1.0,0.9,Satisfied
Case 235,3,§¡¢,¥£¤,¥£¤,1.0,1.0,0.9,Satisfied
Case 2356,3,¡¢¥,¥£¤,£¤,0.6666666666666667,0.6666666666666666,0.9,Satisfied
Case 2362,3,¢¥£,¤,¤,1.0,1.0,0.9,Satisfied
Case 2367,3,¡¢¥,£¤,£¤,1.0,1.0,0.9,Satisfied
Case 2368,3,¡¢¥,£¥£¥£­¢¥£¤,£¤,0.19999999999999996,0.4,0.9,Satisfied
Case 237,3,¡¢­,¥£¤,£¤,0.6666666666666667,0.6666666666666666,0.9,Satisfied
Case 2374,3,¡¢¥,£¤,£¤,1.0,1.0,0.9,Satisfied
Case 2375,3,¡¡¡,¢¥£¤,¢£¤,0.75,0.75,0.9,Satisfied
Case 2380,3,¡¢¥,¢£¤,£¤,0.6666666666666667,0.6666666666666666,0.9,Satisfied
Case 2381,3,¡¡¡,¥£¥£¤,¢£¤,0.4,0.5,0.9,Satisfied
Case 2390,3,¡¢¥,£¤,£¤,1.0,1.0,0.9,Satisfied
Case 2391,3,¡¢¥,£¤,£¤,1.0,1.0,0.9,Satisfied
Case 2398,3,¡¢¥,£¤,£¤,1.0,1.0,0.9,Satisfied
Case 2399,3,¡¢¢,¥£¤,£¤,0.6666666666666667,0.6666666666666666,0.9,Satisfied
Case 2403,3,¡¢¥,£¤,£¤,1.0,1.0,0.9,Satisfied
Case 2415,3,¡¢¥,£¤,£¤,1.0,1.0,0.9,Satisfied
Case 2417,3,¡¢¥,­£¤,£¤,0.6666666666666667,0.6666666666666666,0.9,Satisfied
Case 242,3,¡¢¥,£¤,£¤,1.0,1.0,0.9,Satisfied
Case 2431,3,¡¢¥,£¤,£¤,1.0,1.0,0.9,Satisfied
Case 2432,3,¡¢¥,£¤,£¤,1.0,1.0,0.9,Satisfied
Case 2436,3,¡¥£,¤¢,¤,0.5,0.5,0.9,Satisfied
Case 2447,3,¡¢¢,¥£¤,£¤,0.6666666666666667,0.6666666666666666,0.9,Satisfied
Case 2448,3,¡¢¥,£¤,£¤,1.0,1.0,0.9,Satisfied
Case 2451,3,¡¢¦,­­¥£,£¤,0.0,0.25,0.9,Satisfied
Case 2452,3,¡¢¥,£¤,£¤,1.0,1.0,0.9,Satisfied
Case 2455,3,¡¢¥,£¤,£¤,1.0,1.0,0.9,Satisfied
Case 2458,3,¡¢¥,£¤,£¤,1.0,1.0,0.9,Satisfied
Case 2465,3,¡¢¥,£¤,£¤,1.0,1.0,0.9,Satisfied
Case 2466,3,¡¢­,­¥£¤,£¤,0.5,0.5,0.9,Satisfied
Case 247,3,§¢¥,£¤,£¤,1.0,1.0,0.9,Satisfied
Case 2473,3,¡¢¥,¢¥£¤,£¤,0.5,0.5,0.9,Satisfied
Case 2474,3,¡¢¥,£¤,£¤,1.0,1.0,0.9,Satisfied
Case 2476,3,¡¢­,¥£¤,£¤,0.6666666666666667,0.6666666666666666,0.9,Satisfied
Case 2481,3,¡¢­,¥£¤,£¤,0.6666666666666667,0.6666666666666666,0.9,Satisfied
Case 2490,3,¡¡¢,¥£¤,£¤,0.6666666666666667,0.6666666666666666,0.9,Satisfied
Case 2492,3,¡¢¥,£¤,£¤,1.0,1.0,0.9,Satisfied
Case 2498,3,¡¢¥,£¤,£¤,1.0,1.0,0.9,Satisfied
Case 2499,3,¡¢¥,£¤,£¤,1.0,1.0,0.9,Satisfied
Case 2504,3,¡¢¥,£¤,£¤,1.0,1.0,0.9,Satisfied
Case 2508,3,¡¢¥,£¤,£¤,1.0,1.0,0.9,Satisfied
Case 2512,3,¡¢¥,£¥£¤,£¤,0.5,0.6666666666666666,0.9,Satisfied
Case 2514,3,¡¢¥,¥£¤,£¤,0.6666666666666667,0.6666666666666666,0.9,Satisfied
Case 2522,3,¡¢¥,£¥£¤,£¤,0.5,0.6666666666666666,0.9,Satisfied
Case 253,3,¡¢¥,£¤,£¤,1.0,1.0,0.9,Satisfied
Case 2530,3,¡¢¥,£¤,£¤,1.0,1.0,0.9,Satisfied
Case 2534,3,¡¢¥,£¤,£¤,1.0,1.0,0.9,Satisfied
Case 2541,3,¢¥£,¤,¤,1.0,1.0,0.9,Satisfied
Case 2550,3,¡¢¥,¥£¥£¤,£¤,0.4,0.6666666666666666,0.9,Satisfied
Case 2555,3,¡¢¥,£¤,£¤,1.0,1.0,0.9,Satisfied
Case 2558,3,¡¢¥,£¤,£¤,1.0,1.0,0.9,Satisfied
Case 2569,3,¡¢¥,£¤,£¤,1.0,1.0,0.9,Satisfied
Case 2571,3,¡¢¥,£¤,£¤,1.0,1.0,0.9,Satisfied
Case 2577,3,¡¢¥,£¤,£¤,1.0,1.0,0.9,Satisfied
Case 2581,3,¡¡¢,¥£¤,£¤,0.6666666666666667,0.6666666666666666,0.9,Satisfied
Case 2585,3,¡¢¥,£¤,£¤,1.0,1.0,0.9,Satisfied
Case 2591,3,¡¢¥,£¤,£¤,1.0,1.0,0.9,Satisfied
Case 2593,3,¡­¥,£¤,£¤,1.0,1.0,0.9,Satisfied
Case 2596,3,¡¢¥,£¤,£¤,1.0,1.0,0.9,Satisfied
Case 2598,3,¡¢¥,£¤,£¤,1.0,1.0,0.9,Satisfied
Case 2599,3,¡¢¥,£¤,£¤,1.0,1.0,0.9,Satisfied
Case 2603,3,¡¢¥,£¤,£¤,1.0,1.0,0.9,Satisfied
Case 2607,3,¡¢¥,£¤,£¤,1.0,1.0,0.9,Satisfied
Case 2609,3,¡¢¥,£¤,£¤,1.0,1.0,0.9,Satisfied
Case 261,3,¡¢¥,£¤,£¤,1.0,1.0,0.9,Satisfied
Case 2611,3,¡¢¥,£¤,£¤,1.0,1.0,0.9,Satisfied
Case 2613,3,¡¢¥,¥¥£¥£¤,£¤,0.33333333333333337,0.6666666666666666,0.9,Satisfied
Case 2614,3,¡¢¥,£¤,£¤,1.0,1.0,0.9,Satisfied
Case 2616,3,¡¥£,¤,¤,1.0,1.0,0.9,Satisfied
Case 262,3,¡¢¥,£¥£¤,£¤,0.5,0.6666666666666666,0.9,Satisfied
Case 2620,3,¡¢­,¥£¤,£¤,0.6666666666666667,0.6666666666666666,0.9,Satisfied
Case 2622,3,¢¥£,¤,¤,1.0,1.0,0.9,Satisfied
Case 2625,3,¡¢¥,£¤,£¤,1.0,1.0,0.9,Satisfied
Case 2631,3,¡¢¥,£¤,£¤,1.0,1.0,0.9,Satisfied
Case 2634,3,¡¢¥,£¤,£¤,1.0,1.0,0.9,Satisfied
Case 2643,3,¡¥£,¤,¤,1.0,1.0,0.9,Satisfied
Case 265,3,¡¢¥,£¤,£¤,1.0,1.0,0.9,Satisfied
Case 2659,3,¡¢¥,¥¢£¤,£¤,0.5,0.5,0.9,Satisfied
Case 2665,3,¡¢¥,£¤,£¤,1.0,1.0,0.9,Satisfied
Case 2666,3,¡¡¢,¥¥£¤,£¤,0.5,0.6666666666666666,0.9,Satisfied
Case 2667,3,¡¢¥,¥£¢¥£¤,£¤,0.33333333333333337,0.5,0.9,Satisfied
Case 2668,3,¡¡¢,­¥£¤,£¤,0.5,0.5,0.9,Satisfied
Case 2674,3,¡¢¥,¢£¤,£¤,0.6666666666666667,0.6666666666666666,0.9,Satisfied
Case 2676,3,¡¢¥,£¤,£¤,1.0,1.0,0.9,Satisfied
Case 2681,3,¡¢¥,£¤,£¤,1.0,1.0,0.9,Satisfied
Case 2686,3,¢¥£,¤,¤,1.0,1.0,0.9,Satisfied
Case 2700,3,¡¢¥,£¤,£¤,1.0,1.0,0.9,Satisfied
Case 2713,3,¡¢¥,£¤,£¤,1.0,1.0,0.9,Satisfied
Case 2714,3,¡¢¥,£¤,£¤,1.0,1.0,0.9,Satisfied
Case 2716,3,¡¢¥,£¤,£¤,1.0,1.0,0.9,Satisfied
Case 2720,3,¡¢­,¥£¤,£¤,0.6666666666666667,0.6666666666666666,0.9,Satisfied
Case 2721,3,¡¢¥,£¤,£¤,1.0,1.0,0.9,Satisfied
Case 2734,3,¡¢¥,£¤,£¤,1.0,1.0,0.9,Satisfied
Case 2741,3,¡¢¥,£¤,£¤,1.0,1.0,0.9,Satisfied
Case 2765,3,¡¢¥,¥£¤,£¤,0.6666666666666667,0.6666666666666666,0.9,Satisfied
Case 2770,3,¡¢¥,£¤,£¤,1.0,1.0,0.9,Satisfied
Case 2774,3,¡¥£,¥£¢¥£¤,¤,0.16666666666666663,0.25,0.9,Satisfied
Case 2776,3,¢¥¢,¥£¤,£¤,0.6666666666666667,0.6666666666666666,0.9,Satisfied
Case 2777,3,¡¢¥,£¤,£¤,1.0,1.0,0.9,Satisfied
Case 2788,3,¡¢¥,£¤,£¤,1.0,1.0,0.9,Satisfied
Case 2789,3,¡¢¥,£¤,£¤,1.0,1.0,0.9,Satisfied
Case 2791,3,¡¢¥,£¤,£¤,1.0,1.0,0.9,Satisfied
Case 2797,3,¢¥£,¤,¤,1.0,1.0,0.9,Satisfied
Case 28,3,¡¢¦,­­¥£,£¤,0.0,0.25,0.9,Satisfied
Case 2814,3,¡¢¥,£¤,£¤,1.0,1.0,0.9,Satisfied
Case 282,3,¡¢¥,£¤,£¤,1.0,1.0,0.9,Satisfied
Case 2826,3,¡¢¥,£¤,£¤,1.0,1.0,0.9,Satisfied
Case 2834,3,¡¢¥,£¤,£¤,1.0,1.0,0.9,Satisfied
Case 2839,3,¡¢¥,£¤,£¤,1.0,1.0,0.9,Satisfied
Case 2847,3,¡¢¥,£¤,£¤,1.0,1.0,0.9,Satisfied
Case 2848,3,¡¢¥,£¤,£¤,1.0,1.0,0.9,Satisfied
Case 2849,3,¡¥£,¥£¤,¤,0.33333333333333337,0.33333333333333326,0.9,Satisfied
Case 2851,3,¡¢¥,£¤,£¤,1.0,1.0,0.9,Satisfied
Case 2854,3,¡¢¥,£¤,£¤,1.0,1.0,0.9,Satisfied
Case 286,3,¡¢¥,£¤,£¤,1.0,1.0,0.9,Satisfied
Case 2860,3,¡¢¥,£¤,£¤,1.0,1.0,0.9,Satisfied
Case 2866,3,¡¢¥,£¤,£¤,1.0,1.0,0.9,Satisfied
Case 2873,3,¡¢¥,£¤,£¤,1.0,1.0,0.9,Satisfied
Case 2875,3,¡¢¥,£¤,£¤,1.0,1.0,0.9,Satisfied
Case 2881,3,¡­­,¥£¤,¥£¤,1.0,1.0,0.9,Satisfied
Case 2891,3,¡¢¥,£¤,£¤,1.0,1.0,0.9,Satisfied
Case 2897,3,¡¢­,¢¥£¤,£¤,0.5,0.5,0.9,Satisfied
Case 2905,3,¡¢¥,£¤,£¤,1.0,1.0,0.9,Satisfied
Case 2908,3,¡¢¥,£¤,£¤,1.0,1.0,0.9,Satisfied
Case 2910,3,¡¢¥,£¤,£¤,1.0,1.0,0.9,Satisfied
Case 2918,3,¡¢­,¢¥£¤,£¤,0.5,0.5,0.9,Satisfied
Case 292,3,¡¢¥,£¤,£¤,1.0,1.0,0.9,Satisfied
Case 2931,3,¡¢¥,­£¥£¤,£¤,0.4,0.5,0.9,Satisfied
Case 2932,3,¡¢¥,£¤,£¤,1.0,1.0,0.9,Satisfied
Case 2934,3,¡¢¥,£¤,£¤,1.0,1.0,0.9,Satisfied
Case 2949,3,¡¢¥,£¤,£¤,1.0,1.0,0.9,Satisfied
Case 2956,3,¡¥£,¤,¤,1.0,1.0,0.9,Satisfied
Case 296,3,¡¢¥,£¤,£¤,1.0,1.0,0.9,Satisfied
Case 2962,3,¡¢¥,£¤,£¤,1.0,1.0,0.9,Satisfied
Case 2964,3,¡¢¥,£¤,£¤,1.0,1.0,0.9,Satisfied
Case 2966,3,¡¢¥,£¤,£¤,1.0,1.0,0.9,Satisfied
Case 2968,3,¡¢¥,£¤,£¤,1.0,1.0,0.9,Satisfied
Case 2970,3,¡¢­,¥£¤,£¤,0.6666666666666667,0.6666666666666666,0.9,Satisfied
Case 2971,3,¡¢¥,£¤,£¤,1.0,1.0,0.9,Satisfied
Case 2975,3,¡¥¡,¢¥¥¢£¤,¢£¤,0.5,0.75,0.9,Satisfied
Case 2981,3,¡¡¢,­­¥£¤,£¤,0.4,0.5,0.9,Satisfied
Case 2984,3,¡¢¥,£¥£¤,£¤,0.5,0.6666666666666666,0.9,Satisfied
Case 2988,3,¡¥£,¥£¤,¤,0.33333333333333337,0.33333333333333326,0.9,Satisfied
Case 299,3,¡¢¥,£¤,£¤,1.0,1.0,0.9,Satisfied
Case 2992,3,¡¢¥,£¤,£¤,1.0,1.0,0.9,Satisfied
Case 3002,3,¡¢¥,£¤,£¤,1.0,1.0,0.9,Satisfied
Case 3008,3,¡¢¥,£¤,£¤,1.0,1.0,0.9,Satisfied
Case 3009,3,¡¢¥,¢£¤,£¤,0.6666666666666667,0.6666666666666666,0.9,Satisfied
Case 3010,3,¡¢¥,£¤,£¤,1.0,1.0,0.9,Satisfied
Case 3013,3,¡¢¢,¥£¤,£¤,0.6666666666666667,0.6666666666666666,0.9,Satisfied
Case 3015,3,¡¢­,¥£¤,£¤,0.6666666666666667,0.6666666666666666,0.9,Satisfied
Case 3016,3,¡¡¢,¥£¤,£¤,0.6666666666666667,0.6666666666666666,0.9,Satisfied
Case 3021,3,¡¢¥,£¤,£¤,1.0,1.0,0.9,Satisfied
Case 3027,3,¡¢¥,£¤,£¤,1.0,1.0,0.9,Satisfied
Case 3034,3,¡¢¥,£¤,£¤,1.0,1.0,0.9,Satisfied
Case 3035,3,¡¢¥,£¤,£¤,1.0,1.0,0.9,Satisfied
Case 3037,3,¡¢¥,£¤,£¤,1.0,1.0,0.9,Satisfied
Case 3038,3,¡¢¥,¢¥£¤,£¤,0.5,0.5,0.9,Satisfied
Case 3043,3,¡¢¥,£¤,£¤,1.0,1.0,0.9,Satisfied
Case 3044,3,¡¢¥,£¤,£¤,1.0,1.0,0.9,Satisfied
Case 3046,3,¡¥£,¤,¤,1.0,1.0,0.9,Satisfied
Case 3056,3,¡¢¥,£¤,£¤,1.0,1.0,0.9,Satisfied
Case 3058,3,¡¢­,¥£¥£¤,£¤,0.4,0.6666666666666666,0.9,Satisfied
Case 3059,3,¡¢­,¥£¤,£¤,0.6666666666666667,0.6666666666666666,0.9,Satisfied
Case 3061,3,¡¢­,¥£¤,£¤,0.6666666666666667,0.6666666666666666,0.9,Satisfied
Case 3071,3,¡¢¦,­¥£¤,£¤,0.5,0.5,0.9,Satisfied
Case 3073,3,¡¢¥,£¤,£¤,1.0,1.0,0.9,Satisfied
Case 3077,3,¡­¥,£¤,£¤,1.0,1.0,0.9,Satisfied
Case 3078,3,¡¢¥,£¤,£¤,1.0,1.0,0.9,Satisfied
Case 308,3,¡¢¥,£¤,£¤,1.0,1.0,0.9,Satisfied
Case 3082,3,¡¡¢,¥£¤,£¤,0.6666666666666667,0.6666666666666666,0.9,Satisfied
Case 3083,3,¡¢¥,£¤,£¤,1.0,1.0,0.9,Satisfied
Case 3086,3,¡¢¥,£¤,£¤,1.0,1.0,0.9,Satisfied
Case 3095,3,¡¢¥,£¤,£¤,1.0,1.0,0.9,Satisfied
Case 31,3,¡¢¦,­¥£¤,£¤,0.5,0.5,0.9,Satisfied
Case 3103,3,¡¢­,¥£¤,£¤,0.6666666666666667,0.6666666666666666,0.9,Satisfied
Case 3112,3,¡¢¥,£¤,£¤,1.0,1.0,0.9,Satisfied
Case 3113,3,¡¢¥,¥¢¥£¤,£¤,0.4,0.5,0.9,Satisfied
Case 3118,3,¡¢¥,¥¦£¤,£¤,0.5,0.5,0.9,Satisfied
Case 3121,3,¡¢¥,£¡¢¥£¤,£¤,0.33333333333333337,0.4,0.9,Satisfied
Case 3126,3,¡¢¥,£¤,£¤,1.0,1.0,0.9,Satisfied
Case 3128,3,¡¢¥,£¤,£¤,1.0,1.0,0.9,Satisfied
Case 313,3,¡¢¥,­¥£¥£¤,£¤,0.33333333333333337,0.5,0.9,Satisfied
Case 3139,3,¡¢­,¢¥£¤,£¤,0.5,0.5,0.9,Satisfied
Case 3142,3,¡¢¥,£¤,£¤,1.0,1.0,0.9,Satisfied
Case 3145,3,¡¢¥,£¤,£¤,1.0,1.0,0.9,Satisfied
Case 3148,3,¢¥£,¤,¤,1.0,1.0,0.9,Satisfied
Case 317,3,¡¢­,¥£¤,£¤,0.6666666666666667,0.6666666666666666,0.9,Satisfied
Case 3172,3,¡¢¥,£¤,£¤,1.0,1.0,0.9,Satisfied
Case 3176,3,¡¢­,¥£¤,£¤,0.6666666666666667,0.6666666666666666,0.9,Satisfied
Case 3180,3,¡¢¥,£¤,£¤,1.0,1.0,0.9,Satisfied
Case 3182,3,¡¢¥,£¤,£¤,1.0,1.0,0.9,Satisfied
Case 3184,3,¡¢¥,£¤,£¤,1.0,1.0,0.9,Satisfied
Case 3186,3,¡¢¥,£¤,£¤,1.0,1.0,0.9,Satisfied
Case 3188,3,¡¢¥,£¤,£¤,1.0,1.0,0.9,Satisfied
Case 3192,3,¡¢¦,¥£¤,£¤,0.6666666666666667,0.6666666666666666,0.9,Satisfied
Case 3212,3,¡¢¥,£¤,£¤,1.0,1.0,0.9,Satisfied
Case 3214,3,¡¢¦,¥£¤,£¤,0.6666666666666667,0.6666666666666666,0.9,Satisfied
Case 3222,3,¡¢¥,£¤,£¤,1.0,1.0,0.9,Satisfied
Case 3226,3,¡¥£,¤,¤,1.0,1.0,0.9,Satisfied
Case 3229,3,¡¢¥,£¤,£¤,1.0,1.0,0.9,Satisfied
Case 323,3,¡¢¥,£¤,£¤,1.0,1.0,0.9,Satisfied
Case 3231,3,¡¢¥,£¤,£¤,1.0,1.0,0.9,Satisfied
Case 3233,3,¡¢¥,£¤,£¤,1.0,1.0,0.9,Satisfied
Case 3239,3,¡¥£,¤,¤,1.0,1.0,0.9,Satisfied
Case 324,3,¢¥£,¤,¤,1.0,1.0,0.9,Satisfied
Case 3240,3,¡¢¥,£¤,£¤,1.0,1.0,0.9,Satisfied
Case 3249,3,¡¢­,­¢¥£¥£¤,£¤,0.2857142857142857,0.4,0.9,Satisfied
Case 3251,3,¡¢¥,£¤,£¤,1.0,1.0,0.9,Satisfied
Case 3253,3,¡¢¥,£¤,£¤,1.0,1.0,0.9,Satisfied
Case 326,3,¡¢­,­¥£¤,£¤,0.5,0.5,0.9,Satisfied
Case 3260,3,¡¢¥,£¤,£¤,1.0,1.0,0.9,Satisfied
Case 3262,3,¡¢¥,£¤,£¤,1.0,1.0,0.9,Satisfied
Case 3273,3,¡¢¥,£¤,£¤,1.0,1.0,0.9,Satisfied
Case 3276,3,¡¢­,¥£¤,£¤,0.6666666666666667,0.6666666666666666,0.9,Satisfied
Case 3288,3,¡¢¥,£¥£¤,£¤,0.5,0.6666666666666666,0.9,Satisfied
Case 3289,3,¡¢¥,£¤,£¤,1.0,1.0,0.9,Satisfied
Case 3294,3,¡¢¥,¢£¤,£¤,0.6666666666666667,0.6666666666666666,0.9,Satisfied
Case 33,3,¡¢¥,£¤,£¤,1.0,1.0,0.9,Satisfied
Case 331,3,¡¢­,¥£¤,£¤,0.6666666666666667,0.6666666666666666,0.9,Satisfied
Case 3314,3,¡¢¥,£¤,£¤,1.0,1.0,0.9,Satisfied
Case 3315,3,¡¢¥,£¤,£¤,1.0,1.0,0.9,Satisfied
Case 332,3,¡¢¥,£¤,£¤,1.0,1.0,0.9,Satisfied
Case 3323,3,¡¢¦,­­¥£,£¤,0.0,0.25,0.9,Satisfied
Case 3324,3,¡¢¥,£¤,£¤,1.0,1.0,0.9,Satisfied
Case 333,3,¡¢¥,£¤,£¤,1.0,1.0,0.9,Satisfied
Case 3331,3,¡¢¥,£¤,£¤,1.0,1.0,0.9,Satisfied
Case 3334,3,¡¢¥,£¤,£¤,1.0,1.0,0.9,Satisfied
Case 3336,3,¡¢¥,£¤,£¤,1.0,1.0,0.9,Satisfied
Case 3338,3,¡­¥,£¤,£¤,1.0,1.0,0.9,Satisfied
Case 3341,3,¡¢¥,£¤,£¤,1.0,1.0,0.9,Satisfied
Case 3344,3,¡¥£,¥£¢¥£¥£¤,¤,0.125,0.25,0.9,Satisfied
Case 3349,3,¡¢¥,£¤,£¤,1.0,1.0,0.9,Satisfied
Case 3351,3,¡¢¥,£¥£¤,£¤,0.5,0.6666666666666666,0.9,Satisfied
Case 3357,3,¡¢¥,£¤,£¤,1.0,1.0,0.9,Satisfied
Case 3358,3,¡¢­,¥£¤,£¤,0.6666666666666667,0.6666666666666666,0.9,Satisfied
Case 3360,3,¡¢¥,£¤,£¤,1.0,1.0,0.9,Satisfied
Case 3362,3,¡¢¥,£¤,£¤,1.0,1.0,0.9,Satisfied
Case 337,3,¡¢¥,£¤,£¤,1.0,1.0,0.9,Satisfied
Case 3372,3,¡¢¥,£¤,£¤,1.0,1.0,0.9,Satisfied
Case 3373,3,¡¢¥,£¤,£¤,1.0,1.0,0.9,Satisfied
Case 3376,3,¡¢¥,£¤,£¤,1.0,1.0,0.9,Satisfied
Case 3382,3,¡¢¥,£¤,£¤,1.0,1.0,0.9,Satisfied
Case 3398,3,¡¢¥,£¤,£¤,1.0,1.0,0.9,Satisfied
Case 34,3,¡¢¥,¥£¤,£¤,0.6666666666666667,0.6666666666666666,0.9,Satisfied
Case 3403,3,¡¢¥,£¤,£¤,1.0,1.0,0.9,Satisfied
Case 3409,3,¡¢¦,¬¬­,£¤,0.0,0.0,0.9,Satisfied
Case 3413,3,¡¢¥,£¤,£¤,1.0,1.0,0.9,Satisfied
Case 3416,3,¡¥£,¤,¤,1.0,1.0,0.9,Satisfied
Case 3418,3,¡¢­,¥£¤,£¤,0.6666666666666667,0.6666666666666666,0.9,Satisfied
Case 3419,3,¡¢¥,£¤,£¤,1.0,1.0,0.9,Satisfied
Case 3426,3,¡¢¥,£¤,£¤,1.0,1.0,0.9,Satisfied
Case 3428,3,¡¢¥,£¤,£¤,1.0,1.0,0.9,Satisfied
Case 343,3,¡¢¥,£¤,£¤,1.0,1.0,0.9,Satisfied
Case 3436,3,¡¢¥,¥¥¥£¤,£¤,0.4,0.6666666666666666,0.9,Satisfied
Case 3439,3,¢¥£,¢¥¢¥£¤,¤,0.16666666666666663,0.25,0.9,Satisfied
Case 3440,3,¡¢¥,£¤,£¤,1.0,1.0,0.9,Satisfied
Case 3442,3,¡¢¥,£¤,£¤,1.0,1.0,0.9,Satisfied
Case 3443,3,¡¢­,¥£,£¤,0.0,0.33333333333333326,0.9,Satisfied
Case 3444,3,¡¦¦,¬¬­¥£¤,¥£¤,0.5,0.6,0.9,Satisfied
Case 3448,3,¡¢¥,£¤,£¤,1.0,1.0,0.9,Satisfied
Case 3449,3,¡¡¢,¥£¤,£¤,0.6666666666666667,0.6666666666666666,0.9,Satisfied
Case 345,3,¡¢¥,£¤,£¤,1.0,1.0,0.9,Satisfied
Case 3454,3,¡¢¢,¥£¤,£¤,0.6666666666666667,0.6666666666666666,0.9,Satisfied
Case 346,3,¡¥¥,£¤,¢£¤,0.6666666666666667,0.6666666666666666,0.9,Satisfied
Case 3462,3,¡¢¥,£¤,£¤,1.0,1.0,0.9,Satisfied
Case 3465,3,¡¢¥,£¤,£¤,1.0,1.0,0.9,Satisfied
Case 3475,3,¡¢¥,£¤,£¤,1.0,1.0,0.9,Satisfied
Case 348,3,¡¢¥,£¤,£¤,1.0,1.0,0.9,Satisfied
Case 349,3,¡¢¥,£¤,£¤,1.0,1.0,0.9,Satisfied
Case 3498,3,¡¢¥,£¤,£¤,1.0,1.0,0.9,Satisfied
Case 3511,3,¡¢¥,£¤,£¤,1.0,1.0,0.9,Satisfied
Case 3516,3,¡¢­,¥£¤,£¤,0.6666666666666667,0.6666666666666666,0.9,Satisfied
Case 3517,3,¡¢¥,£¤,£¤,1.0,1.0,0.9,Satisfied
Case 3529,3,¡¢¥,£¤,£¤,1.0,1.0,0.9,Satisfied
Case 3530,3,¡¢¥,£¤,£¤,1.0,1.0,0.9,Satisfied
Case 3532,3,¡¢¥,£¤,£¤,1.0,1.0,0.9,Satisfied
Case 3535,3,¡¢¥,£¤,£¤,1.0,1.0,0.9,Satisfied
Case 3537,3,¡¢¥,£¤,£¤,1.0,1.0,0.9,Satisfied
Case 3539,3,¡¢¥,£¤,£¤,1.0,1.0,0.9,Satisfied
Case 3542,3,¡¢¥,£¤,£¤,1.0,1.0,0.9,Satisfied
Case 3543,3,¡¢¥,£¤,£¤,1.0,1.0,0.9,Satisfied
Case 3546,3,¡¢¥,£¤,£¤,1.0,1.0,0.9,Satisfied
Case 3551,3,¡¢¥,£¤,£¤,1.0,1.0,0.9,Satisfied
Case 3552,3,¡¢¥,£¤,£¤,1.0,1.0,0.9,Satisfied
Case 3562,3,¡¢¥,£¢¥£¤,£¤,0.4,0.5,0.9,Satisfied
Case 3563,3,¡¢¥,£¤,£¤,1.0,1.0,0.9,Satisfied
Case 3565,3,¡¢¥,£¤,£¤,1.0,1.0,0.9,Satisfied
Case 3567,3,¡¢¥,£¤,£¤,1.0,1.0,0.9,Satisfied
Case 3569,3,¢¥£,¤,¤,1.0,1.0,0.9,Satisfied
Case 3582,3,¡¢¥,£¤,£¤,1.0,1.0,0.9,Satisfied
Case 3583,3,¡¢¥,£¤,£¤,1.0,1.0,0.9,Satisfied
Case 3592,3,¡¢¥,£¤,£¤,1.0,1.0,0.9,Satisfied
Case 3599,3,¡¢¥,£¤,£¤,1.0,1.0,0.9,Satisfied
Case 3600,3,¡¢¥,£¤,£¤,1.0,1.0,0.9,Satisfied
Case 3601,3,¡¢¥,£¤,£¤,1.0,1.0,0.9,Satisfied
Case 361,3,¡¢¥,£¢¥£¤,£¤,0.4,0.5,0.9,Satisfied
Case 3613,3,¡¢­,¥£¤,£¤,0.6666666666666667,0.6666666666666666,0.9,Satisfied
Case 3614,3,¡¢¥,£¤,£¤,1.0,1.0,0.9,Satisfied
Case 3634,3,¢¥£,¤,¤,1.0,1.0,0.9,Satisfied
Case 3638,3,¡¢¥,£¤,£¤,1.0,1.0,0.9,Satisfied
Case 364,3,¡¢¥,£¤,£¤,1.0,1.0,0.9,Satisfied
Case 3641,3,¡¢¥,£¤,£¤,1.0,1.0,0.9,Satisfied
Case 3643,3,¡¢¥,£¤,£¤,1.0,1.0,0.9,Satisfied
Case 3645,3,¡¢­,¥£¤,£¤,0.6666666666666667,0.6666666666666666,0.9,Satisfied
Case 3653,3,¡¢¥,£¤,£¤,1.0,1.0,0.9,Satisfied
Case 3654,3,¡¢¥,£¤,£¤,1.0,1.0,0.9,Satisfied
Case 3656,3,¡¢¥,¥£¤,£¤,0.6666666666666667,0.6666666666666666,0.9,Satisfied
Case 3657,3,¡¢¥,£¤,£¤,1.0,1.0,0.9,Satisfied
Case 3662,3,¡¢¥,¥£¤,£¤,0.6666666666666667,0.6666666666666666,0.9,Satisfied
Case 3663,3,¡¢¥,£¤,£¤,1.0,1.0,0.9,Satisfied
Case 3666,3,¡¢¥,£¤,£¤,1.0,1.0,0.9,Satisfied
Case 3669,3,¡¡¢,¥¢­­£¤,£¤,0.33333333333333337,0.4,0.9,Satisfied
Case 367,3,¡¥¥,£¤,¢£¤,0.6666666666666667,0.6666666666666666,0.9,Satisfied
Case 3670,3,¡¢¥,£¤,£¤,1.0,1.0,0.9,Satisfied
Case 3673,3,¡¢¥,¢¥£¤,£¤,0.5,0.5,0.9,Satisfied
Case 3674,3,¡¢¥,£¤,£¤,1.0,1.0,0.9,Satisfied
Case 3676,3,¡¢¥,£¥£¤,£¤,0.5,0.6666666666666666,0.9,Satisfied
Case 3678,3,¡¢¥,£¤,£¤,1.0,1.0,0.9,Satisfied
Case 3688,3,¡¡¢,¥£¤,£¤,0.6666666666666667,0.6666666666666666,0.9,Satisfied
Case 3692,3,¡¥£,¢¥£¤,¤,0.25,0.25,0.9,Satisfied
Case 3696,3,¡¢¥,£¤,£¤,1.0,1.0,0.9,Satisfied
Case 370,3,¡¢¥,£¤,£¤,1.0,1.0,0.9,Satisfied
Case 3705,3,¡¢¥,£¢¥£¤,£¤,0.4,0.5,0.9,Satisfied
Case 3708,3,¡¢¥,£¤,£¤,1.0,1.0,0.9,Satisfied
Case 3738,3,¡¢¥,£¤,£¤,1.0,1.0,0.9,Satisfied
Case 374,3,¡¢¥,£¤,£¤,1.0,1.0,0.9,Satisfied
Case 3742,3,¡¢¥,£¤,£¤,1.0,1.0,0.9,Satisfied
Case 3745,3,¡¢¥,£¤,£¤,1.0,1.0,0.9,Satisfied
Case 3766,3,¡¢¥,£¤,£¤,1.0,1.0,0.9,Satisfied
Case 3770,3,¡¢¥,£¤,£¤,1.0,1.0,0.9,Satisfied
Case 3775,3,¡¢¥,£¤,£¤,1.0,1.0,0.9,Satisfied
Case 3776,3,¡¡¢,¥£¤,£¤,0.6666666666666667,0.6666666666666666,0.9,Satisfied
Case 378,3,¡¢¥,£¤,£¤,1.0,1.0,0.9,Satisfied
Case 3787,3,¡¢¥,¢£¤,£¤,0.6666666666666667,0.6666666666666666,0.9,Satisfied
Case 3798,3,¡¢¥,£¤,£¤,1.0,1.0,0.9,Satisfied
Case 380,3,¡¥£,¤,¤,1.0,1.0,0.9,Satisfied
Case 3802,3,§¡¥,£¤,£¤,1.0,1.0,0.9,Satisfied
Case 3818,3,¡¢¥,£¤,£¤,1.0,1.0,0.9,Satisfied
Case 3819,3,¡¢¥,£¤,£¤,1.0,1.0,0.9,Satisfied
Case 382,3,¡¢¥,¢­£,£¤,0.0,0.25,0.9,Satisfied
Case 3822,3,¡¢¥,£¤,£¤,1.0,1.0,0.9,Satisfied
Case 3832,3,¡¢¥,¥£¢¥£¤,£¤,0.33333333333333337,0.5,0.9,Satisfied
Case 384,3,¡¢¥,£¤,£¤,1.0,1.0,0.9,Satisfied
Case 3844,3,¡¢¥,£¤,£¤,1.0,1.0,0.9,Satisfied
Case 3857,3,¡¢¥,£¤,£¤,1.0,1.0,0.9,Satisfied
Case 3864,3,¡¢¥,£¤,£¤,1.0,1.0,0.9,Satisfied
Case 3865,3,¡¢­,¥£¤,£¤,0.6666666666666667,0.6666666666666666,0.9,Satisfied
Case 3877,3,¡¢¥,£¤,£¤,1.0,1.0,0.9,Satisfied
Case 3880,3,¡¥£,¤,¤,1.0,1.0,0.9,Satisfied
Case 3884,3,¡¢¥,¢£¤,£¤,0.6666666666666667,0.6666666666666666,0.9,Satisfied
Case 3885,3,¡¢¥,£¤,£¤,1.0,1.0,0.9,Satisfied
Case 3888,3,¡¥£,¤,¤,1.0,1.0,0.9,Satisfied
Case 3890,3,¡¢¥,£¤,£¤,1.0,1.0,0.9,Satisfied
Case 3896,3,¡¢¥,£¤,£¤,1.0,1.0,0.9,Satisfied
Case 3898,3,¡¢¥,£¤,£¤,1.0,1.0,0.9,Satisfied
Case 3899,3,¡¢¥,£¤,£¤,1.0,1.0,0.9,Satisfied
Case 39,3,¡¢¥,£¤,£¤,1.0,1.0,0.9,Satisfied
Case 3905,3,¡¢¥,£¤,£¤,1.0,1.0,0.9,Satisfied
Case 3912,3,¡¢¥,£¤,£¤,1.0,1.0,0.9,Satisfied
Case 3913,3,¡¥£,¤,¤,1.0,1.0,0.9,Satisfied
Case 3928,3,¡¢¥,£¤,£¤,1.0,1.0,0.9,Satisfied
Case 3930,3,¡¢¥,£¤,£¤,1.0,1.0,0.9,Satisfied
Case 3933,3,¡¢¥,£¤,£¤,1.0,1.0,0.9,Satisfied
Case 3943,3,¡¢¥,£¤,£¤,1.0,1.0,0.9,Satisfied
Case 3946,3,¡¢¥,£¤,£¤,1.0,1.0,0.9,Satisfied
Case 3957,3,¡¢¢,¥£¤,£¤,0.6666666666666667,0.6666666666666666,0.9,Satisfied
Case 3963,3,¡¢­,­¥£¥£¤,£¤,0.33333333333333337,0.5,0.9,Satisfied
Case 397,3,¡¢¥,£¤,£¤,1.0,1.0,0.9,Satisfied
Case 3974,3,¡¢¥,£¤,£¤,1.0,1.0,0.9,Satisfied
Case 3976,3,¡¢¥,£¤,£¤,1.0,1.0,0.9,Satisfied
Case 3983,3,¡¢¥,£¤,£¤,1.0,1.0,0.9,Satisfied
Case 399,3,¡¢¥,£¤,£¤,1.0,1.0,0.9,Satisfied
Case 3992,3,¡¢­,£¤,£¤,1.0,1.0,0.9,Satisfied
Case 40,3,¡¢£,¤,¤,1.0,1.0,0.9,Satisfied
Case 4004,3,¢££,¤,¤,1.0,1.0,0.9,Satisfied
Case 4006,3,¡¢¥,¢¥£¤,£¤,0.5,0.5,0.9,Satisfied
Case 4009,3,¡¢¥,£¤,£¤,1.0,1.0,0.9,Satisfied
Case 4017,3,¡¢¥,£¤,£¤,1.0,1.0,0.9,Satisfied
Case 402,3,¡¢£,¤,¤,1.0,1.0,0.9,Satisfied
Case 4026,3,¡¢¥,¦­£¤,£¤,0.5,0.5,0.9,Satisfied
Case 4030,3,¡¢£,¤,¤,1.0,1.0,0.9,Satisfied
Case 4031,3,¡££,¤,¤,1.0,1.0,0.9,Satisfied
Case 4032,3,¡¥£,¤,¤,1.0,1.0,0.9,Satisfied
Case 4037,3,¡¢£,¤,¤,1.0,1.0,0.9,Satisfied
Case 4048,3,¡¢£,¤,¤,1.0,1.0,0.9,Satisfied
Case 4054,3,¡¢£,¤,¤,1.0,1.0,0.9,Satisfied
Case 4067,3,¡¢£,¤,¤,1.0,1.0,0.9,Satisfied
Case 4068,3,¡¢£,¤,¤,1.0,1.0,0.9,Satisfied
Case 4069,3,¡¢£,¤,¤,1.0,1.0,0.9,Satisfied
Case 407,3,¡¢¥,£¤,£¤,1.0,1.0,0.9,Satisfied
Case 4073,3,¡¢¥,£¤,£¤,1.0,1.0,0.9,Satisfied
Case 4074,3,¡¢¥,£¤,£¤,1.0,1.0,0.9,Satisfied
Case 408,3,¡¡¢,¥£¤,£¤,0.6666666666666667,0.6666666666666666,0.9,Satisfied
Case 4082,3,¡¢­,£¤,£¤,1.0,1.0,0.9,Satisfied
Case 4084,3,¡¢¥,£¤,£¤,1.0,1.0,0.9,Satisfied
Case 4106,3,¡¢£,¤,¤,1.0,1.0,0.9,Satisfied
Case 4107,3,¡¢¥,¥£¤,£¤,0.6666666666666667,0.6666666666666666,0.9,Satisfied
Case 412,3,¡¢¥,£¤,£¤,1.0,1.0,0.9,Satisfied
Case 4127,3,¡¢£,¤,¤,1.0,1.0,0.9,Satisfied
Case 414,3,¡¡¢,£¤,£¤,1.0,1.0,0.9,Satisfied
Case 4145,3,¡¢£,¤,¤,1.0,1.0,0.9,Satisfied
Case 4147,3,¡¢¥,£¤,£¤,1.0,1.0,0.9,Satisfied
Case 4149,3,¡¢¥,£¤,£¤,1.0,1.0,0.9,Satisfied
Case 4154,3,¡¢£,¤,¤,1.0,1.0,0.9,Satisfied
Case 4156,3,¡¢¥,£¤,£¤,1.0,1.0,0.9,Satisfied
Case 4160,3,¡¢£,¤,¤,1.0,1.0,0.9,Satisfied
Case 4161,3,¡¢£,¤,¤,1.0,1.0,0.9,Satisfied
Case 4162,3,¡¢£,¤,¤,1.0,1.0,0.9,Satisfied
Case 4165,3,¡¡¢,¥£¤,£¤,0.6666666666666667,0.6666666666666666,0.9,Satisfied
Case 4172,3,¡¢¥,£¤,£¤,1.0,1.0,0.9,Satisfied
Case 4183,3,¡­£,¤,¤,1.0,1.0,0.9,Satisfied
Case 4185,3,¡¢­,£¤,£¤,1.0,1.0,0.9,Satisfied
Case 4187,3,¡¢¥,¢¥,£¤,0.0,0.0,0.9,Satisfied
Case 4194,3,¡¢£,¤,¤,1.0,1.0,0.9,Satisfied
Case 4197,3,¡¡¡,¢£¤,¢£¤,1.0,1.0,0.9,Satisfied
Case 4206,3,¡¢£,¤,¤,1.0,1.0,0.9,Satisfied
Case 421,3,¡¢£,¤,¤,1.0,1.0,0.9,Satisfied
Case 4212,3,¡¢£,¤,¤,1.0,1.0,0.9,Satisfied
Case 4241,3,¡¢£,¤,¤,1.0,1.0,0.9,Satisfied
Case 4255,3,¡¢£,£¤,¤,0.5,0.5,0.9,Satisfied
Case 4257,3,¡¢¥,£¤,£¤,1.0,1.0,0.9,Satisfied
Case 4259,3,¡¢¢,£¤,£¤,1.0,1.0,0.9,Satisfied
Case 4268,3,¢¥£,¤,¤,1.0,1.0,0.9,Satisfied
Case 4269,3,¡¢¥,£¤,£¤,1.0,1.0,0.9,Satisfied
Case 427,3,¡¢£,¤,¤,1.0,1.0,0.9,Satisfied
Case 4282,3,¡¢£,¤,¤,1.0,1.0,0.9,Satisfied
Case 4300,3,¡¢¥,¥£¤,£¤,0.6666666666666667,0.6666666666666666,0.9,Satisfied
Case 4301,3,¡¢¥,£¤,£¤,1.0,1.0,0.9,Satisfied
Case 4324,3,¡¢£,¤,¤,1.0,1.0,0.9,Satisfied
Case 4325,3,¡¢£,¤,¤,1.0,1.0,0.9,Satisfied
Case 4326,3,¡¢¥,£¤,£¤,1.0,1.0,0.9,Satisfied
Case 433,3,¡¢¥,¥£¤,£¤,0.6666666666666667,0.6666666666666666,0.9,Satisfied
Case 4332,3,¡¢£,¤,¤,1.0,1.0,0.9,Satisfied
Case 4337,3,¡¢¥,£¤,£¤,1.0,1.0,0.9,Satisfied
Case 4338,3,¡¢¥,¢¥£¤,£¤,0.5,0.5,0.9,Satisfied
Case 4348,3,¡¢­,£¤,£¤,1.0,1.0,0.9,Satisfied
Case 435,3,¡¢­,£¤,£¤,1.0,1.0,0.9,Satisfied
Case 4351,3,¡¢¥,£¤,£¤,1.0,1.0,0.9,Satisfied
Case 4352,3,¡¢¥,£¤,£¤,1.0,1.0,0.9,Satisfied
Case 4353,3,¡¢¢,¥¥£¤,£¤,0.5,0.6666666666666666,0.9,Satisfied
Case 4354,3,¡¢­,£,£¤,0.5,0.5,0.9,Satisfied
Case 4355,3,¡¢£,¤,¤,1.0,1.0,0.9,Satisfied
Case 4359,3,¡¢¥,£¤,£¤,1.0,1.0,0.9,Satisfied
Case 4361,3,¡¢­,£¤,£¤,1.0,1.0,0.9,Satisfied
Case 4365,3,¡¢¥,£¤,£¤,1.0,1.0,0.9,Satisfied
Case 4369,3,¡¢¥,£¤,£¤,1.0,1.0,0.9,Satisfied
Case 4371,3,¡££,¤,¤,1.0,1.0,0.9,Satisfied
Case 438,3,¡¢­,¥£¤,£¤,0.6666666666666667,0.6666666666666666,0.9,Satisfied
Case 4383,3,¡¢£,¤,¤,1.0,1.0,0.9,Satisfied
Case 4385,3,¡¡¢,£¤,£¤,1.0,1.0,0.9,Satisfied
Case 4389,3,¡¢­,£¤,£¤,1.0,1.0,0.9,Satisfied
Case 4394,3,¡¢£,¤,¤,1.0,1.0,0.9,Satisfied
Case 4396,3,¡¢£,¤,¤,1.0,1.0,0.9,Satisfied
Case 4398,3,¡¢¥,¢¥£¤,£¤,0.5,0.5,0.9,Satisfied
Case 4407,3,¡¢¥,£¤,£¤,1.0,1.0,0.9,Satisfied
Case 441,3,¢££,¤,¤,1.0,1.0,0.9,Satisfied
Case 4410,3,¡¢¥,¢£¤,£¤,0.6666666666666667,0.6666666666666666,0.9,Satisfied
Case 4415,3,¡¢£,¤,¤,1.0,1.0,0.9,Satisfied
Case 4417,3,¡¥£,£¤,¤,0.5,0.5,0.9,Satisfied
Case 4419,3,¡¥£,¤,¤,1.0,1.0,0.9,Satisfied
Case 4421,3,¡¢¥,£¤,£¤,1.0,1.0,0.9,Satisfied
Case 4422,3,¡¢£,¤,¤,1.0,1.0,0.9,Satisfied
Case 4423,3,¡¡¢,£¤,£¤,1.0,1.0,0.9,Satisfied
Case 4424,3,¡¢¥,£¤,£¤,1.0,1.0,0.9,Satisfied
Case 4426,3,¡¢¥,£¤,£¤,1.0,1.0,0.9,Satisfied
Case 4431,3,¡¢¥,£¤,£¤,1.0,1.0,0.9,Satisfied
Case 4456,3,¡¢¥,£¤,£¤,1.0,1.0,0.9,Satisfied
Case 446,3,¡¢¥,£¤,£¤,1.0,1.0,0.9,Satisfied
Case 4463,3,¡¢¦,¦¬¬­¦£,£¤,0.0,0.19999999999999996,0.9,Satisfied
Case 4465,3,¡¢¥,£¤,£¤,1.0,1.0,0.9,Satisfied
Case 4469,3,¡¢£,¤,¤,1.0,1.0,0.9,Satisfied
Case 4478,3,¡¢¥,¢£¤,£¤,0.6666666666666667,0.6666666666666666,0.9,Satisfied
Case 4485,3,¡¢¥,£¤,£¤,1.0,1.0,0.9,Satisfied
Case 4487,3,¡¢£,¤,¤,1.0,1.0,0.9,Satisfied
Case 4501,3,¢¥¢,¥£¤,£¤,0.6666666666666667,0.6666666666666666,0.9,Satisfied
Case 4506,3,¡¢¥,£¤,£¤,1.0,1.0,0.9,Satisfied
Case 4511,3,¡¢­,££¤,£¤,0.6666666666666667,1.0,0.9,Satisfied
Case 4530,3,¡¡£,¤,¤,1.0,1.0,0.9,Satisfied
Case 4535,3,¡¢£,¤,¤,1.0,1.0,0.9,Satisfied
Case 4537,3,¡¢£,¤,¤,1.0,1.0,0.9,Satisfied
Case 4558,3,¡¢¥,£¤,£¤,1.0,1.0,0.9,Satisfied
Case 456,3,¡¢£,¤,¤,1.0,1.0,0.9,Satisfied
Case 4563,3,¡¢¥,£¤,£¤,1.0,1.0,0.9,Satisfied
Case 4575,3,¡¢¥,£¤,£¤,1.0,1.0,0.9,Satisfied
Case 46,3,¡¢¢,¥£¤,£¤,0.6666666666666667,0.6666666666666666,0.9,Satisfied
Case 467,3,¡¢¥,¢­£¤,£¤,0.5,0.5,0.9,Satisfied
Case 470,3,¡¢¥,£¤,£¤,1.0,1.0,0.9,Satisfied
Case 474,3,¡¡¡,¢¥£¤,¢£¤,0.75,0.75,0.9,Satisfied
Case 478,3,¡¡¢,¥£¤,£¤,0.6666666666666667,0.6666666666666666,0.9,Satisfied
Case 480,3,¡¢£,¤,¤,1.0,1.0,0.9,Satisfied
Case 483,3,¡¢£,¤,¤,1.0,1.0,0.9,Satisfied
Case 484,3,¡¢¥,£¤,£¤,1.0,1.0,0.9,Satisfied
Case 487,3,¡¢£,¤,¤,1.0,1.0,0.9,Satisfied
Case 496,3,¡¢¥,£¤,£¤,1.0,1.0,0.9,Satisfied
Case 498,3,¡¢£,£¤,¤,0.5,0.5,0.9,Satisfied
Case 502,3,¡¢£,¤,¤,1.0,1.0,0.9,Satisfied
Case 503,3,¡¢¦,­£¤,£¤,0.6666666666666667,0.6666666666666666,0.9,Satisfied
Case 504,3,¡¢¥,£¤,£¤,1.0,1.0,0.9,Satisfied
Case 506,3,¡¢­,£¤,£¤,1.0,1.0,0.9,Satisfied
Case 507,3,¡¢£,¤,¤,1.0,1.0,0.9,Satisfied
Case 520,3,¡¢£,£¤,¤,0.5,0.5,0.9,Satisfied
Case 523,3,¢¥£,¤,¤,1.0,1.0,0.9,Satisfied
Case 525,3,¡¡¢,¥¥,£¤,0.0,0.0,0.9,Satisfied
Case 527,3,¡¥¡,¡¢£¤,¢£¤,0.75,0.75,0.9,Satisfied
Case 529,3,¡¥¥,£¤,¢£¤,0.6666666666666667,0.6666666666666666,0.9,Satisfied
Case 530,3,¡¢¥,¥¥£¤,£¤,0.5,0.6666666666666666,0.9,Satisfied
Case 532,3,¡¢£,¢¥£¤,¤,0.25,0.25,0.9,Satisfied
Case 533,3,¡¢£,¤,¤,1.0,1.0,0.9,Satisfied
Case 54,3,¡¢£,¤,¤,1.0,1.0,0.9,Satisfied
Case 553,3,¡¢¥,£¤,£¤,1.0,1.0,0.9,Satisfied
Case 558,3,¡¢¢,£¤,£¤,1.0,1.0,0.9,Satisfied
Case 559,3,¡¢¥,£¤,£¤,1.0,1.0,0.9,Satisfied
Case 566,3,¡¢¥,¢¥£¤,£¤,0.5,0.5,0.9,Satisfied
Case 575,3,¡¢¥,£¤,£¤,1.0,1.0,0.9,Satisfied
Case 58,3,¡¦­,£¤,¥£¤,0.6666666666666667,0.6666666666666666,0.9,Satisfied
Case 593,3,¡¢£,¤,¤,1.0,1.0,0.9,Satisfied
Case 594,3,¡¢£,¤,¤,1.0,1.0,0.9,Satisfied
Case 595,3,¡¢¥,£¤,£¤,1.0,1.0,0.9,Satisfied
Case 603,3,¡¢£,£¤,¤,0.5,0.5,0.9,Satisfied
Case 606,3,¡¢£,¤,¤,1.0,1.0,0.9,Satisfied
Case 622,3,¡¢¦,£¤,£¤,1.0,1.0,0.9,Satisfied
Case 624,3,¡¢¥,£¤,£¤,1.0,1.0,0.9,Satisfied
Case 626,3,¡¢¥,£¤,£¤,1.0,1.0,0.9,Satisfied
Case 63,3,¡¢£,¤,¤,1.0,1.0,0.9,Satisfied
Case 630,3,¡¢£,¤,¤,1.0,1.0,0.9,Satisfied
Case 631,3,¢¥¢,¥£¤,£¤,0.6666666666666667,0.6666666666666666,0.9,Satisfied
Case 638,3,¡¢¥,¢¥£¤,£¤,0.5,0.5,0.9,Satisfied
Case 639,3,¡¢¥,£¤,£¤,1.0,1.0,0.9,Satisfied
Case 645,3,¡¢£,¤,¤,1.0,1.0,0.9,Satisfied
Case 65,3,¡¢¥,£¤,£¤,1.0,1.0,0.9,Satisfied
Case 656,3,¡¢¥,££¤,£¤,0.6666666666666667,1.0,0.9,Satisfied
Case 664,3,¡¢¥,£¤,£¤,1.0,1.0,0.9,Satisfied
Case 676,3,¢¥£,¤,¤,1.0,1.0,0.9,Satisfied
Case 679,3,¡¢£,¤,¤,1.0,1.0,0.9,Satisfied
Case 685,3,¢¥£,¤,¤,1.0,1.0,0.9,Satisfied
Case 69,3,¡¢£,¤,¤,1.0,1.0,0.9,Satisfied
Case 691,3,¡¢£,¤,¤,1.0,1.0,0.9,Satisfied
Case 696,3,¡¢£,¤,¤,1.0,1.0,0.9,Satisfied
Case 7,3,¡¡¡,¢£¤,¢£¤,1.0,1.0,0.9,Satisfied
Case 701,3,¡¢£,¤,¤,1.0,1.0,0.9,Satisfied
Case 708,3,¡¢¥,£¤,£¤,1.0,1.0,0.9,Satisfied
Case 728,3,¡¢£,¤,¤,1.0,1.0,0.9,Satisfied
Case 732,3,¡¦¢,¦­®«£¤,¥£¤,0.33333333333333337,0.2857142857142857,0.9,Satisfied
Case 747,3,¡¢¥,£¤,£¤,1.0,1.0,0.9,Satisfied
Case 755,3,¡¢£,¤,¤,1.0,1.0,0.9,Satisfied
Case 757,3,¡¢­,¥£¤,£¤,0.6666666666666667,0.6666666666666666,0.9,Satisfied
Case 769,3,¡¢£,¤,¤,1.0,1.0,0.9,Satisfied
Case 77,3,¡¢¥,£¤,£¤,1.0,1.0,0.9,Satisfied
Case 775,3,¡¢¥,£¤,£¤,1.0,1.0,0.9,Satisfied
Case 780,3,¡¢¥,£¤,£¤,1.0,1.0,0.9,Satisfied
Case 782,3,¡¢¥,£¤,£¤,1.0,1.0,0.9,Satisfied
Case 79,3,¡¢¥,¥£¤,£¤,0.6666666666666667,0.6666666666666666,0.9,Satisfied
Case 80,3,¡¢£,¤,¤,1.0,1.0,0.9,Satisfied
Case 805,3,¡¢¥,£¤,£¤,1.0,1.0,0.9,Satisfied
Case 807,3,¡­£,¤,¤,1.0,1.0,0.9,Satisfied
Case 809,3,¡¢¥,£¤,£¤,1.0,1.0,0.9,Satisfied
Case 82,3,¡¢¥,£¤,£¤,1.0,1.0,0.9,Satisfied
Case 821,3,¡¢£,¤,¤,1.0,1.0,0.9,Satisfied
Case 824,3,¡¢£,¤,¤,1.0,1.0,0.9,Satisfied
Case 825,3,¡¢£,¤,¤,1.0,1.0,0.9,Satisfied
Case 826,3,¡¢¥,£¤,£¤,1.0,1.0,0.9,Satisfied
Case 829,3,¡¢£,¤,¤,1.0,1.0,0.9,Satisfied
Case 83,3,¡¢¥,£¤,£¤,1.0,1.0,0.9,Satisfied
Case 831,3,¡¢¥,£¤,£¤,1.0,1.0,0.9,Satisfied
Case 839,3,¢¥£,¤,¤,1.0,1.0,0.9,Satisfied
Case 841,3,¡¢£,¤,¤,1.0,1.0,0.9,Satisfied
Case 845,3,¡¢¥,£¤,£¤,1.0,1.0,0.9,Satisfied
Case 849,3,¡¢£,¤,¤,1.0,1.0,0.9,Satisfied
Case 856,3,¡¢¥,£¤,£¤,1.0,1.0,0.9,Satisfied
Case 868,3,¡¢¦,£¤,£¤,1.0,1.0,0.9,Satisfied
Case 875,3,¡¢£,¤,¤,1.0,1.0,0.9,Satisfied
Case 876,3,¡¢¥,£¤,£¤,1.0,1.0,0.9,Satisfied
Case 881,3,¡¢¥,£¤,£¤,1.0,1.0,0.9,Satisfied
Case 89,3,¡¢£,¤,¤,1.0,1.0,0.9,Satisfied
Case 894,3,¡¢¥,¥£¤,£¤,0.6666666666666667,0.6666666666666666,0.9,Satisfied
Case 901,3,¡££,¤,¤,1.0,1.0,0.9,Satisfied
Case 906,3,¡¢£,¤,¤,1.0,1.0,0.9,Satisfied
Case 910,3,¡¢£,¤,¤,1.0,1.0,0.9,Satisfied
Case 911,3,¡¢¢,£¤,£¤,1.0,1.0,0.9,Satisfied
Case 930,3,¡¢£,¤,¤,1.0,1.0,0.9,Satisfied
Case 939,3,¡¢¥,¥£¤,£¤,0.6666666666666667,0.6666666666666666,0.9,Satisfied
Case 949,3,¡¢£,¤,¤,1.0,1.0,0.9,Satisfied
Case 951,3,¡¢¥,£¤,£¤,1.0,1.0,0.9,Satisfied
Case 954,3,¡¢£,¤,¤,1.0,1.0,0.9,Satisfied
Case 959,3,¡¢£,¤,¤,1.0,1.0,0.9,Satisfied
Case 961,3,¡¢¥,£¤,£¤,1.0,1.0,0.9,Satisfied
Case 962,3,¡¢£,¤,¤,1.0,1.0,0.9,Satisfied
Case 963,3,¡¢£,¤,¤,1.0,1.0,0.9,Satisfied
Case 964,3,¡¢£,¤,¤,1.0,1.0,0.9,Satisfied
Case 97,3,¡¢£,¤,¤,1.0,1.0,0.9,Satisfied
Case 979,3,¡¢£,¤,¤,1.0,1.0,0.9,Satisfied
Case 980,3,¡¡£,¤,¤,1.0,1.0,0.9,Satisfied
Case 986,3,¡¢¥,£¤,£¤,1.0,1.0,0.9,Satisfied
Case 988,3,¡¢¥,£¤,£¤,1.0,1.0,0.9,Satisfied
Case 989,3,¡¢¥,£¤,£¤,1.0,1.0,0.9,Satisfied
Case 998,3,¡¢¥,£¤,£¤,1.0,1.0,0.9,Satisfied
Case 999,3,¡¢£,¤,¤,1.0,1.0,0.9,Satisfied
Case 1,4,¡¢¢¥,£¤,¢£¤,0.6666666666666667,0.6666666666666666,0.5,Satisfied
Case 100,4,¡¢­¥,£¤,¢£¤,0.6666666666666667,0.6666666666666666,0.5,Satisfied
Case 1001,4,¡¢¥£,¤,¤,1.0,1.0,0.5,Satisfied
Case 1007,4,¡¢¥£,¤,¤,1.0,1.0,0.5,Satisfied
Case 1010,4,¡¢­¥,£¤,¢£¤,0.6666666666666667,0.6666666666666666,0.5,Satisfied
Case 1017,4,¡¢¥£,¥£¤,¤,0.33333333333333337,0.33333333333333326,0.5,Satisfied
Case 1019,4,¡¢¥£,¤,¤,1.0,1.0,0.5,Satisfied
Case 1023,4,¡¥£¥,£¤,¢£¤,0.6666666666666667,0.6666666666666666,0.5,Satisfied
Case 1026,4,¡¢­¥,£¤,¢£¤,0.6666666666666667,0.6666666666666666,0.5,Satisfied
Case 1027,4,¡¢¥£,¤,¤,1.0,1.0,0.5,Satisfied
Case 1043,4,¡¢¥£,¤,¤,1.0,1.0,0.5,Satisfied
Case 105,4,¡¢¥£,¤,¤,1.0,1.0,0.5,Satisfied
Case 1054,4,¡¢¥£,¤,¤,1.0,1.0,0.5,Satisfied
Case 1057,4,¡¢­¥,£¤,¢£¤,0.6666666666666667,0.6666666666666666,0.5,Satisfied
Case 107,4,¡¢¥£,¤,¤,1.0,1.0,0.5,Satisfied
Case 1070,4,¡¢¥£,¢¥£¤,¤,0.25,0.25,0.5,Satisfied
Case 1075,4,¡¢¥£,¤,¤,1.0,1.0,0.5,Satisfied
Case 1079,4,¡¢¥¥,£¤,¢£¤,0.6666666666666667,0.6666666666666666,0.5,Satisfied
Case 1087,4,¡¢¥£,¢¥£¤,¤,0.25,0.25,0.5,Satisfied
Case 1088,4,¡¥£¥,£¤,¢£¤,0.6666666666666667,0.6666666666666666,0.5,Satisfied
Case 1096,4,¡¢¥£,¤,¤,1.0,1.0,0.5,Satisfied
Case 1101,4,¡¢¥£,¤,¤,1.0,1.0,0.5,Satisfied
Case 1102,4,¡¢¥£,¥£¤,¤,0.33333333333333337,0.33333333333333326,0.5,Satisfied
Case 1104,4,¡¢¥£,¤,¤,1.0,1.0,0.5,Satisfied
Case 1109,4,¡¢¥£,¤,¤,1.0,1.0,0.5,Satisfied
Case 1110,4,¡¢¥£,¤,¤,1.0,1.0,0.5,Satisfied
Case 1111,4,¡¢¥¢,£¤,£¤,1.0,1.0,0.5,Satisfied
Case 1112,4,¡¢¥¥,£¤,¢£¤,0.6666666666666667,0.6666666666666666,0.5,Satisfied
Case 1113,4,¡¢¥£,¤,¤,1.0,1.0,0.5,Satisfied
Case 1116,4,¡¢¥£,¤,¤,1.0,1.0,0.5,Satisfied
Case 1122,4,¡¢¥£,¤,¤,1.0,1.0,0.5,Satisfied
Case 1124,4,¡¢¥£,¤,¤,1.0,1.0,0.5,Satisfied
Case 1129,4,¡¢¥¢,£¤,£¤,1.0,1.0,0.5,Satisfied
Case 114,4,¡¢¥¢,¥£¤,£¤,0.6666666666666667,0.6666666666666666,0.5,Satisfied
Case 1142,4,¡¢¥­,¥£¤,£¤,0.6666666666666667,0.6666666666666666,0.5,Satisfied
Case 1144,4,¡¥£¢,­¥£¤,£¤,0.5,0.5,0.5,Satisfied
Case 1145,4,¡¢¥£,¤,¤,1.0,1.0,0.5,Satisfied
Case 115,4,¡¢¥¥,£¤,¢£¤,0.6666666666666667,0.6666666666666666,0.5,Satisfied
Case 1156,4,¡¢¥£,¤,¤,1.0,1.0,0.5,Satisfied
Case 1159,4,¡¢¥£,¤,¤,1.0,1.0,0.5,Satisfied
Case 1164,4,¡¢¥£,¤,¤,1.0,1.0,0.5,Satisfied
Case 1176,4,¡¢¥£,¤,¤,1.0,1.0,0.5,Satisfied
Case 1179,4,¡¢¥£,¤,¤,1.0,1.0,0.5,Satisfied
Case 1185,4,¡¢¥£,¤,¤,1.0,1.0,0.5,Satisfied
Case 1193,4,¡¢¥£,¤,¤,1.0,1.0,0.5,Satisfied
Case 12,4,¡¢¥£,¤,¤,1.0,1.0,0.5,Satisfied
Case 1221,4,¡¢¥£,¤,¤,1.0,1.0,0.5,Satisfied
Case 1235,4,¡¢¥¥,£¤,¢£¤,0.6666666666666667,0.6666666666666666,0.5,Satisfied
Case 1238,4,¡¢¥­,£¤,£¤,1.0,1.0,0.5,Satisfied
Case 1239,4,¡¢¥£,¤,¤,1.0,1.0,0.5,Satisfied
Case 1246,4,¡¢¥£,¤,¤,1.0,1.0,0.5,Satisfied
Case 1249,4,§¥¥¥,¥,¢£¤,0.0,0.0,0.5,Satisfied
Case 1250,4,¢¥£¢,¥£¤,£¤,0.6666666666666667,0.6666666666666666,0.5,Satisfied
Case 1254,4,¡¡¥¥,£¤,¢£¤,0.6666666666666667,0.6666666666666666,0.5,Satisfied
Case 1261,4,¢¢¥£,¤,¤,1.0,1.0,0.5,Satisfied
Case 1269,4,¡¢¢¥,£¤,¢£¤,0.6666666666666667,0.6666666666666666,0.5,Satisfied
Case 1272,4,¡¢¥£,¤,¤,1.0,1.0,0.5,Satisfied
Case 1275,4,¡¢¥£,¤,¤,1.0,1.0,0.5,Satisfied
Case 1290,4,¡¢¥£,¤,¤,1.0,1.0,0.5,Satisfied
Case 1292,4,¡¢¥£,¤,¤,1.0,1.0,0.5,Satisfied
Case 1299,4,¡¢¥£,¤,¤,1.0,1.0,0.5,Satisfied
Case 13,4,¡¢¥£,¤,¤,1.0,1.0,0.5,Satisfied
Case 1301,4,¡¢¥£,¤,¤,1.0,1.0,0.5,Satisfied
Case 1303,4,¡¢­¥,£¤,¢£¤,0.6666666666666667,0.6666666666666666,0.5,Satisfied
Case 1304,4,¡¢¥£,¤,¤,1.0,1.0,0.5,Satisfied
Case 1305,4,¡¢¥£,¤,¤,1.0,1.0,0.5,Satisfied
Case 131,4,¡¢¥£,¤,¤,1.0,1.0,0.5,Satisfied
Case 1313,4,¡¢¥£,¤,¤,1.0,1.0,0.5,Satisfied
Case 1314,4,¡¢¦¥,£¤,¢£¤,0.6666666666666667,0.6666666666666666,0.5,Satisfied
Case 1315,4,¡¢¥£,¤,¤,1.0,1.0,0.5,Satisfied
Case 1318,4,¡¢­¥,£¤,¢£¤,0.6666666666666667,0.6666666666666666,0.5,Satisfied
Case 1319,4,¡¢¥£,¤,¤,1.0,1.0,0.5,Satisfied
Case 1323,4,¡¢¥£,¤,¤,1.0,1.0,0.5,Satisfied
Case 1330,4,¡¥£¥,£¤,¢£¤,0.6666666666666667,0.6666666666666666,0.5,Satisfied
Case 1332,4,¡¢¥£,¤,¤,1.0,1.0,0.5,Satisfied
Case 1356,4,¡¢¥£,¤,¤,1.0,1.0,0.5,Satisfied
Case 1358,4,¡¢¥£,¤,¤,1.0,1.0,0.5,Satisfied
Case 1364,4,¡¢¥­,­£¤,£¤,0.6666666666666667,0.6666666666666666,0.5,Satisfied
Case 1366,4,¡¢¥£,¤,¤,1.0,1.0,0.5,Satisfied
Case 1371,4,¡¥£¥,£¤,¢£¤,0.6666666666666667,0.6666666666666666,0.5,Satisfied
Case 1375,4,¡¢¥£,¤,¤,1.0,1.0,0.5,Satisfied
Case 1384,4,¡¥£¥,£¤,¢£¤,0.6666666666666667,0.6666666666666666,0.5,Satisfied
Case 1386,4,¡¢¥£,¥£¤,¤,0.33333333333333337,0.33333333333333326,0.5,Satisfied
Case 1387,4,¡¢¥£,¤,¤,1.0,1.0,0.5,Satisfied
Case 1388,4,¡¢­­,¥£¤,£¤,0.6666666666666667,0.6666666666666666,0.5,Satisfied
Case 1393,4,¡¡¢¥,£¤,¢£¤,0.6666666666666667,0.6666666666666666,0.5,Satisfied
Case 1396,4,¡¢¥£,¤,¤,1.0,1.0,0.5,Satisfied
Case 1397,4,¡¢¥£,¤,¤,1.0,1.0,0.5,Satisfied
Case 1398,4,¡¢¥£,¤,¤,1.0,1.0,0.5,Satisfied
Case 140,4,¡¢¥£,¤,¤,1.0,1.0,0.5,Satisfied
Case 1407,4,¡¢¥¢,¥£¤,£¤,0.6666666666666667,0.6666666666666666,0.5,Satisfied
Case 1409,4,¡¢¥£,¤,¤,1.0,1.0,0.5,Satisfied
Case 1420,4,¡¢¨¥,£¤,¢£¤,0.6666666666666667,0.6666666666666666,0.5,Satisfied
Case 143,4,¡¢¥£,¤,¤,1.0,1.0,0.5,Satisfied
Case 1432,4,¡¢¥£,¤,¤,1.0,1.0,0.5,Satisfied
Case 1433,4,¡¢¥£,¤,¤,1.0,1.0,0.5,Satisfied
Case 144,4,¡¢¥£,¤,¤,1.0,1.0,0.5,Satisfied
Case 1441,4,¡¢¥£,¤,¤,1.0,1.0,0.5,Satisfied
Case 1445,4,¡¢¥£,¤,¤,1.0,1.0,0.5,Satisfied
Case 1449,4,¡¥¢¥,£¤,¢£¤,0.6666666666666667,0.6666666666666666,0.5,Satisfied
Case 145,4,¡¢­¥,£¤,¢£¤,0.6666666666666667,0.6666666666666666,0.5,Satisfied
Case 1450,4,¡¢¥£,¤,¤,1.0,1.0,0.5,Satisfied
Case 1451,4,¡¢­¥,£¥£¤,¢£¤,0.5,0.5,0.5,Satisfied
Case 1457,4,¡¢¥£,¤,¤,1.0,1.0,0.5,Satisfied
Case 1460,4,¡¢¥¢,¥£¤,£¤,0.6666666666666667,0.6666666666666666,0.5,Satisfied
Case 1464,4,¡¢¥£,¤,¤,1.0,1.0,0.5,Satisfied
Case 1465,4,¡¢¥£,¤,¤,1.0,1.0,0.5,Satisfied
Case 1466,4,¡¢¥£,¤,¤,1.0,1.0,0.5,Satisfied
Case 147,4,¡¢¥£,¤,¤,1.0,1.0,0.5,Satisfied
Case 1471,4,¡¢­¥,£¤,¢£¤,0.6666666666666667,0.6666666666666666,0.5,Satisfied
Case 1478,4,¡¡¢¥,¢¥£¤,¢£¤,0.75,0.75,0.5,Satisfied
Case 1484,4,¡¢¥£,¤,¤,1.0,1.0,0.5,Satisfied
Case 1487,4,¡¢¥£,¤,¤,1.0,1.0,0.5,Satisfied
Case 1495,4,¡¢­­,¥£¤,£¤,0.6666666666666667,0.6666666666666666,0.5,Satisfied
Case 15,4,¡¡¢¥,£¤,¢£¤,0.6666666666666667,0.6666666666666666,0.5,Satisfied
Case 1500,4,¡¥£¥,£¤,¢£¤,0.6666666666666667,0.6666666666666666,0.5,Satisfied
Case 1501,4,¢¥£¥,£¤,¢£¤,0.6666666666666667,0.6666666666666666,0.5,Satisfied
Case 1506,4,¡¥¥¢,£¥£¤,£¤,0.5,0.6666666666666666,0.5,Satisfied
Case 1507,4,¡¢¥£,¤,¤,1.0,1.0,0.5,Satisfied
Case 1509,4,¡¢¥£,¤,¤,1.0,1.0,0.5,Satisfied
Case 1510,4,¡¢¥£,¤,¤,1.0,1.0,0.5,Satisfied
Case 1519,4,¡¥£¥,£¤,¢£¤,0.6666666666666667,0.6666666666666666,0.5,Satisfied
Case 1535,4,¡¡¡¥,£¤,¢£¤,0.6666666666666667,0.6666666666666666,0.5,Satisfied
Case 154,4,¡¢¥£,¤,¤,1.0,1.0,0.5,Satisfied
Case 1543,4,¡¢¥£,¤,¤,1.0,1.0,0.5,Satisfied
Case 1553,4,¡¢¥£,¤,¤,1.0,1.0,0.5,Satisfied
Case 156,4,¡¢¥£,¤,¤,1.0,1.0,0.5,Satisfied
Case 1562,4,¡¢¥£,¤,¤,1.0,1.0,0.5,Satisfied
Case 1570,4,¡¢¥£,¤,¤,1.0,1.0,0.5,Satisfied
Case 1571,4,¡¢¥¥,¥¥¥,¢£¤,0.0,0.0,0.5,Satisfied
Case 1574,4,¡¢¥£,¤,¤,1.0,1.0,0.5,Satisfied
Case 1577,4,§¡¡¢,¥£¤,£¤,0.6666666666666667,0.6666666666666666,0.5,Satisfied
Case 1580,4,¡¢¥£,¤,¤,1.0,1.0,0.5,Satisfied
Case 1587,4,¡¢¥£,¤,¤,1.0,1.0,0.5,Satisfied
Case 1603,4,¡¥£¥,£¤,¢£¤,0.6666666666666667,0.6666666666666666,0.5,Satisfied
Case 1604,4,¡¢¥£,¤,¤,1.0,1.0,0.5,Satisfied
Case 1605,4,¡¢¢¥,£¤,¢£¤,0.6666666666666667,0.6666666666666666,0.5,Satisfied
Case 1609,4,¡¢¥£,¤,¤,1.0,1.0,0.5,Satisfied
Case 1610,4,¡¢¥£,¤,¤,1.0,1.0,0.5,Satisfied
Case 1615,4,¡¢¥£,¤,¤,1.0,1.0,0.5,Satisfied
Case 1650,4,¡¦¦¬,¬­¥£¤,£¤,0.4,0.4,0.5,Satisfied
Case 1655,4,¡¢¥£,¤,¤,1.0,1.0,0.5,Satisfied
Case 1658,4,¡¢­¥,£¤,¢£¤,0.6666666666666667,0.6666666666666666,0.5,Satisfied
Case 1671,4,¡¢¥£,¤,¤,1.0,1.0,0.5,Satisfied
Case 1674,4,¡¢¥£,¤,¤,1.0,1.0,0.5,Satisfied
Case 1675,4,¡¢¥£,¤,¤,1.0,1.0,0.5,Satisfied
Case 1679,4,¡¢¥£,¤,¤,1.0,1.0,0.5,Satisfied
Case 1681,4,¡¢¥£,¤,¤,1.0,1.0,0.5,Satisfied
Case 1682,4,¡¢¥£,¤,¤,1.0,1.0,0.5,Satisfied
Case 1691,4,§¡¢¥,£¤,£¤,1.0,1.0,0.5,Satisfied
Case 1697,4,¡¢¥£,¤,¤,1.0,1.0,0.5,Satisfied
Case 1704,4,¡¢¥£,¤,¤,1.0,1.0,0.5,Satisfied
Case 1709,4,¡¢¥£,¤,¤,1.0,1.0,0.5,Satisfied
Case 1711,4,¡¢¥£,¤,¤,1.0,1.0,0.5,Satisfied
Case 1718,4,¡¢¥£,¤,¤,1.0,1.0,0.5,Satisfied
Case 1723,4,¡¢¥£,¤,¤,1.0,1.0,0.5,Satisfied
Case 1730,4,¡¢¥£,¤,¤,1.0,1.0,0.5,Satisfied
Case 1735,4,¡­¥£,¥£¤,¤,0.33333333333333337,0.33333333333333326,0.5,Satisfied
Case 1746,4,¡¢¥£,¤,¤,1.0,1.0,0.5,Satisfied
Case 1754,4,¡¢¥£,¤,¤,1.0,1.0,0.5,Satisfied
Case 1760,4,¡¢¥£,¢¥¢£¤,¤,0.19999999999999996,0.25,0.5,Satisfied
Case 1761,4,¡¢¥£,¤,¤,1.0,1.0,0.5,Satisfied
Case 1764,4,¡­¥£,¥£¤,¤,0.33333333333333337,0.33333333333333326,0.5,Satisfied
Case 1771,4,¡¢¥£,¤,¤,1.0,1.0,0.5,Satisfied
Case 1772,4,¡¢¥£,¤,¤,1.0,1.0,0.5,Satisfied
Case 1776,4,¡¢¥£,¤,¤,1.0,1.0,0.5,Satisfied
Case 1777,4,¡¢¥£,¤,¤,1.0,1.0,0.5,Satisfied
Case 1787,4,¡¢¥¥,£¥£¤,¢£¤,0.5,0.5,0.5,Satisfied
Case 1788,4,¡¢¥£,¤,¤,1.0,1.0,0.5,Satisfied
Case 1791,4,¡¢¥£,¤,¤,1.0,1.0,0.5,Satisfied
Case 1792,4,¡¢¥£,¤,¤,1.0,1.0,0.5,Satisfied
Case 1795,4,¡¢¥£,¤,¤,1.0,1.0,0.5,Satisfied
Case 1799,4,¡¢­¥,£¤,¢£¤,0.6666666666666667,0.6666666666666666,0.5,Satisfied
Case 18,4,¡¢¥£,¥£¤,¤,0.33333333333333337,0.33333333333333326,0.5,Satisfied
Case 1812,4,¡¢¥£,¤,¤,1.0,1.0,0.5,Satisfied
Case 1813,4,¡¢¥£,¤,¤,1.0,1.0,0.5,Satisfied
Case 1814,4,¡¢¥£,¤,¤,1.0,1.0,0.5,Satisfied
Case 1815,4,¡¢¥£,¤,¤,1.0,1.0,0.5,Satisfied
Case 1817,4,¡¢¥£,¤,¤,1.0,1.0,0.5,Satisfied
Case 1823,4,¡¢¥£,¤,¤,1.0,1.0,0.5,Satisfied
Case 1826,4,¡¢¥£,¤,¤,1.0,1.0,0.5,Satisfied
Case 1828,4,¡¢¥£,¤,¤,1.0,1.0,0.5,Satisfied
Case 1831,4,¡¢¥£,¤,¤,1.0,1.0,0.5,Satisfied
Case 184,4,¡¢¢¥,£¤,¢£¤,0.6666666666666667,0.6666666666666666,0.5,Satisfied
Case 1843,4,¡¡¥£,¤,¤,1.0,1.0,0.5,Satisfied
Case 1848,4,¡¢¥£,¤,¤,1.0,1.0,0.5,Satisfied
Case 1860,4,¡¢¥£,¤,¤,1.0,1.0,0.5,Satisfied
Case 1868,4,¡¢¥£,¤,¤,1.0,1.0,0.5,Satisfied
Case 1869,4,¡¢¥£,¤,¤,1.0,1.0,0.5,Satisfied
Case 1874,4,§¡¢¥,£¤,£¤,1.0,1.0,0.5,Satisfied
Case 1882,4,¡¢¥£,¤,¤,1.0,1.0,0.5,Satisfied
Case 1884,4,¡¢¥£,¤,¤,1.0,1.0,0.5,Satisfied
Case 1887,4,¡¢¥£,¤,¤,1.0,1.0,0.5,Satisfied
Case 1892,4,¡¢¥£,¤,¤,1.0,1.0,0.5,Satisfied
Case 1894,4,¡¢¥£,¤,¤,1.0,1.0,0.5,Satisfied
Case 1900,4,¡¢¥£,¤,¤,1.0,1.0,0.5,Satisfied
Case 1901,4,¡¢¥£,¤,¤,1.0,1.0,0.5,Satisfied
Case 1903,4,¡¢¥£,¤,¤,1.0,1.0,0.5,Satisfied
Case 191,4,¡¡¢¥,£¤,¢£¤,0.6666666666666667,0.6666666666666666,0.5,Satisfied
Case 1915,4,¡¢¥£,¤,¤,1.0,1.0,0.5,Satisfied
Case 1916,4,¡¢¥£,¤,¤,1.0,1.0,0.5,Satisfied
Case 192,4,¡¡¢¥,£¤¢¥£¤,¢£¤,0.5,0.75,0.5,Satisfied
Case 1924,4,¡¢¥£,¤,¤,1.0,1.0,0.5,Satisfied
Case 193,4,¡¢¥£,¤,¤,1.0,1.0,0.5,Satisfied
Case 1946,4,¡¢¥£,¤,¤,1.0,1.0,0.5,Satisfied
Case 1961,4,¡¢¥£,¤,¤,1.0,1.0,0.5,Satisfied
Case 1968,4,¡¢¥£,¤,¤,1.0,1.0,0.5,Satisfied
Case 1975,4,¡¢¥£,¤,¤,1.0,1.0,0.5,Satisfied
Case 1978,4,¡¥¢¥,£¤,¢£¤,0.6666666666666667,0.6666666666666666,0.5,Satisfied
Case 1980,4,¡¢¥£,¤,¤,1.0,1.0,0.5,Satisfied
Case 20,4,¡¢¥£,¤,¤,1.0,1.0,0.5,Satisfied
Case 2007,4,¡¢­¥,£¥£¤,¢£¤,0.5,0.5,0.5,Satisfied
Case 2013,4,¡¢¥£,¤,¤,1.0,1.0,0.5,Satisfied
Case 202,4,¡¢¥£,¤,¤,1.0,1.0,0.5,Satisfied
Case 2021,4,¡¢¥£,¤,¤,1.0,1.0,0.5,Satisfied
Case 2022,4,¡¡¡¥,£¤,¢£¤,0.6666666666666667,0.6666666666666666,0.5,Satisfied
Case 2035,4,¡¢¦­,¥£¤,£¤,0.6666666666666667,0.6666666666666666,0.5,Satisfied
Case 2050,4,¡¢¥£,¤,¤,1.0,1.0,0.5,Satisfied
Case 2059,4,¡¢¥£,¤,¤,1.0,1.0,0.5,Satisfied
Case 2062,4,¡¢¥£,¤,¤,1.0,1.0,0.5,Satisfied
Case 2068,4,¡¢¥£,¤,¤,1.0,1.0,0.5,Satisfied
Case 2074,4,¡¢¥£,¤,¤,1.0,1.0,0.5,Satisfied
Case 2081,4,¡¢­¥,£¤,¢£¤,0.6666666666666667,0.6666666666666666,0.5,Satisfied
Case 2083,4,¡¢¥£,¤,¤,1.0,1.0,0.5,Satisfied
Case 2092,4,¡¢¥£,¤,¤,1.0,1.0,0.5,Satisfied
Case 2093,4,¡¢¥£,¤,¤,1.0,1.0,0.5,Satisfied
Case 2097,4,¡¢¥£,¤,¤,1.0,1.0,0.5,Satisfied
Case 210,4,¡¢¥£,¤,¤,1.0,1.0,0.5,Satisfied
Case 2103,4,¡¢¥£,¤,¤,1.0,1.0,0.5,Satisfied
Case 2104,4,¡¢­¥,£¤,¢£¤,0.6666666666666667,0.6666666666666666,0.5,Satisfied
Case 2105,4,¡¢¥£,¤,¤,1.0,1.0,0.5,Satisfied
Case 2108,4,¡¢¥£,¤,¤,1.0,1.0,0.5,Satisfied
Case 2112,4,¡¢¥£,¤,¤,1.0,1.0,0.5,Satisfied
Case 2117,4,¡¥¥£,¢¥£¥£¤,¤,0.16666666666666663,0.25,0.5,Satisfied
Case 2121,4,¡¢¥£,¤,¤,1.0,1.0,0.5,Satisfied
Case 2123,4,¡¡¢¥,£¥£¤,¢£¤,0.5,0.5,0.5,Satisfied
Case 2126,4,¡¢¥£,¤,¤,1.0,1.0,0.5,Satisfied
Case 2134,4,¡¥¢£,¤,¤,1.0,1.0,0.5,Satisfied
Case 2141,4,¡¢¥£,¤,¤,1.0,1.0,0.5,Satisfied
Case 2142,4,¡¢¥£,¤,¤,1.0,1.0,0.5,Satisfied
Case 2143,4,¡¢­¥,£¤,¢£¤,0.6666666666666667,0.6666666666666666,0.5,Satisfied
Case 2152,4,¡¢¥£,¤,¤,1.0,1.0,0.5,Satisfied
Case 2156,4,¡¢¥£,¤,¤,1.0,1.0,0.5,Satisfied
Case 2157,4,¡¥£¥,£¤,¢£¤,0.6666666666666667,0.6666666666666666,0.5,Satisfied
Case 2163,4,¡¢¥£,¤,¤,1.0,1.0,0.5,Satisfied
Case 2167,4,¡¢¥£,¤,¤,1.0,1.0,0.5,Satisfied
Case 2168,4,¡¢¥¥,£¤,¢£¤,0.6666666666666667,0.6666666666666666,0.5,Satisfied
Case 2172,4,¡¢¥£,¤,¤,1.0,1.0,0.5,Satisfied
Case 2176,4,¡¢¥£,¤,¤,1.0,1.0,0.5,Satisfied
Case 2177,4,¡¥¥£,¤,¤,1.0,1.0,0.5,Satisfied
Case 2183,4,¡¢¥£,¤,¤,1.0,1.0,0.5,Satisfied
Case 2187,4,¡¢¥£,¤,¤,1.0,1.0,0.5,Satisfied
Case 2191,4,¡¢¥£,¤,¤,1.0,1.0,0.5,Satisfied
Case 2197,4,¡¢¥£,¤,¤,1.0,1.0,0.5,Satisfied
Case 2201,4,¡¢¥£,¤,¤,1.0,1.0,0.5,Satisfied
Case 2203,4,¡¢¥£,¤,¤,1.0,1.0,0.5,Satisfied
Case 2210,4,¡¢¥£,¤,¤,1.0,1.0,0.5,Satisfied
Case 2211,4,¡¢¥£,¤,¤,1.0,1.0,0.5,Satisfied
Case 2215,4,¡¢¥£,¤,¤,1.0,1.0,0.5,Satisfied
Case 2219,4,¡¢¥¢,£¤,£¤,1.0,1.0,0.5,Satisfied
Case 2220,4,¡¢¥£,¤,¤,1.0,1.0,0.5,Satisfied
Case 2227,4,¡¥£¥,£¤,¢£¤,0.6666666666666667,0.6666666666666666,0.5,Satisfied
Case 2228,4,¡¢¥£,¤,¤,1.0,1.0,0.5,Satisfied
Case 2236,4,¡¢¥£,¤,¤,1.0,1.0,0.5,Satisfied
Case 2239,4,¡¢¥£,¥£¢¥£¤,¤,0.16666666666666663,0.25,0.5,Satisfied
Case 2245,4,¡¢¥£,¤,¤,1.0,1.0,0.5,Satisfied
Case 2267,4,¡¢¥£,¤,¤,1.0,1.0,0.5,Satisfied
Case 2268,4,¡¢¥£,¤,¤,1.0,1.0,0.5,Satisfied
Case 2279,4,¡¢¥£,¤,¤,1.0,1.0,0.5,Satisfied
Case 2285,4,¡¥¢¥,£¤,¢£¤,0.6666666666666667,0.6666666666666666,0.5,Satisfied
Case 2290,4,¡¢¥£,¤,¤,1.0,1.0,0.5,Satisfied
Case 2296,4,¡¢¥£,¤,¤,1.0,1.0,0.5,Satisfied
Case 23,4,¡¢¥£,¤,¤,1.0,1.0,0.5,Satisfied
Case 230,4,¡¡¢¥,£¤,¢£¤,0.6666666666666667,0.6666666666666666,0.5,Satisfied
Case 2300,4,¡¢­­,¦­,£¤,0.0,0.0,0.5,Satisfied
Case 2302,4,¡¢¥£,¤,¤,1.0,1.0,0.5,Satisfied
Case 2308,4,¡¢¥£,¤,¤,1.0,1.0,0.5,Satisfied
Case 2315,4,¡¢¥£,¤,¤,1.0,1.0,0.5,Satisfied
Case 232,4,¡¢¥¥,£¥£¤,¢£¤,0.5,0.5,0.5,Satisfied
Case 2322,4,¡¢¥£,¤,¤,1.0,1.0,0.5,Satisfied
Case 2328,4,¡¢¥£,¤,¤,1.0,1.0,0.5,Satisfied
Case 233,4,¡¢¥£,¤,¤,1.0,1.0,0.5,Satisfied
Case 2330,4,¡¢¥£,¤,¤,1.0,1.0,0.5,Satisfied
Case 2335,4,¡¢¥£,¤,¤,1.0,1.0,0.5,Satisfied
Case 2342,4,¡¢¥¥,£¤,¢£¤,0.6666666666666667,0.6666666666666666,0.5,Satisfied
Case 2346,4,§¡¢¥,£¤,£¤,1.0,1.0,0.5,Satisfied
Case 2348,4,¡¢¥£,¤,¤,1.0,1.0,0.5,Satisfied
Case 235,4,§¡¢¥,£¤,£¤,1.0,1.0,0.5,Satisfied
Case 2356,4,¡¢¥¥,£¤,¢£¤,0.6666666666666667,0.6666666666666666,0.5,Satisfied
Case 2367,4,¡¢¥£,¤,¤,1.0,1.0,0.5,Satisfied
Case 2368,4,¡¢¥£,¥£¥£­¢¥£¤,¤,0.11111111111111116,0.19999999999999996,0.5,Satisfied
Case 237,4,¡¢­¥,£¤,¢£¤,0.6666666666666667,0.6666666666666666,0.5,Satisfied
Case 2374,4,¡¢¥£,¤,¤,1.0,1.0,0.5,Satisfied
Case 2375,4,¡¡¡¢,¥£¤,£¤,0.6666666666666667,0.6666666666666666,0.5,Satisfied
Case 2380,4,¡¢¥¢,£¤,£¤,1.0,1.0,0.5,Satisfied
Case 2381,4,¡¡¡¥,£¥£¤,¢£¤,0.5,0.5,0.5,Satisfied
Case 2390,4,¡¢¥£,¤,¤,1.0,1.0,0.5,Satisfied
Case 2391,4,¡¢¥£,¤,¤,1.0,1.0,0.5,Satisfied
Case 2398,4,¡¢¥£,¤,¤,1.0,1.0,0.5,Satisfied
Case 2399,4,¡¢¢¥,£¤,¢£¤,0.6666666666666667,0.6666666666666666,0.5,Satisfied
Case 2403,4,¡¢¥£,¤,¤,1.0,1.0,0.5,Satisfied
Case 2415,4,¡¢¥£,¤,¤,1.0,1.0,0.5,Satisfied
Case 2417,4,¡¢¥­,£¤,£¤,1.0,1.0,0.5,Satisfied
Case 242,4,¡¢¥£,¤,¤,1.0,1.0,0.5,Satisfied
Case 2431,4,¡¢¥£,¤,¤,1.0,1.0,0.5,Satisfied
Case 2432,4,¡¢¥£,¤,¤,1.0,1.0,0.5,Satisfied
Case 2436,4,¡¥£¤,¢,,0.0,0.0,0.5,Satisfied
Case 2447,4,¡¢¢¥,£¤,¢£¤,0.6666666666666667,0.6666666666666666,0.5,Satisfied
Case 2448,4,¡¢¥£,¤,¤,1.0,1.0,0.5,Satisfied
Case 2451,4,¡¢¦­,­¥£,£¤,0.0,0.25,0.5,Satisfied
Case 2452,4,¡¢¥£,¤,¤,1.0,1.0,0.5,Satisfied
Case 2455,4,¡¢¥£,¤,¤,1.0,1.0,0.5,Satisfied
Case 2458,4,¡¢¥£,¤,¤,1.0,1.0,0.5,Satisfied
Case 2465,4,¡¢¥£,¤,¤,1.0,1.0,0.5,Satisfied
Case 2466,4,¡¢­­,¥£¤,£¤,0.6666666666666667,0.6666666666666666,0.5,Satisfied
Case 247,4,§¢¥£,¤,¤,1.0,1.0,0.5,Satisfied
Case 2473,4,¡¢¥¢,¥£¤,£¤,0.6666666666666667,0.6666666666666666,0.5,Satisfied
Case 2474,4,¡¢¥£,¤,¤,1.0,1.0,0.5,Satisfied
Case 2476,4,¡¢­¥,£¤,¢£¤,0.6666666666666667,0.6666666666666666,0.5,Satisfied
Case 2481,4,¡¢­¥,£¤,¢£¤,0.6666666666666667,0.6666666666666666,0.5,Satisfied
Case 2490,4,¡¡¢¥,£¤,¢£¤,0.6666666666666667,0.6666666666666666,0.5,Satisfied
Case 2492,4,¡¢¥£,¤,¤,1.0,1.0,0.5,Satisfied
Case 2498,4,¡¢¥£,¤,¤,1.0,1.0,0.5,Satisfied
Case 2499,4,¡¢¥£,¤,¤,1.0,1.0,0.5,Satisfied
Case 2504,4,¡¢¥£,¤,¤,1.0,1.0,0.5,Satisfied
Case 2508,4,¡¢¥£,¤,¤,1.0,1.0,0.5,Satisfied
Case 2512,4,¡¢¥£,¥£¤,¤,0.33333333333333337,0.33333333333333326,0.5,Satisfied
Case 2514,4,¡¢¥¥,£¤,¢£¤,0.6666666666666667,0.6666666666666666,0.5,Satisfied
Case 2522,4,¡¢¥£,¥£¤,¤,0.33333333333333337,0.33333333333333326,0.5,Satisfied
Case 253,4,¡¢¥£,¤,¤,1.0,1.0,0.5,Satisfied
Case 2530,4,¡¢¥£,¤,¤,1.0,1.0,0.5,Satisfied
Case 2534,4,¡¢¥£,¤,¤,1.0,1.0,0.5,Satisfied
Case 2550,4,¡¢¥¥,£¥£¤,¢£¤,0.5,0.5,0.5,Satisfied
Case 2555,4,¡¢¥£,¤,¤,1.0,1.0,0.5,Satisfied
Case 2558,4,¡¢¥£,¤,¤,1.0,1.0,0.5,Satisfied
Case 2569,4,¡¢¥£,¤,¤,1.0,1.0,0.5,Satisfied
Case 2571,4,¡¢¥£,¤,¤,1.0,1.0,0.5,Satisfied
Case 2577,4,¡¢¥£,¤,¤,1.0,1.0,0.5,Satisfied
Case 2581,4,¡¡¢¥,£¤,¢£¤,0.6666666666666667,0.6666666666666666,0.5,Satisfied
Case 2585,4,¡¢¥£,¤,¤,1.0,1.0,0.5,Satisfied
Case 2591,4,¡¢¥£,¤,¤,1.0,1.0,0.5,Satisfied
Case 2593,4,¡­¥£,¤,¤,1.0,1.0,0.5,Satisfied
Case 2596,4,¡¢¥£,¤,¤,1.0,1.0,0.5,Satisfied
Case 2598,4,¡¢¥£,¤,¤,1.0,1.0,0.5,Satisfied
Case 2599,4,¡¢¥£,¤,¤,1.0,1.0,0.5,Satisfied
Case 2603,4,¡¢¥£,¤,¤,1.0,1.0,0.5,Satisfied
Case 2607,4,¡¢¥£,¤,¤,1.0,1.0,0.5,Satisfied
Case 2609,4,¡¢¥£,¤,¤,1.0,1.0,0.5,Satisfied
Case 261,4,¡¢¥£,¤,¤,1.0,1.0,0.5,Satisfied
Case 2611,4,¡¢¥£,¤,¤,1.0,1.0,0.5,Satisfied
Case 2613,4,¡¢¥¥,¥£¥£¤,¢£¤,0.4,0.5,0.5,Satisfied
Case 2614,4,¡¢¥£,¤,¤,1.0,1.0,0.5,Satisfied
Case 262,4,¡¢¥£,¥£¤,¤,0.33333333333333337,0.33333333333333326,0.5,Satisfied
Case 2620,4,¡¢­¥,£¤,¢£¤,0.6666666666666667,0.6666666666666666,0.5,Satisfied
Case 2625,4,¡¢¥£,¤,¤,1.0,1.0,0.5,Satisfied
Case 2631,4,¡¢¥£,¤,¤,1.0,1.0,0.5,Satisfied
Case 2634,4,¡¢¥£,¤,¤,1.0,1.0,0.5,Satisfied
Case 265,4,¡¢¥£,¤,¤,1.0,1.0,0.5,Satisfied
Case 2659,4,¡¢¥¥,¢£¤,¢£¤,1.0,1.0,0.5,Satisfied
Case 2665,4,¡¢¥£,¤,¤,1.0,1.0,0.5,Satisfied
Case 2666,4,¡¡¢¥,¥£¤,¢£¤,0.6666666666666667,0.5,0.5,Satisfied
Case 2667,4,¡¢¥¥,£¢¥£¤,¢£¤,0.6,0.75,0.5,Satisfied
Case 2668,4,¡¡¢­,¥£¤,£¤,0.6666666666666667,0.6666666666666666,0.5,Satisfied
Case 2674,4,¡¢¥¢,£¤,£¤,1.0,1.0,0.5,Satisfied
Case 2676,4,¡¢¥£,¤,¤,1.0,1.0,0.5,Satisfied
Case 2681,4,¡¢¥£,¤,¤,1.0,1.0,0.5,Satisfied
Case 2700,4,¡¢¥£,¤,¤,1.0,1.0,0.5,Satisfied
Case 2713,4,¡¢¥£,¤,¤,1.0,1.0,0.5,Satisfied
Case 2714,4,¡¢¥£,¤,¤,1.0,1.0,0.5,Satisfied
Case 2716,4,¡¢¥£,¤,¤,1.0,1.0,0.5,Satisfied
Case 2720,4,¡¢­¥,£¤,¢£¤,0.6666666666666667,0.6666666666666666,0.5,Satisfied
Case 2721,4,¡¢¥£,¤,¤,1.0,1.0,0.5,Satisfied
Case 2734,4,¡¢¥£,¤,¤,1.0,1.0,0.5,Satisfied
Case 2741,4,¡¢¥£,¤,¤,1.0,1.0,0.5,Satisfied
Case 2765,4,¡¢¥¥,£¤,¢£¤,0.6666666666666667,0.6666666666666666,0.5,Satisfied
Case 2770,4,¡¢¥£,¤,¤,1.0,1.0,0.5,Satisfied
Case 2774,4,¡¥£¥,£¢¥£¤,¢£¤,0.6,0.75,0.5,Satisfied
Case 2776,4,¢¥¢¥,£¤,¢£¤,0.6666666666666667,0.6666666666666666,0.5,Satisfied
Case 2777,4,¡¢¥£,¤,¤,1.0,1.0,0.5,Satisfied
Case 2788,4,¡¢¥£,¤,¤,1.0,1.0,0.5,Satisfied
Case 2789,4,¡¢¥£,¤,¤,1.0,1.0,0.5,Satisfied
Case 2791,4,¡¢¥£,¤,¤,1.0,1.0,0.5,Satisfied
Case 28,4,¡¢¦­,­¥£,£¤,0.0,0.25,0.5,Satisfied
Case 2814,4,¡¢¥£,¤,¤,1.0,1.0,0.5,Satisfied
Case 282,4,¡¢¥£,¤,¤,1.0,1.0,0.5,Satisfied
Case 2826,4,¡¢¥£,¤,¤,1.0,1.0,0.5,Satisfied
Case 2834,4,¡¢¥£,¤,¤,1.0,1.0,0.5,Satisfied
Case 2839,4,¡¢¥£,¤,¤,1.0,1.0,0.5,Satisfied
Case 2847,4,¡¢¥£,¤,¤,1.0,1.0,0.5,Satisfied
Case 2848,4,¡¢¥£,¤,¤,1.0,1.0,0.5,Satisfied
Case 2849,4,¡¥£¥,£¤,¢£¤,0.6666666666666667,0.6666666666666666,0.5,Satisfied
Case 2851,4,¡¢¥£,¤,¤,1.0,1.0,0.5,Satisfied
Case 2854,4,¡¢¥£,¤,¤,1.0,1.0,0.5,Satisfied
Case 286,4,¡¢¥£,¤,¤,1.0,1.0,0.5,Satisfied
Case 2860,4,¡¢¥£,¤,¤,1.0,1.0,0.5,Satisfied
Case 2866,4,¡¢¥£,¤,¤,1.0,1.0,0.5,Satisfied
Case 2873,4,¡¢¥£,¤,¤,1.0,1.0,0.5,Satisfied
Case 2875,4,¡¢¥£,¤,¤,1.0,1.0,0.5,Satisfied
Case 2881,4,¡­­¥,£¤,£¤,1.0,1.0,0.5,Satisfied
Case 2891,4,¡¢¥£,¤,¤,1.0,1.0,0.5,Satisfied
Case 2897,4,¡¢­¢,¥£¤,£¤,0.6666666666666667,0.6666666666666666,0.5,Satisfied
Case 2905,4,¡¢¥£,¤,¤,1.0,1.0,0.5,Satisfied
Case 2908,4,¡¢¥£,¤,¤,1.0,1.0,0.5,Satisfied
Case 2910,4,¡¢¥£,¤,¤,1.0,1.0,0.5,Satisfied
Case 2918,4,¡¢­¢,¥£¤,£¤,0.6666666666666667,0.6666666666666666,0.5,Satisfied
Case 292,4,¡¢¥£,¤,¤,1.0,1.0,0.5,Satisfied
Case 2931,4,¡¢¥­,£¥£¤,£¤,0.5,0.6666666666666666,0.5,Satisfied
Case 2932,4,¡¢¥£,¤,¤,1.0,1.0,0.5,Satisfied
Case 2934,4,¡¢¥£,¤,¤,1.0,1.0,0.5,Satisfied
Case 2949,4,¡¢¥£,¤,¤,1.0,1.0,0.5,Satisfied
Case 296,4,¡¢¥£,¤,¤,1.0,1.0,0.5,Satisfied
Case 2962,4,¡¢¥£,¤,¤,1.0,1.0,0.5,Satisfied
Case 2964,4,¡¢¥£,¤,¤,1.0,1.0,0.5,Satisfied
Case 2966,4,¡¢¥£,¤,¤,1.0,1.0,0.5,Satisfied
Case 2968,4,¡¢¥£,¤,¤,1.0,1.0,0.5,Satisfied
Case 2970,4,¡¢­¥,£¤,¢£¤,0.6666666666666667,0.6666666666666666,0.5,Satisfied
Case 2971,4,¡¢¥£,¤,¤,1.0,1.0,0.5,Satisfied
Case 2975,4,¡¥¡¢,¥¥¢£¤,£¤,0.4,0.5,0.5,Satisfied
Case 2981,4,¡¡¢­,­¥£¤,£¤,0.5,0.5,0.5,Satisfied
Case 2984,4,¡¢¥£,¥£¤,¤,0.33333333333333337,0.33333333333333326,0.5,Satisfied
Case 2988,4,¡¥£¥,£¤,¢£¤,0.6666666666666667,0.6666666666666666,0.5,Satisfied
Case 299,4,¡¢¥£,¤,¤,1.0,1.0,0.5,Satisfied
Case 2992,4,¡¢¥£,¤,¤,1.0,1.0,0.5,Satisfied
Case 3002,4,¡¢¥£,¤,¤,1.0,1.0,0.5,Satisfied
Case 3008,4,¡¢¥£,¤,¤,1.0,1.0,0.5,Satisfied
Case 3009,4,¡¢¥¢,£¤,£¤,1.0,1.0,0.5,Satisfied
Case 3010,4,¡¢¥£,¤,¤,1.0,1.0,0.5,Satisfied
Case 3013,4,¡¢¢¥,£¤,¢£¤,0.6666666666666667,0.6666666666666666,0.5,Satisfied
Case 3015,4,¡¢­¥,£¤,¢£¤,0.6666666666666667,0.6666666666666666,0.5,Satisfied
Case 3016,4,¡¡¢¥,£¤,¢£¤,0.6666666666666667,0.6666666666666666,0.5,Satisfied
Case 3021,4,¡¢¥£,¤,¤,1.0,1.0,0.5,Satisfied
Case 3027,4,¡¢¥£,¤,¤,1.0,1.0,0.5,Satisfied
Case 3034,4,¡¢¥£,¤,¤,1.0,1.0,0.5,Satisfied
Case 3035,4,¡¢¥£,¤,¤,1.0,1.0,0.5,Satisfied
Case 3037,4,¡¢¥£,¤,¤,1.0,1.0,0.5,Satisfied
Case 3038,4,¡¢¥¢,¥£¤,£¤,0.6666666666666667,0.6666666666666666,0.5,Satisfied
Case 3043,4,¡¢¥£,¤,¤,1.0,1.0,0.5,Satisfied
Case 3044,4,¡¢¥£,¤,¤,1.0,1.0,0.5,Satisfied
Case 3056,4,¡¢¥£,¤,¤,1.0,1.0,0.5,Satisfied
Case 3058,4,¡¢­¥,£¥£¤,¢£¤,0.5,0.5,0.5,Satisfied
Case 3059,4,¡¢­¥,£¤,¢£¤,0.6666666666666667,0.6666666666666666,0.5,Satisfied
Case 3061,4,¡¢­¥,£¤,¢£¤,0.6666666666666667,0.6666666666666666,0.5,Satisfied
Case 3071,4,¡¢¦­,¥£¤,£¤,0.6666666666666667,0.6666666666666666,0.5,Satisfied
Case 3073,4,¡¢¥£,¤,¤,1.0,1.0,0.5,Satisfied
Case 3077,4,¡­¥£,¤,¤,1.0,1.0,0.5,Satisfied
Case 3078,4,¡¢¥£,¤,¤,1.0,1.0,0.5,Satisfied
Case 308,4,¡¢¥£,¤,¤,1.0,1.0,0.5,Satisfied
Case 3082,4,¡¡¢¥,£¤,¢£¤,0.6666666666666667,0.6666666666666666,0.5,Satisfied
Case 3083,4,¡¢¥£,¤,¤,1.0,1.0,0.5,Satisfied
Case 3086,4,¡¢¥£,¤,¤,1.0,1.0,0.5,Satisfied
Case 3095,4,¡¢¥£,¤,¤,1.0,1.0,0.5,Satisfied
Case 31,4,¡¢¦­,¥£¤,£¤,0.6666666666666667,0.6666666666666666,0.5,Satisfied
Case 3103,4,¡¢­¥,£¤,¢£¤,0.6666666666666667,0.6666666666666666,0.5,Satisfied
Case 3112,4,¡¢¥£,¤,¤,1.0,1.0,0.5,Satisfied
Case 3113,4,¡¢¥¥,¢¥£¤,¢£¤,0.75,0.75,0.5,Satisfied
Case 3118,4,¡¢¥¥,¦£¤,¢£¤,0.6666666666666667,0.5,0.5,Satisfied
Case 3121,4,¡¢¥£,¡¢¥£¤,¤,0.19999999999999996,0.19999999999999996,0.5,Satisfied
Case 3126,4,¡¢¥£,¤,¤,1.0,1.0,0.5,Satisfied
Case 3128,4,¡¢¥£,¤,¤,1.0,1.0,0.5,Satisfied
Case 313,4,¡¢¥­,¥£¥£¤,£¤,0.4,0.6666666666666666,0.5,Satisfied
Case 3139,4,¡¢­¢,¥£¤,£¤,0.6666666666666667,0.6666666666666666,0.5,Satisfied
Case 3142,4,¡¢¥£,¤,¤,1.0,1.0,0.5,Satisfied
Case 3145,4,¡¢¥£,¤,¤,1.0,1.0,0.5,Satisfied
Case 317,4,¡¢­¥,£¤,¢£¤,0.6666666666666667,0.6666666666666666,0.5,Satisfied
Case 3172,4,¡¢¥£,¤,¤,1.0,1.0,0.5,Satisfied
Case 3176,4,¡¢­¥,£¤,¢£¤,0.6666666666666667,0.6666666666666666,0.5,Satisfied
Case 3180,4,¡¢¥£,¤,¤,1.0,1.0,0.5,Satisfied
Case 3182,4,¡¢¥£,¤,¤,1.0,1.0,0.5,Satisfied
Case 3184,4,¡¢¥£,¤,¤,1.0,1.0,0.5,Satisfied
Case 3186,4,¡¢¥£,¤,¤,1.0,1.0,0.5,Satisfied
Case 3188,4,¡¢¥£,¤,¤,1.0,1.0,0.5,Satisfied
Case 3192,4,¡¢¦¥,£¤,¢£¤,0.6666666666666667,0.6666666666666666,0.5,Satisfied
Case 3212,4,¡¢¥£,¤,¤,1.0,1.0,0.5,Satisfied
Case 3214,4,¡¢¦¥,£¤,¢£¤,0.6666666666666667,0.6666666666666666,0.5,Satisfied
Case 3222,4,¡¢¥£,¤,¤,1.0,1.0,0.5,Satisfied
Case 3229,4,¡¢¥£,¤,¤,1.0,1.0,0.5,Satisfied
Case 323,4,¡¢¥£,¤,¤,1.0,1.0,0.5,Satisfied
Case 3231,4,¡¢¥£,¤,¤,1.0,1.0,0.5,Satisfied
Case 3233,4,¡¢¥£,¤,¤,1.0,1.0,0.5,Satisfied
Case 3240,4,¡¢¥£,¤,¤,1.0,1.0,0.5,Satisfied
Case 3249,4,¡¢­­,¢¥£¥£¤,£¤,0.33333333333333337,0.5,0.5,Satisfied
Case 3251,4,¡¢¥£,¤,¤,1.0,1.0,0.5,Satisfied
Case 3253,4,¡¢¥£,¤,¤,1.0,1.0,0.5,Satisfied
Case 326,4,¡¢­­,¥£¤,£¤,0.6666666666666667,0.6666666666666666,0.5,Satisfied
Case 3260,4,¡¢¥£,¤,¤,1.0,1.0,0.5,Satisfied
Case 3262,4,¡¢¥£,¤,¤,1.0,1.0,0.5,Satisfied
Case 3273,4,¡¢¥£,¤,¤,1.0,1.0,0.5,Satisfied
Case 3276,4,¡¢­¥,£¤,¢£¤,0.6666666666666667,0.6666666666666666,0.5,Satisfied
Case 3288,4,¡¢¥£,¥£¤,¤,0.33333333333333337,0.33333333333333326,0.5,Satisfied
Case 3289,4,¡¢¥£,¤,¤,1.0,1.0,0.5,Satisfied
Case 3294,4,¡¢¥¢,£¤,£¤,1.0,1.0,0.5,Satisfied
Case 33,4,¡¢¥£,¤,¤,1.0,1.0,0.5,Satisfied
Case 331,4,¡¢­¥,£¤,¢£¤,0.6666666666666667,0.6666666666666666,0.5,Satisfied
Case 3314,4,¡¢¥£,¤,¤,1.0,1.0,0.5,Satisfied
Case 3315,4,¡¢¥£,¤,¤,1.0,1.0,0.5,Satisfied
Case 332,4,¡¢¥£,¤,¤,1.0,1.0,0.5,Satisfied
Case 3323,4,¡¢¦­,­¥£,£¤,0.0,0.25,0.5,Satisfied
Case 3324,4,¡¢¥£,¤,¤,1.0,1.0,0.5,Satisfied
Case 333,4,¡¢¥£,¤,¤,1.0,1.0,0.5,Satisfied
Case 3331,4,¡¢¥£,¤,¤,1.0,1.0,0.5,Satisfied
Case 3334,4,¡¢¥£,¤,¤,1.0,1.0,0.5,Satisfied
Case 3336,4,¡¢¥£,¤,¤,1.0,1.0,0.5,Satisfied
Case 3338,4,¡­¥£,¤,¤,1.0,1.0,0.5,Satisfied
Case 3341,4,¡¢¥£,¤,¤,1.0,1.0,0.5,Satisfied
Case 3344,4,¡¥£¥,£¢¥£¥£¤,¢£¤,0.4285714285714286,0.75,0.5,Satisfied
Case 3349,4,¡¢¥£,¤,¤,1.0,1.0,0.5,Satisfied
Case 3351,4,¡¢¥£,¥£¤,¤,0.33333333333333337,0.33333333333333326,0.5,Satisfied
Case 3357,4,¡¢¥£,¤,¤,1.0,1.0,0.5,Satisfied
Case 3358,4,¡¢­¥,£¤,¢£¤,0.6666666666666667,0.6666666666666666,0.5,Satisfied
Case 3360,4,¡¢¥£,¤,¤,1.0,1.0,0.5,Satisfied
Case 3362,4,¡¢¥£,¤,¤,1.0,1.0,0.5,Satisfied
Case 337,4,¡¢¥£,¤,¤,1.0,1.0,0.5,Satisfied
Case 3372,4,¡¢¥£,¤,¤,1.0,1.0,0.5,Satisfied
Case 3373,4,¡¢¥£,¤,¤,1.0,1.0,0.5,Satisfied
Case 3376,4,¡¢¥£,¤,¤,1.0,1.0,0.5,Satisfied
Case 3382,4,¡¢¥£,¤,¤,1.0,1.0,0.5,Satisfied
Case 3398,4,¡¢¥£,¤,¤,1.0,1.0,0.5,Satisfied
Case 34,4,¡¢¥¥,£¤,¢£¤,0.6666666666666667,0.6666666666666666,0.5,Satisfied
Case 3403,4,¡¢¥£,¤,¤,1.0,1.0,0.5,Satisfied
Case 3409,4,¡¢¦¬,¬­,£¤,0.0,0.0,0.5,Satisfied
Case 3413,4,¡¢¥£,¤,¤,1.0,1.0,0.5,Satisfied
Case 3418,4,¡¢­¥,£¤,¢£¤,0.6666666666666667,0.6666666666666666,0.5,Satisfied
Case 3419,4,¡¢¥£,¤,¤,1.0,1.0,0.5,Satisfied
Case 3426,4,¡¢¥£,¤,¤,1.0,1.0,0.5,Satisfied
Case 3428,4,¡¢¥£,¤,¤,1.0,1.0,0.5,Satisfied
Case 343,4,¡¢¥£,¤,¤,1.0,1.0,0.5,Satisfied
Case 3436,4,¡¢¥¥,¥¥£¤,¢£¤,0.5,0.5,0.5,Satisfied
Case 3439,4,¢¥£¢,¥¢¥£¤,£¤,0.4,0.5,0.5,Satisfied
Case 3440,4,¡¢¥£,¤,¤,1.0,1.0,0.5,Satisfied
Case 3442,4,¡¢¥£,¤,¤,1.0,1.0,0.5,Satisfied
Case 3443,4,¡¢­¥,£,¢£¤,0.33333333333333337,0.33333333333333326,0.5,Satisfied
Case 3444,4,¡¦¦¬,¬­¥£¤,£¤,0.4,0.4,0.5,Satisfied
Case 3448,4,¡¢¥£,¤,¤,1.0,1.0,0.5,Satisfied
Case 3449,4,¡¡¢¥,£¤,¢£¤,0.6666666666666667,0.6666666666666666,0.5,Satisfied
Case 345,4,¡¢¥£,¤,¤,1.0,1.0,0.5,Satisfied
Case 3454,4,¡¢¢¥,£¤,¢£¤,0.6666666666666667,0.6666666666666666,0.5,Satisfied
Case 346,4,¡¥¥£,¤,¤,1.0,1.0,0.5,Satisfied
Case 3462,4,¡¢¥£,¤,¤,1.0,1.0,0.5,Satisfied
Case 3465,4,¡¢¥£,¤,¤,1.0,1.0,0.5,Satisfied
Case 3475,4,¡¢¥£,¤,¤,1.0,1.0,0.5,Satisfied
Case 348,4,¡¢¥£,¤,¤,1.0,1.0,0.5,Satisfied
Case 349,4,¡¢¥£,¤,¤,1.0,1.0,0.5,Satisfied
Case 3498,4,¡¢¥£,¤,¤,1.0,1.0,0.5,Satisfied
Case 3511,4,¡¢¥£,¤,¤,1.0,1.0,0.5,Satisfied
Case 3516,4,¡¢­¥,£¤,¢£¤,0.6666666666666667,0.6666666666666666,0.5,Satisfied
Case 3517,4,¡¢¥£,¤,¤,1.0,1.0,0.5,Satisfied
Case 3529,4,¡¢¥£,¤,¤,1.0,1.0,0.5,Satisfied
Case 3530,4,¡¢¥£,¤,¤,1.0,1.0,0.5,Satisfied
Case 3532,4,¡¢¥£,¤,¤,1.0,1.0,0.5,Satisfied
Case 3535,4,¡¢¥£,¤,¤,1.0,1.0,0.5,Satisfied
Case 3537,4,¡¢¥£,¤,¤,1.0,1.0,0.5,Satisfied
Case 3539,4,¡¢¥£,¤,¤,1.0,1.0,0.5,Satisfied
Case 3542,4,¡¢¥£,¤,¤,1.0,1.0,0.5,Satisfied
Case 3543,4,¡¢¥£,¤,¤,1.0,1.0,0.5,Satisfied
Case 3546,4,¡¢¥£,¤,¤,1.0,1.0,0.5,Satisfied
Case 3551,4,¡¢¥£,¤,¤,1.0,1.0,0.5,Satisfied
Case 3552,4,¡¢¥£,¤,¤,1.0,1.0,0.5,Satisfied
Case 3562,4,¡¢¥£,¢¥£¤,¤,0.25,0.25,0.5,Satisfied
Case 3563,4,¡¢¥£,¤,¤,1.0,1.0,0.5,Satisfied
Case 3565,4,¡¢¥£,¤,¤,1.0,1.0,0.5,Satisfied
Case 3567,4,¡¢¥£,¤,¤,1.0,1.0,0.5,Satisfied
Case 3582,4,¡¢¥£,¤,¤,1.0,1.0,0.5,Satisfied
Case 3583,4,¡¢¥£,¤,¤,1.0,1.0,0.5,Satisfied
Case 3592,4,¡¢¥£,¤,¤,1.0,1.0,0.5,Satisfied
Case 3599,4,¡¢¥£,¤,¤,1.0,1.0,0.5,Satisfied
Case 3600,4,¡¢¥£,¤,¤,1.0,1.0,0.5,Satisfied
Case 3601,4,¡¢¥£,¤,¤,1.0,1.0,0.5,Satisfied
Case 361,4,¡¢¥£,¢¥£¤,¤,0.25,0.25,0.5,Satisfied
Case 3613,4,¡¢­¥,£¤,¢£¤,0.6666666666666667,0.6666666666666666,0.5,Satisfied
Case 3614,4,¡¢¥£,¤,¤,1.0,1.0,0.5,Satisfied
Case 3638,4,¡¢¥£,¤,¤,1.0,1.0,0.5,Satisfied
Case 364,4,¡¢¥£,¤,¤,1.0,1.0,0.5,Satisfied
Case 3641,4,¡¢¥£,¤,¤,1.0,1.0,0.5,Satisfied
Case 3643,4,¡¢¥£,¤,¤,1.0,1.0,0.5,Satisfied
Case 3645,4,¡¢­¥,£¤,¢£¤,0.6666666666666667,0.6666666666666666,0.5,Satisfied
Case 3653,4,¡¢¥£,¤,¤,1.0,1.0,0.5,Satisfied
Case 3654,4,¡¢¥£,¤,¤,1.0,1.0,0.5,Satisfied
Case 3656,4,¡¢¥¥,£¤,¢£¤,0.6666666666666667,0.6666666666666666,0.5,Satisfied
Case 3657,4,¡¢¥£,¤,¤,1.0,1.0,0.5,Satisfied
Case 3662,4,¡¢¥¥,£¤,¢£¤,0.6666666666666667,0.6666666666666666,0.5,Satisfied
Case 3663,4,¡¢¥£,¤,¤,1.0,1.0,0.5,Satisfied
Case 3666,4,¡¢¥£,¤,¤,1.0,1.0,0.5,Satisfied
Case 3669,4,¡¡¢¥,¢­­£¤,¢£¤,0.6,0.75,0.5,Satisfied
Case 367,4,¡¥¥£,¤,¤,1.0,1.0,0.5,Satisfied
Case 3670,4,¡¢¥£,¤,¤,1.0,1.0,0.5,Satisfied
Case 3673,4,¡¢¥¢,¥£¤,£¤,0.6666666666666667,0.6666666666666666,0.5,Satisfied
Case 3674,4,¡¢¥£,¤,¤,1.0,1.0,0.5,Satisfied
Case 3676,4,¡¢¥£,¥£¤,¤,0.33333333333333337,0.33333333333333326,0.5,Satisfied
Case 3678,4,¡¢¥£,¤,¤,1.0,1.0,0.5,Satisfied
Case 3688,4,¡¡¢¥,£¤,¢£¤,0.6666666666666667,0.6666666666666666,0.5,Satisfied
Case 3692,4,¡¥£¢,¥£¤,£¤,0.6666666666666667,0.6666666666666666,0.5,Satisfied
Case 3696,4,¡¢¥£,¤,¤,1.0,1.0,0.5,Satisfied
Case 370,4,¡¢¥£,¤,¤,1.0,1.0,0.5,Satisfied
Case 3705,4,¡¢¥£,¢¥£¤,¤,0.25,0.25,0.5,Satisfied
Case 3708,4,¡¢¥£,¤,¤,1.0,1.0,0.5,Satisfied
Case 3738,4,¡¢¥£,¤,¤,1.0,1.0,0.5,Satisfied
Case 374,4,¡¢¥£,¤,¤,1.0,1.0,0.5,Satisfied
Case 3742,4,¡¢¥£,¤,¤,1.0,1.0,0.5,Satisfied
Case 3745,4,¡¢¥£,¤,¤,1.0,1.0,0.5,Satisfied
Case 3766,4,¡¢¥£,¤,¤,1.0,1.0,0.5,Satisfied
Case 3770,4,¡¢¥£,¤,¤,1.0,1.0,0.5,Satisfied
Case 3775,4,¡¢¥£,¤,¤,1.0,1.0,0.5,Satisfied
Case 3776,4,¡¡¢¥,£¤,¢£¤,0.6666666666666667,0.6666666666666666,0.5,Satisfied
Case 378,4,¡¢¥£,¤,¤,1.0,1.0,0.5,Satisfied
Case 3787,4,¡¢¥¢,£¤,£¤,1.0,1.0,0.5,Satisfied
Case 3798,4,¡¢¥£,¤,¤,1.0,1.0,0.5,Satisfied
Case 3802,4,§¡¥£,¤,¤,1.0,1.0,0.5,Satisfied
Case 3818,4,¡¢¥£,¤,¤,1.0,1.0,0.5,Satisfied
Case 3819,4,¡¢¥£,¤,¤,1.0,1.0,0.5,Satisfied
Case 382,4,¡¢¥¢,­£,£¤,0.0,0.33333333333333326,0.5,Satisfied
Case 3822,4,¡¢¥£,¤,¤,1.0,1.0,0.5,Satisfied
Case 3832,4,¡¢¥¥,£¢¥£¤,¢£¤,0.6,0.75,0.5,Satisfied
Case 384,4,¡¢¥£,¤,¤,1.0,1.0,0.5,Satisfied
Case 3844,4,¡¢¥£,¤,¤,1.0,1.0,0.5,Satisfied
Case 3857,4,¡¢¥£,¤,¤,1.0,1.0,0.5,Satisfied
Case 3864,4,¡¢¥£,¤,¤,1.0,1.0,0.5,Satisfied
Case 3865,4,¡¢­¥,£¤,¢£¤,0.6666666666666667,0.6666666666666666,0.5,Satisfied
Case 3877,4,¡¢¥£,¤,¤,1.0,1.0,0.5,Satisfied
Case 3884,4,¡¢¥¢,£¤,£¤,1.0,1.0,0.5,Satisfied
Case 3885,4,¡¢¥£,¤,¤,1.0,1.0,0.5,Satisfied
Case 3890,4,¡¢¥£,¤,¤,1.0,1.0,0.5,Satisfied
Case 3896,4,¡¢¥£,¤,¤,1.0,1.0,0.5,Satisfied
Case 3898,4,¡¢¥£,¤,¤,1.0,1.0,0.5,Satisfied
Case 3899,4,¡¢¥£,¤,¤,1.0,1.0,0.5,Satisfied
Case 39,4,¡¢¥£,¤,¤,1.0,1.0,0.5,Satisfied
Case 3905,4,¡¢¥£,¤,¤,1.0,1.0,0.5,Satisfied
Case 3912,4,¡¢¥£,¤,¤,1.0,1.0,0.5,Satisfied
Case 3928,4,¡¢¥£,¤,¤,1.0,1.0,0.5,Satisfied
Case 3930,4,¡¢¥£,¤,¤,1.0,1.0,0.5,Satisfied
Case 3933,4,¡¢¥£,¤,¤,1.0,1.0,0.5,Satisfied
Case 3943,4,¡¢¥£,¤,¤,1.0,1.0,0.5,Satisfied
Case 3946,4,¡¢¥£,¤,¤,1.0,1.0,0.5,Satisfied
Case 3957,4,¡¢¢¥,£¤,¢£¤,0.6666666666666667,0.6666666666666666,0.5,Satisfied
Case 3963,4,¡¢­­,¥£¥£¤,£¤,0.4,0.6666666666666666,0.5,Satisfied
Case 397,4,¡¢¥£,¤,¤,1.0,1.0,0.5,Satisfied
Case 3974,4,¡¢¥£,¤,¤,1.0,1.0,0.5,Satisfied
Case 3976,4,¡¢¥£,¤,¤,1.0,1.0,0.5,Satisfied
Case 3983,4,¡¢¥£,¤,¤,1.0,1.0,0.5,Satisfied
Case 399,4,¡¢¥£,¤,¤,1.0,1.0,0.5,Satisfied
Case 3992,4,¡¢­£,¤,¤,1.0,1.0,0.5,Satisfied
Case 4006,4,¡¢¥¢,¥£¤,£¤,0.6666666666666667,0.6666666666666666,0.5,Satisfied
Case 4009,4,¡¢¥£,¤,¤,1.0,1.0,0.5,Satisfied
Case 4017,4,¡¢¥£,¤,¤,1.0,1.0,0.5,Satisfied
Case 4026,4,¡¢¥¦,­£¤,£¤,0.6666666666666667,0.6666666666666666,0.5,Satisfied
Case 407,4,¡¢¥£,¤,¤,1.0,1.0,0.5,Satisfied
Case 4073,4,¡¢¥£,¤,¤,1.0,1.0,0.5,Satisfied
Case 4074,4,¡¢¥£,¤,¤,1.0,1.0,0.5,Satisfied
Case 408,4,¡¡¢¥,£¤,¢£¤,0.6666666666666667,0.6666666666666666,0.5,Satisfied
Case 4082,4,¡¢­£,¤,¤,1.0,1.0,0.5,Satisfied
Case 4084,4,¡¢¥£,¤,¤,1.0,1.0,0.5,Satisfied
Case 4107,4,¡¢¥¥,£¤,¢£¤,0.6666666666666667,0.6666666666666666,0.5,Satisfied
Case 412,4,¡¢¥£,¤,¤,1.0,1.0,0.5,Satisfied
Case 414,4,¡¡¢£,¤,¤,1.0,1.0,0.5,Satisfied
Case 4147,4,¡¢¥£,¤,¤,1.0,1.0,0.5,Satisfied
Case 4149,4,¡¢¥£,¤,¤,1.0,1.0,0.5,Satisfied
Case 4156,4,¡¢¥£,¤,¤,1.0,1.0,0.5,Satisfied
Case 4165,4,¡¡¢¥,£¤,¢£¤,0.6666666666666667,0.6666666666666666,0.5,Satisfied
Case 4172,4,¡¢¥£,¤,¤,1.0,1.0,0.5,Satisfied
Case 4185,4,¡¢­£,¤,¤,1.0,1.0,0.5,Satisfied
Case 4187,4,¡¢¥¢,¥,£¤,0.0,0.0,0.5,Satisfied
Case 4197,4,¡¡¡¢,£¤,£¤,1.0,1.0,0.5,Satisfied
Case 4255,4,¡¢££,¤,¤,1.0,1.0,0.5,Satisfied
Case 4257,4,¡¢¥£,¤,¤,1.0,1.0,0.5,Satisfied
Case 4259,4,¡¢¢£,¤,¤,1.0,1.0,0.5,Satisfied
Case 4269,4,¡¢¥£,¤,¤,1.0,1.0,0.5,Satisfied
Case 4300,4,¡¢¥¥,£¤,¢£¤,0.6666666666666667,0.6666666666666666,0.5,Satisfied
Case 4301,4,¡¢¥£,¤,¤,1.0,1.0,0.5,Satisfied
Case 4326,4,¡¢¥£,¤,¤,1.0,1.0,0.5,Satisfied
Case 433,4,¡¢¥¥,£¤,¢£¤,0.6666666666666667,0.6666666666666666,0.5,Satisfied
Case 4337,4,¡¢¥£,¤,¤,1.0,1.0,0.5,Satisfied
Case 4338,4,¡¢¥¢,¥£¤,£¤,0.6666666666666667,0.6666666666666666,0.5,Satisfied
Case 4348,4,¡¢­£,¤,¤,1.0,1.0,0.5,Satisfied
Case 435,4,¡¢­£,¤,¤,1.0,1.0,0.5,Satisfied
Case 4351,4,¡¢¥£,¤,¤,1.0,1.0,0.5,Satisfied
Case 4352,4,¡¢¥£,¤,¤,1.0,1.0,0.5,Satisfied
Case 4353,4,¡¢¢¥,¥£¤,¢£¤,0.6666666666666667,0.5,0.5,Satisfied
Case 4359,4,¡¢¥£,¤,¤,1.0,1.0,0.5,Satisfied
Case 4361,4,¡¢­£,¤,¤,1.0,1.0,0.5,Satisfied
Case 4365,4,¡¢¥£,¤,¤,1.0,1.0,0.5,Satisfied
Case 4369,4,¡¢¥£,¤,¤,1.0,1.0,0.5,Satisfied
Case 438,4,¡¢­¥,£¤,¢£¤,0.6666666666666667,0.6666666666666666,0.5,Satisfied
Case 4385,4,¡¡¢£,¤,¤,1.0,1.0,0.5,Satisfied
Case 4389,4,¡¢­£,¤,¤,1.0,1.0,0.5,Satisfied
Case 4398,4,¡¢¥¢,¥£¤,£¤,0.6666666666666667,0.6666666666666666,0.5,Satisfied
Case 4407,4,¡¢¥£,¤,¤,1.0,1.0,0.5,Satisfied
Case 4410,4,¡¢¥¢,£¤,£¤,1.0,1.0,0.5,Satisfied
Case 4417,4,¡¥££,¤,¤,1.0,1.0,0.5,Satisfied
Case 4421,4,¡¢¥£,¤,¤,1.0,1.0,0.5,Satisfied
Case 4423,4,¡¡¢£,¤,¤,1.0,1.0,0.5,Satisfied
Case 4424,4,¡¢¥£,¤,¤,1.0,1.0,0.5,Satisfied
Case 4426,4,¡¢¥£,¤,¤,1.0,1.0,0.5,Satisfied
Case 4431,4,¡¢¥£,¤,¤,1.0,1.0,0.5,Satisfied
Case 4456,4,¡¢¥£,¤,¤,1.0,1.0,0.5,Satisfied
Case 446,4,¡¢¥£,¤,¤,1.0,1.0,0.5,Satisfied
Case 4463,4,¡¢¦¦,¬¬­¦£,£¤,0.0,0.19999999999999996,0.5,Satisfied
Case 4465,4,¡¢¥£,¤,¤,1.0,1.0,0.5,Satisfied
Case 4478,4,¡¢¥¢,£¤,£¤,1.0,1.0,0.5,Satisfied
Case 4485,4,¡¢¥£,¤,¤,1.0,1.0,0.5,Satisfied
Case 4501,4,¢¥¢¥,£¤,¢£¤,0.6666666666666667,0.6666666666666666,0.5,Satisfied
Case 4506,4,¡¢¥£,¤,¤,1.0,1.0,0.5,Satisfied
Case 4511,4,¡¢­£,£¤,¤,0.5,0.5,0.5,Satisfied
Case 4558,4,¡¢¥£,¤,¤,1.0,1.0,0.5,Satisfied
Case 4563,4,¡¢¥£,¤,¤,1.0,1.0,0.5,Satisfied
Case 4575,4,¡¢¥£,¤,¤,1.0,1.0,0.5,Satisfied
Case 46,4,¡¢¢¥,£¤,¢£¤,0.6666666666666667,0.6666666666666666,0.5,Satisfied
Case 467,4,¡¢¥¢,­£¤,£¤,0.6666666666666667,0.6666666666666666,0.5,Satisfied
Case 470,4,¡¢¥£,¤,¤,1.0,1.0,0.5,Satisfied
Case 474,4,¡¡¡¢,¥£¤,£¤,0.6666666666666667,0.6666666666666666,0.5,Satisfied
Case 478,4,¡¡¢¥,£¤,¢£¤,0.6666666666666667,0.6666666666666666,0.5,Satisfied
Case 484,4,¡¢¥£,¤,¤,1.0,1.0,0.5,Satisfied
Case 496,4,¡¢¥£,¤,¤,1.0,1.0,0.5,Satisfied
Case 498,4,¡¢££,¤,¤,1.0,1.0,0.5,Satisfied
Case 503,4,¡¢¦­,£¤,£¤,1.0,1.0,0.5,Satisfied
Case 504,4,¡¢¥£,¤,¤,1.0,1.0,0.5,Satisfied
Case 506,4,¡¢­£,¤,¤,1.0,1.0,0.5,Satisfied
Case 520,4,¡¢££,¤,¤,1.0,1.0,0.5,Satisfied
Case 525,4,¡¡¢¥,¥,¢£¤,0.0,0.0,0.5,Satisfied
Case 527,4,¡¥¡¡,¢£¤,¢£¤,1.0,1.0,0.5,Satisfied
Case 529,4,¡¥¥£,¤,¤,1.0,1.0,0.5,Satisfied
Case 530,4,¡¢¥¥,¥£¤,¢£¤,0.6666666666666667,0.5,0.5,Satisfied
Case 532,4,¡¢£¢,¥£¤,£¤,0.6666666666666667,0.6666666666666666,0.5,Satisfied
Case 553,4,¡¢¥£,¤,¤,1.0,1.0,0.5,Satisfied
Case 558,4,¡¢¢£,¤,¤,1.0,1.0,0.5,Satisfied
Case 559,4,¡¢¥£,¤,¤,1.0,1.0,0.5,Satisfied
Case 566,4,¡¢¥¢,¥£¤,£¤,0.6666666666666667,0.6666666666666666,0.5,Satisfied
Case 575,4,¡¢¥£,¤,¤,1.0,1.0,0.5,Satisfied
Case 58,4,¡¦­£,¤,¤,1.0,1.0,0.5,Satisfied
Case 595,4,¡¢¥£,¤,¤,1.0,1.0,0.5,Satisfied
Case 603,4,¡¢££,¤,¤,1.0,1.0,0.5,Satisfied
Case 622,4,¡¢¦£,¤,¤,1.0,1.0,0.5,Satisfied
Case 624,4,¡¢¥£,¤,¤,1.0,1.0,0.5,Satisfied
Case 626,4,¡¢¥£,¤,¤,1.0,1.0,0.5,Satisfied
Case 631,4,¢¥¢¥,£¤,¢£¤,0.6666666666666667,0.6666666666666666,0.5,Satisfied
Case 638,4,¡¢¥¢,¥£¤,£¤,0.6666666666666667,0.6666666666666666,0.5,Satisfied
Case 639,4,¡¢¥£,¤,¤,1.0,1.0,0.5,Satisfied
Case 65,4,¡¢¥£,¤,¤,1.0,1.0,0.5,Satisfied
Case 656,4,¡¢¥£,£¤,¤,0.5,0.5,0.5,Satisfied
Case 664,4,¡¢¥£,¤,¤,1.0,1.0,0.5,Satisfied
Case 7,4,¡¡¡¢,£¤,£¤,1.0,1.0,0.5,Satisfied
Case 708,4,¡¢¥£,¤,¤,1.0,1.0,0.5,Satisfied
Case 732,4,¡¦¢¦,­®«£¤,£¤,0.4,0.4,0.5,Satisfied
Case 747,4,¡¢¥£,¤,¤,1.0,1.0,0.5,Satisfied
Case 757,4,¡¢­¥,£¤,¢£¤,0.6666666666666667,0.6666666666666666,0.5,Satisfied
Case 77,4,¡¢¥£,¤,¤,1.0,1.0,0.5,Satisfied
Case 775,4,¡¢¥£,¤,¤,1.0,1.0,0.5,Satisfied
Case 780,4,¡¢¥£,¤,¤,1.0,1.0,0.5,Satisfied
Case 782,4,¡¢¥£,¤,¤,1.0,1.0,0.5,Satisfied
Case 79,4,¡¢¥¥,£¤,¢£¤,0.6666666666666667,0.6666666666666666,0.5,Satisfied
Case 805,4,¡¢¥£,¤,¤,1.0,1.0,0.5,Satisfied
Case 809,4,¡¢¥£,¤,¤,1.0,1.0,0.5,Satisfied
Case 82,4,¡¢¥£,¤,¤,1.0,1.0,0.5,Satisfied
Case 826,4,¡¢¥£,¤,¤,1.0,1.0,0.5,Satisfied
Case 83,4,¡¢¥£,¤,¤,1.0,1.0,0.5,Satisfied
Case 831,4,¡¢¥£,¤,¤,1.0,1.0,0.5,Satisfied
Case 845,4,¡¢¥£,¤,¤,1.0,1.0,0.5,Satisfied
Case 856,4,¡¢¥£,¤,¤,1.0,1.0,0.5,Satisfied
Case 868,4,¡¢¦£,¤,¤,1.0,1.0,0.5,Satisfied
Case 876,4,¡¢¥£,¤,¤,1.0,1.0,0.5,Satisfied
Case 881,4,¡¢¥£,¤,¤,1.0,1.0,0.5,Satisfied
Case 894,4,¡¢¥¥,£¤,¢£¤,0.6666666666666667,0.6666666666666666,0.5,Satisfied
Case 911,4,¡¢¢£,¤,¤,1.0,1.0,0.5,Satisfied
Case 939,4,¡¢¥¥,£¤,¢£¤,0.6666666666666667,0.6666666666666666,0.5,Satisfied
Case 951,4,¡¢¥£,¤,¤,1.0,1.0,0.5,Satisfied
Case 961,4,¡¢¥£,¤,¤,1.0,1.0,0.5,Satisfied
Case 986,4,¡¢¥£,¤,¤,1.0,1.0,0.5,Satisfied
Case 988,4,¡¢¥£,¤,¤,1.0,1.0,0.5,Satisfied
Case 989,4,¡¢¥£,¤,¤,1.0,1.0,0.5,Satisfied
Case 998,4,¡¢¥£,¤,¤,1.0,1.0,0.5,Satisfied
Case 1,4,¡¢¢¥,£¤,¢£¤,0.6666666666666667,0.6666666666666666,0.6,Satisfied
Case 100,4,¡¢­¥,£¤,¢£¤,0.6666666666666667,0.6666666666666666,0.6,Satisfied
Case 1001,4,¡¢¥£,¤,¤,1.0,1.0,0.6,Satisfied
Case 1007,4,¡¢¥£,¤,¤,1.0,1.0,0.6,Satisfied
Case 1010,4,¡¢­¥,£¤,¢£¤,0.6666666666666667,0.6666666666666666,0.6,Satisfied
Case 1017,4,¡¢¥£,¥£¤,¤,0.33333333333333337,0.33333333333333326,0.6,Satisfied
Case 1019,4,¡¢¥£,¤,¤,1.0,1.0,0.6,Satisfied
Case 1023,4,¡¥£¥,£¤,¢£¤,0.6666666666666667,0.6666666666666666,0.6,Satisfied
Case 1026,4,¡¢­¥,£¤,¢£¤,0.6666666666666667,0.6666666666666666,0.6,Satisfied
Case 1027,4,¡¢¥£,¤,¤,1.0,1.0,0.6,Satisfied
Case 1043,4,¡¢¥£,¤,¤,1.0,1.0,0.6,Satisfied
Case 105,4,¡¢¥£,¤,¤,1.0,1.0,0.6,Satisfied
Case 1054,4,¡¢¥£,¤,¤,1.0,1.0,0.6,Satisfied
Case 1057,4,¡¢­¥,£¤,¢£¤,0.6666666666666667,0.6666666666666666,0.6,Satisfied
Case 107,4,¡¢¥£,¤,¤,1.0,1.0,0.6,Satisfied
Case 1070,4,¡¢¥£,¢¥£¤,¤,0.25,0.25,0.6,Satisfied
Case 1075,4,¡¢¥£,¤,¤,1.0,1.0,0.6,Satisfied
Case 1079,4,¡¢¥¥,£¤,¢£¤,0.6666666666666667,0.6666666666666666,0.6,Satisfied
Case 1087,4,¡¢¥£,¢¥£¤,¤,0.25,0.25,0.6,Satisfied
Case 1088,4,¡¥£¥,£¤,¢£¤,0.6666666666666667,0.6666666666666666,0.6,Satisfied
Case 1096,4,¡¢¥£,¤,¤,1.0,1.0,0.6,Satisfied
Case 1101,4,¡¢¥£,¤,¤,1.0,1.0,0.6,Satisfied
Case 1102,4,¡¢¥£,¥£¤,¤,0.33333333333333337,0.33333333333333326,0.6,Satisfied
Case 1104,4,¡¢¥£,¤,¤,1.0,1.0,0.6,Satisfied
Case 1109,4,¡¢¥£,¤,¤,1.0,1.0,0.6,Satisfied
Case 1110,4,¡¢¥£,¤,¤,1.0,1.0,0.6,Satisfied
Case 1111,4,¡¢¥¢,£¤,£¤,1.0,1.0,0.6,Satisfied
Case 1112,4,¡¢¥¥,£¤,¢£¤,0.6666666666666667,0.6666666666666666,0.6,Satisfied
Case 1113,4,¡¢¥£,¤,¤,1.0,1.0,0.6,Satisfied
Case 1116,4,¡¢¥£,¤,¤,1.0,1.0,0.6,Satisfied
Case 1122,4,¡¢¥£,¤,¤,1.0,1.0,0.6,Satisfied
Case 1124,4,¡¢¥£,¤,¤,1.0,1.0,0.6,Satisfied
Case 1129,4,¡¢¥¢,£¤,£¤,1.0,1.0,0.6,Satisfied
Case 114,4,¡¢¥¢,¥£¤,£¤,0.6666666666666667,0.6666666666666666,0.6,Satisfied
Case 1142,4,¡¢¥­,¥£¤,£¤,0.6666666666666667,0.6666666666666666,0.6,Satisfied
Case 1144,4,¡¥£¢,­¥£¤,£¤,0.5,0.5,0.6,Satisfied
Case 1145,4,¡¢¥£,¤,¤,1.0,1.0,0.6,Satisfied
Case 115,4,¡¢¥¥,£¤,¢£¤,0.6666666666666667,0.6666666666666666,0.6,Satisfied
Case 1156,4,¡¢¥£,¤,¤,1.0,1.0,0.6,Satisfied
Case 1159,4,¡¢¥£,¤,¤,1.0,1.0,0.6,Satisfied
Case 1164,4,¡¢¥£,¤,¤,1.0,1.0,0.6,Satisfied
Case 1176,4,¡¢¥£,¤,¤,1.0,1.0,0.6,Satisfied
Case 1179,4,¡¢¥£,¤,¤,1.0,1.0,0.6,Satisfied
Case 1185,4,¡¢¥£,¤,¤,1.0,1.0,0.6,Satisfied
Case 1193,4,¡¢¥£,¤,¤,1.0,1.0,0.6,Satisfied
Case 12,4,¡¢¥£,¤,¤,1.0,1.0,0.6,Satisfied
Case 1221,4,¡¢¥£,¤,¤,1.0,1.0,0.6,Satisfied
Case 1235,4,¡¢¥¥,£¤,¢£¤,0.6666666666666667,0.6666666666666666,0.6,Satisfied
Case 1238,4,¡¢¥­,£¤,£¤,1.0,1.0,0.6,Satisfied
Case 1239,4,¡¢¥£,¤,¤,1.0,1.0,0.6,Satisfied
Case 1246,4,¡¢¥£,¤,¤,1.0,1.0,0.6,Satisfied
Case 1249,4,§¥¥¥,¥,¢£¤,0.0,0.0,0.6,Satisfied
Case 1250,4,¢¥£¢,¥£¤,£¤,0.6666666666666667,0.6666666666666666,0.6,Satisfied
Case 1254,4,¡¡¥¥,£¤,¢£¤,0.6666666666666667,0.6666666666666666,0.6,Satisfied
Case 1261,4,¢¢¥£,¤,¤,1.0,1.0,0.6,Satisfied
Case 1269,4,¡¢¢¥,£¤,¢£¤,0.6666666666666667,0.6666666666666666,0.6,Satisfied
Case 1272,4,¡¢¥£,¤,¤,1.0,1.0,0.6,Satisfied
Case 1275,4,¡¢¥£,¤,¤,1.0,1.0,0.6,Satisfied
Case 1290,4,¡¢¥£,¤,¤,1.0,1.0,0.6,Satisfied
Case 1292,4,¡¢¥£,¤,¤,1.0,1.0,0.6,Satisfied
Case 1299,4,¡¢¥£,¤,¤,1.0,1.0,0.6,Satisfied
Case 13,4,¡¢¥£,¤,¤,1.0,1.0,0.6,Satisfied
Case 1301,4,¡¢¥£,¤,¤,1.0,1.0,0.6,Satisfied
Case 1303,4,¡¢­¥,£¤,¢£¤,0.6666666666666667,0.6666666666666666,0.6,Satisfied
Case 1304,4,¡¢¥£,¤,¤,1.0,1.0,0.6,Satisfied
Case 1305,4,¡¢¥£,¤,¤,1.0,1.0,0.6,Satisfied
Case 131,4,¡¢¥£,¤,¤,1.0,1.0,0.6,Satisfied
Case 1313,4,¡¢¥£,¤,¤,1.0,1.0,0.6,Satisfied
Case 1314,4,¡¢¦¥,£¤,¢£¤,0.6666666666666667,0.6666666666666666,0.6,Satisfied
Case 1315,4,¡¢¥£,¤,¤,1.0,1.0,0.6,Satisfied
Case 1318,4,¡¢­¥,£¤,¢£¤,0.6666666666666667,0.6666666666666666,0.6,Satisfied
Case 1319,4,¡¢¥£,¤,¤,1.0,1.0,0.6,Satisfied
Case 1323,4,¡¢¥£,¤,¤,1.0,1.0,0.6,Satisfied
Case 1330,4,¡¥£¥,£¤,¢£¤,0.6666666666666667,0.6666666666666666,0.6,Satisfied
Case 1332,4,¡¢¥£,¤,¤,1.0,1.0,0.6,Satisfied
Case 1356,4,¡¢¥£,¤,¤,1.0,1.0,0.6,Satisfied
Case 1358,4,¡¢¥£,¤,¤,1.0,1.0,0.6,Satisfied
Case 1364,4,¡¢¥­,­£¤,£¤,0.6666666666666667,0.6666666666666666,0.6,Satisfied
Case 1366,4,¡¢¥£,¤,¤,1.0,1.0,0.6,Satisfied
Case 1371,4,¡¥£¥,£¤,¢£¤,0.6666666666666667,0.6666666666666666,0.6,Satisfied
Case 1375,4,¡¢¥£,¤,¤,1.0,1.0,0.6,Satisfied
Case 1384,4,¡¥£¥,£¤,¢£¤,0.6666666666666667,0.6666666666666666,0.6,Satisfied
Case 1386,4,¡¢¥£,¥£¤,¤,0.33333333333333337,0.33333333333333326,0.6,Satisfied
Case 1387,4,¡¢¥£,¤,¤,1.0,1.0,0.6,Satisfied
Case 1388,4,¡¢­­,¥£¤,£¤,0.6666666666666667,0.6666666666666666,0.6,Satisfied
Case 1393,4,¡¡¢¥,£¤,¢£¤,0.6666666666666667,0.6666666666666666,0.6,Satisfied
Case 1396,4,¡¢¥£,¤,¤,1.0,1.0,0.6,Satisfied
Case 1397,4,¡¢¥£,¤,¤,1.0,1.0,0.6,Satisfied
Case 1398,4,¡¢¥£,¤,¤,1.0,1.0,0.6,Satisfied
Case 140,4,¡¢¥£,¤,¤,1.0,1.0,0.6,Satisfied
Case 1407,4,¡¢¥¢,¥£¤,£¤,0.6666666666666667,0.6666666666666666,0.6,Satisfied
Case 1409,4,¡¢¥£,¤,¤,1.0,1.0,0.6,Satisfied
Case 1420,4,¡¢¨¥,£¤,¢£¤,0.6666666666666667,0.6666666666666666,0.6,Satisfied
Case 143,4,¡¢¥£,¤,¤,1.0,1.0,0.6,Satisfied
Case 1432,4,¡¢¥£,¤,¤,1.0,1.0,0.6,Satisfied
Case 1433,4,¡¢¥£,¤,¤,1.0,1.0,0.6,Satisfied
Case 144,4,¡¢¥£,¤,¤,1.0,1.0,0.6,Satisfied
Case 1441,4,¡¢¥£,¤,¤,1.0,1.0,0.6,Satisfied
Case 1445,4,¡¢¥£,¤,¤,1.0,1.0,0.6,Satisfied
Case 1449,4,¡¥¢¥,£¤,¢£¤,0.6666666666666667,0.6666666666666666,0.6,Satisfied
Case 145,4,¡¢­¥,£¤,¢£¤,0.6666666666666667,0.6666666666666666,0.6,Satisfied
Case 1450,4,¡¢¥£,¤,¤,1.0,1.0,0.6,Satisfied
Case 1451,4,¡¢­¥,£¥£¤,¢£¤,0.5,0.5,0.6,Satisfied
Case 1457,4,¡¢¥£,¤,¤,1.0,1.0,0.6,Satisfied
Case 1460,4,¡¢¥¢,¥£¤,£¤,0.6666666666666667,0.6666666666666666,0.6,Satisfied
Case 1464,4,¡¢¥£,¤,¤,1.0,1.0,0.6,Satisfied
Case 1465,4,¡¢¥£,¤,¤,1.0,1.0,0.6,Satisfied
Case 1466,4,¡¢¥£,¤,¤,1.0,1.0,0.6,Satisfied
Case 147,4,¡¢¥£,¤,¤,1.0,1.0,0.6,Satisfied
Case 1471,4,¡¢­¥,£¤,¢£¤,0.6666666666666667,0.6666666666666666,0.6,Satisfied
Case 1478,4,¡¡¢¥,¢¥£¤,¢£¤,0.75,0.75,0.6,Satisfied
Case 1484,4,¡¢¥£,¤,¤,1.0,1.0,0.6,Satisfied
Case 1487,4,¡¢¥£,¤,¤,1.0,1.0,0.6,Satisfied
Case 1495,4,¡¢­­,¥£¤,£¤,0.6666666666666667,0.6666666666666666,0.6,Satisfied
Case 15,4,¡¡¢¥,£¤,¢£¤,0.6666666666666667,0.6666666666666666,0.6,Satisfied
Case 1500,4,¡¥£¥,£¤,¢£¤,0.6666666666666667,0.6666666666666666,0.6,Satisfied
Case 1501,4,¢¥£¥,£¤,¢£¤,0.6666666666666667,0.6666666666666666,0.6,Satisfied
Case 1506,4,¡¥¥¢,£¥£¤,£¤,0.5,0.6666666666666666,0.6,Satisfied
Case 1507,4,¡¢¥£,¤,¤,1.0,1.0,0.6,Satisfied
Case 1509,4,¡¢¥£,¤,¤,1.0,1.0,0.6,Satisfied
Case 1510,4,¡¢¥£,¤,¤,1.0,1.0,0.6,Satisfied
Case 1519,4,¡¥£¥,£¤,¢£¤,0.6666666666666667,0.6666666666666666,0.6,Satisfied
Case 1535,4,¡¡¡¥,£¤,¢£¤,0.6666666666666667,0.6666666666666666,0.6,Satisfied
Case 154,4,¡¢¥£,¤,¤,1.0,1.0,0.6,Satisfied
Case 1543,4,¡¢¥£,¤,¤,1.0,1.0,0.6,Satisfied
Case 1553,4,¡¢¥£,¤,¤,1.0,1.0,0.6,Satisfied
Case 156,4,¡¢¥£,¤,¤,1.0,1.0,0.6,Satisfied
Case 1562,4,¡¢¥£,¤,¤,1.0,1.0,0.6,Satisfied
Case 1570,4,¡¢¥£,¤,¤,1.0,1.0,0.6,Satisfied
Case 1571,4,¡¢¥¥,¥¥¥,¢£¤,0.0,0.0,0.6,Satisfied
Case 1574,4,¡¢¥£,¤,¤,1.0,1.0,0.6,Satisfied
Case 1577,4,§¡¡¢,¥£¤,£¤,0.6666666666666667,0.6666666666666666,0.6,Satisfied
Case 1580,4,¡¢¥£,¤,¤,1.0,1.0,0.6,Satisfied
Case 1587,4,¡¢¥£,¤,¤,1.0,1.0,0.6,Satisfied
Case 1603,4,¡¥£¥,£¤,¢£¤,0.6666666666666667,0.6666666666666666,0.6,Satisfied
Case 1604,4,¡¢¥£,¤,¤,1.0,1.0,0.6,Satisfied
Case 1605,4,¡¢¢¥,£¤,¢£¤,0.6666666666666667,0.6666666666666666,0.6,Satisfied
Case 1609,4,¡¢¥£,¤,¤,1.0,1.0,0.6,Satisfied
Case 1610,4,¡¢¥£,¤,¤,1.0,1.0,0.6,Satisfied
Case 1615,4,¡¢¥£,¤,¤,1.0,1.0,0.6,Satisfied
Case 1650,4,¡¦¦¬,¬­¥£¤,¥£¤,0.6,0.6,0.6,Satisfied
Case 1655,4,¡¢¥£,¤,¤,1.0,1.0,0.6,Satisfied
Case 1658,4,¡¢­¥,£¤,¢£¤,0.6666666666666667,0.6666666666666666,0.6,Satisfied
Case 1671,4,¡¢¥£,¤,¤,1.0,1.0,0.6,Satisfied
Case 1674,4,¡¢¥£,¤,¤,1.0,1.0,0.6,Satisfied
Case 1675,4,¡¢¥£,¤,¤,1.0,1.0,0.6,Satisfied
Case 1679,4,¡¢¥£,¤,¤,1.0,1.0,0.6,Satisfied
Case 1681,4,¡¢¥£,¤,¤,1.0,1.0,0.6,Satisfied
Case 1682,4,¡¢¥£,¤,¤,1.0,1.0,0.6,Satisfied
Case 1691,4,§¡¢¥,£¤,£¤,1.0,1.0,0.6,Satisfied
Case 1697,4,¡¢¥£,¤,¤,1.0,1.0,0.6,Satisfied
Case 1704,4,¡¢¥£,¤,¤,1.0,1.0,0.6,Satisfied
Case 1709,4,¡¢¥£,¤,¤,1.0,1.0,0.6,Satisfied
Case 1711,4,¡¢¥£,¤,¤,1.0,1.0,0.6,Satisfied
Case 1718,4,¡¢¥£,¤,¤,1.0,1.0,0.6,Satisfied
Case 1723,4,¡¢¥£,¤,¤,1.0,1.0,0.6,Satisfied
Case 1730,4,¡¢¥£,¤,¤,1.0,1.0,0.6,Satisfied
Case 1735,4,¡­¥£,¥£¤,¤,0.33333333333333337,0.33333333333333326,0.6,Satisfied
Case 1746,4,¡¢¥£,¤,¤,1.0,1.0,0.6,Satisfied
Case 1754,4,¡¢¥£,¤,¤,1.0,1.0,0.6,Satisfied
Case 1760,4,¡¢¥£,¢¥¢£¤,¤,0.19999999999999996,0.25,0.6,Satisfied
Case 1761,4,¡¢¥£,¤,¤,1.0,1.0,0.6,Satisfied
Case 1764,4,¡­¥£,¥£¤,¤,0.33333333333333337,0.33333333333333326,0.6,Satisfied
Case 1771,4,¡¢¥£,¤,¤,1.0,1.0,0.6,Satisfied
Case 1772,4,¡¢¥£,¤,¤,1.0,1.0,0.6,Satisfied
Case 1776,4,¡¢¥£,¤,¤,1.0,1.0,0.6,Satisfied
Case 1777,4,¡¢¥£,¤,¤,1.0,1.0,0.6,Satisfied
Case 1787,4,¡¢¥¥,£¥£¤,¢£¤,0.5,0.5,0.6,Satisfied
Case 1788,4,¡¢¥£,¤,¤,1.0,1.0,0.6,Satisfied
Case 1791,4,¡¢¥£,¤,¤,1.0,1.0,0.6,Satisfied
Case 1792,4,¡¢¥£,¤,¤,1.0,1.0,0.6,Satisfied
Case 1795,4,¡¢¥£,¤,¤,1.0,1.0,0.6,Satisfied
Case 1799,4,¡¢­¥,£¤,¢£¤,0.6666666666666667,0.6666666666666666,0.6,Satisfied
Case 18,4,¡¢¥£,¥£¤,¤,0.33333333333333337,0.33333333333333326,0.6,Satisfied
Case 1812,4,¡¢¥£,¤,¤,1.0,1.0,0.6,Satisfied
Case 1813,4,¡¢¥£,¤,¤,1.0,1.0,0.6,Satisfied
Case 1814,4,¡¢¥£,¤,¤,1.0,1.0,0.6,Satisfied
Case 1815,4,¡¢¥£,¤,¤,1.0,1.0,0.6,Satisfied
Case 1817,4,¡¢¥£,¤,¤,1.0,1.0,0.6,Satisfied
Case 1823,4,¡¢¥£,¤,¤,1.0,1.0,0.6,Satisfied
Case 1826,4,¡¢¥£,¤,¤,1.0,1.0,0.6,Satisfied
Case 1828,4,¡¢¥£,¤,¤,1.0,1.0,0.6,Satisfied
Case 1831,4,¡¢¥£,¤,¤,1.0,1.0,0.6,Satisfied
Case 184,4,¡¢¢¥,£¤,¢£¤,0.6666666666666667,0.6666666666666666,0.6,Satisfied
Case 1843,4,¡¡¥£,¤,¤,1.0,1.0,0.6,Satisfied
Case 1848,4,¡¢¥£,¤,¤,1.0,1.0,0.6,Satisfied
Case 1860,4,¡¢¥£,¤,¤,1.0,1.0,0.6,Satisfied
Case 1868,4,¡¢¥£,¤,¤,1.0,1.0,0.6,Satisfied
Case 1869,4,¡¢¥£,¤,¤,1.0,1.0,0.6,Satisfied
Case 1874,4,§¡¢¥,£¤,£¤,1.0,1.0,0.6,Satisfied
Case 1882,4,¡¢¥£,¤,¤,1.0,1.0,0.6,Satisfied
Case 1884,4,¡¢¥£,¤,¤,1.0,1.0,0.6,Satisfied
Case 1887,4,¡¢¥£,¤,¤,1.0,1.0,0.6,Satisfied
Case 1892,4,¡¢¥£,¤,¤,1.0,1.0,0.6,Satisfied
Case 1894,4,¡¢¥£,¤,¤,1.0,1.0,0.6,Satisfied
Case 1900,4,¡¢¥£,¤,¤,1.0,1.0,0.6,Satisfied
Case 1901,4,¡¢¥£,¤,¤,1.0,1.0,0.6,Satisfied
Case 1903,4,¡¢¥£,¤,¤,1.0,1.0,0.6,Satisfied
Case 191,4,¡¡¢¥,£¤,¢£¤,0.6666666666666667,0.6666666666666666,0.6,Satisfied
Case 1915,4,¡¢¥£,¤,¤,1.0,1.0,0.6,Satisfied
Case 1916,4,¡¢¥£,¤,¤,1.0,1.0,0.6,Satisfied
Case 192,4,¡¡¢¥,£¤¢¥£¤,¢£¤,0.5,0.75,0.6,Satisfied
Case 1924,4,¡¢¥£,¤,¤,1.0,1.0,0.6,Satisfied
Case 193,4,¡¢¥£,¤,¤,1.0,1.0,0.6,Satisfied
Case 1946,4,¡¢¥£,¤,¤,1.0,1.0,0.6,Satisfied
Case 1961,4,¡¢¥£,¤,¤,1.0,1.0,0.6,Satisfied
Case 1968,4,¡¢¥£,¤,¤,1.0,1.0,0.6,Satisfied
Case 1975,4,¡¢¥£,¤,¤,1.0,1.0,0.6,Satisfied
Case 1978,4,¡¥¢¥,£¤,¢£¤,0.6666666666666667,0.6666666666666666,0.6,Satisfied
Case 1980,4,¡¢¥£,¤,¤,1.0,1.0,0.6,Satisfied
Case 20,4,¡¢¥£,¤,¤,1.0,1.0,0.6,Satisfied
Case 2007,4,¡¢­¥,£¥£¤,¢£¤,0.5,0.5,0.6,Satisfied
Case 2013,4,¡¢¥£,¤,¤,1.0,1.0,0.6,Satisfied
Case 202,4,¡¢¥£,¤,¤,1.0,1.0,0.6,Satisfied
Case 2021,4,¡¢¥£,¤,¤,1.0,1.0,0.6,Satisfied
Case 2022,4,¡¡¡¥,£¤,¢£¤,0.6666666666666667,0.6666666666666666,0.6,Satisfied
Case 2035,4,¡¢¦­,¥£¤,£¤,0.6666666666666667,0.6666666666666666,0.6,Satisfied
Case 2050,4,¡¢¥£,¤,¤,1.0,1.0,0.6,Satisfied
Case 2059,4,¡¢¥£,¤,¤,1.0,1.0,0.6,Satisfied
Case 2062,4,¡¢¥£,¤,¤,1.0,1.0,0.6,Satisfied
Case 2068,4,¡¢¥£,¤,¤,1.0,1.0,0.6,Satisfied
Case 2074,4,¡¢¥£,¤,¤,1.0,1.0,0.6,Satisfied
Case 2081,4,¡¢­¥,£¤,¢£¤,0.6666666666666667,0.6666666666666666,0.6,Satisfied
Case 2083,4,¡¢¥£,¤,¤,1.0,1.0,0.6,Satisfied
Case 2092,4,¡¢¥£,¤,¤,1.0,1.0,0.6,Satisfied
Case 2093,4,¡¢¥£,¤,¤,1.0,1.0,0.6,Satisfied
Case 2097,4,¡¢¥£,¤,¤,1.0,1.0,0.6,Satisfied
Case 210,4,¡¢¥£,¤,¤,1.0,1.0,0.6,Satisfied
Case 2103,4,¡¢¥£,¤,¤,1.0,1.0,0.6,Satisfied
Case 2104,4,¡¢­¥,£¤,¢£¤,0.6666666666666667,0.6666666666666666,0.6,Satisfied
Case 2105,4,¡¢¥£,¤,¤,1.0,1.0,0.6,Satisfied
Case 2108,4,¡¢¥£,¤,¤,1.0,1.0,0.6,Satisfied
Case 2112,4,¡¢¥£,¤,¤,1.0,1.0,0.6,Satisfied
Case 2117,4,¡¥¥£,¢¥£¥£¤,¤,0.16666666666666663,0.25,0.6,Satisfied
Case 2121,4,¡¢¥£,¤,¤,1.0,1.0,0.6,Satisfied
Case 2123,4,¡¡¢¥,£¥£¤,¢£¤,0.5,0.5,0.6,Satisfied
Case 2126,4,¡¢¥£,¤,¤,1.0,1.0,0.6,Satisfied
Case 2134,4,¡¥¢£,¤,¤,1.0,1.0,0.6,Satisfied
Case 2141,4,¡¢¥£,¤,¤,1.0,1.0,0.6,Satisfied
Case 2142,4,¡¢¥£,¤,¤,1.0,1.0,0.6,Satisfied
Case 2143,4,¡¢­¥,£¤,¢£¤,0.6666666666666667,0.6666666666666666,0.6,Satisfied
Case 2152,4,¡¢¥£,¤,¤,1.0,1.0,0.6,Satisfied
Case 2156,4,¡¢¥£,¤,¤,1.0,1.0,0.6,Satisfied
Case 2157,4,¡¥£¥,£¤,¢£¤,0.6666666666666667,0.6666666666666666,0.6,Satisfied
Case 2163,4,¡¢¥£,¤,¤,1.0,1.0,0.6,Satisfied
Case 2167,4,¡¢¥£,¤,¤,1.0,1.0,0.6,Satisfied
Case 2168,4,¡¢¥¥,£¤,¢£¤,0.6666666666666667,0.6666666666666666,0.6,Satisfied
Case 2172,4,¡¢¥£,¤,¤,1.0,1.0,0.6,Satisfied
Case 2176,4,¡¢¥£,¤,¤,1.0,1.0,0.6,Satisfied
Case 2177,4,¡¥¥£,¤,¤,1.0,1.0,0.6,Satisfied
Case 2183,4,¡¢¥£,¤,¤,1.0,1.0,0.6,Satisfied
Case 2187,4,¡¢¥£,¤,¤,1.0,1.0,0.6,Satisfied
Case 2191,4,¡¢¥£,¤,¤,1.0,1.0,0.6,Satisfied
Case 2197,4,¡¢¥£,¤,¤,1.0,1.0,0.6,Satisfied
Case 2201,4,¡¢¥£,¤,¤,1.0,1.0,0.6,Satisfied
Case 2203,4,¡¢¥£,¤,¤,1.0,1.0,0.6,Satisfied
Case 2210,4,¡¢¥£,¤,¤,1.0,1.0,0.6,Satisfied
Case 2211,4,¡¢¥£,¤,¤,1.0,1.0,0.6,Satisfied
Case 2215,4,¡¢¥£,¤,¤,1.0,1.0,0.6,Satisfied
Case 2219,4,¡¢¥¢,£¤,£¤,1.0,1.0,0.6,Satisfied
Case 2220,4,¡¢¥£,¤,¤,1.0,1.0,0.6,Satisfied
Case 2227,4,¡¥£¥,£¤,¢£¤,0.6666666666666667,0.6666666666666666,0.6,Satisfied
Case 2228,4,¡¢¥£,¤,¤,1.0,1.0,0.6,Satisfied
Case 2236,4,¡¢¥£,¤,¤,1.0,1.0,0.6,Satisfied
Case 2239,4,¡¢¥£,¥£¢¥£¤,¤,0.16666666666666663,0.25,0.6,Satisfied
Case 2245,4,¡¢¥£,¤,¤,1.0,1.0,0.6,Satisfied
Case 2267,4,¡¢¥£,¤,¤,1.0,1.0,0.6,Satisfied
Case 2268,4,¡¢¥£,¤,¤,1.0,1.0,0.6,Satisfied
Case 2279,4,¡¢¥£,¤,¤,1.0,1.0,0.6,Satisfied
Case 2285,4,¡¥¢¥,£¤,¢£¤,0.6666666666666667,0.6666666666666666,0.6,Satisfied
Case 2290,4,¡¢¥£,¤,¤,1.0,1.0,0.6,Satisfied
Case 2296,4,¡¢¥£,¤,¤,1.0,1.0,0.6,Satisfied
Case 23,4,¡¢¥£,¤,¤,1.0,1.0,0.6,Satisfied
Case 230,4,¡¡¢¥,£¤,¢£¤,0.6666666666666667,0.6666666666666666,0.6,Satisfied
Case 2300,4,¡¢­­,¦­,£¤,0.0,0.0,0.6,Satisfied
Case 2302,4,¡¢¥£,¤,¤,1.0,1.0,0.6,Satisfied
Case 2308,4,¡¢¥£,¤,¤,1.0,1.0,0.6,Satisfied
Case 2315,4,¡¢¥£,¤,¤,1.0,1.0,0.6,Satisfied
Case 232,4,¡¢¥¥,£¥£¤,¢£¤,0.5,0.5,0.6,Satisfied
Case 2322,4,¡¢¥£,¤,¤,1.0,1.0,0.6,Satisfied
Case 2328,4,¡¢¥£,¤,¤,1.0,1.0,0.6,Satisfied
Case 233,4,¡¢¥£,¤,¤,1.0,1.0,0.6,Satisfied
Case 2330,4,¡¢¥£,¤,¤,1.0,1.0,0.6,Satisfied
Case 2335,4,¡¢¥£,¤,¤,1.0,1.0,0.6,Satisfied
Case 2342,4,¡¢¥¥,£¤,¢£¤,0.6666666666666667,0.6666666666666666,0.6,Satisfied
Case 2346,4,§¡¢¥,£¤,£¤,1.0,1.0,0.6,Satisfied
Case 2348,4,¡¢¥£,¤,¤,1.0,1.0,0.6,Satisfied
Case 235,4,§¡¢¥,£¤,£¤,1.0,1.0,0.6,Satisfied
Case 2356,4,¡¢¥¥,£¤,¢£¤,0.6666666666666667,0.6666666666666666,0.6,Satisfied
Case 2367,4,¡¢¥£,¤,¤,1.0,1.0,0.6,Satisfied
Case 2368,4,¡¢¥£,¥£¥£­¢¥£¤,¤,0.11111111111111116,0.19999999999999996,0.6,Satisfied
Case 237,4,¡¢­¥,£¤,¢£¤,0.6666666666666667,0.6666666666666666,0.6,Satisfied
Case 2374,4,¡¢¥£,¤,¤,1.0,1.0,0.6,Satisfied
Case 2375,4,¡¡¡¢,¥£¤,£¤,0.6666666666666667,0.6666666666666666,0.6,Satisfied
Case 2380,4,¡¢¥¢,£¤,£¤,1.0,1.0,0.6,Satisfied
Case 2381,4,¡¡¡¥,£¥£¤,¢£¤,0.5,0.5,0.6,Satisfied
Case 2390,4,¡¢¥£,¤,¤,1.0,1.0,0.6,Satisfied
Case 2391,4,¡¢¥£,¤,¤,1.0,1.0,0.6,Satisfied
Case 2398,4,¡¢¥£,¤,¤,1.0,1.0,0.6,Satisfied
Case 2399,4,¡¢¢¥,£¤,¢£¤,0.6666666666666667,0.6666666666666666,0.6,Satisfied
Case 2403,4,¡¢¥£,¤,¤,1.0,1.0,0.6,Satisfied
Case 2415,4,¡¢¥£,¤,¤,1.0,1.0,0.6,Satisfied
Case 2417,4,¡¢¥­,£¤,£¤,1.0,1.0,0.6,Satisfied
Case 242,4,¡¢¥£,¤,¤,1.0,1.0,0.6,Satisfied
Case 2431,4,¡¢¥£,¤,¤,1.0,1.0,0.6,Satisfied
Case 2432,4,¡¢¥£,¤,¤,1.0,1.0,0.6,Satisfied
Case 2436,4,¡¥£¤,¢,,0.0,0.0,0.6,Satisfied
Case 2447,4,¡¢¢¥,£¤,¢£¤,0.6666666666666667,0.6666666666666666,0.6,Satisfied
Case 2448,4,¡¢¥£,¤,¤,1.0,1.0,0.6,Satisfied
Case 2451,4,¡¢¦­,­¥£,£¤,0.0,0.25,0.6,Satisfied
Case 2452,4,¡¢¥£,¤,¤,1.0,1.0,0.6,Satisfied
Case 2455,4,¡¢¥£,¤,¤,1.0,1.0,0.6,Satisfied
Case 2458,4,¡¢¥£,¤,¤,1.0,1.0,0.6,Satisfied
Case 2465,4,¡¢¥£,¤,¤,1.0,1.0,0.6,Satisfied
Case 2466,4,¡¢­­,¥£¤,£¤,0.6666666666666667,0.6666666666666666,0.6,Satisfied
Case 247,4,§¢¥£,¤,¤,1.0,1.0,0.6,Satisfied
Case 2473,4,¡¢¥¢,¥£¤,£¤,0.6666666666666667,0.6666666666666666,0.6,Satisfied
Case 2474,4,¡¢¥£,¤,¤,1.0,1.0,0.6,Satisfied
Case 2476,4,¡¢­¥,£¤,¢£¤,0.6666666666666667,0.6666666666666666,0.6,Satisfied
Case 2481,4,¡¢­¥,£¤,¢£¤,0.6666666666666667,0.6666666666666666,0.6,Satisfied
Case 2490,4,¡¡¢¥,£¤,¢£¤,0.6666666666666667,0.6666666666666666,0.6,Satisfied
Case 2492,4,¡¢¥£,¤,¤,1.0,1.0,0.6,Satisfied
Case 2498,4,¡¢¥£,¤,¤,1.0,1.0,0.6,Satisfied
Case 2499,4,¡¢¥£,¤,¤,1.0,1.0,0.6,Satisfied
Case 2504,4,¡¢¥£,¤,¤,1.0,1.0,0.6,Satisfied
Case 2508,4,¡¢¥£,¤,¤,1.0,1.0,0.6,Satisfied
Case 2512,4,¡¢¥£,¥£¤,¤,0.33333333333333337,0.33333333333333326,0.6,Satisfied
Case 2514,4,¡¢¥¥,£¤,¢£¤,0.6666666666666667,0.6666666666666666,0.6,Satisfied
Case 2522,4,¡¢¥£,¥£¤,¤,0.33333333333333337,0.33333333333333326,0.6,Satisfied
Case 253,4,¡¢¥£,¤,¤,1.0,1.0,0.6,Satisfied
Case 2530,4,¡¢¥£,¤,¤,1.0,1.0,0.6,Satisfied
Case 2534,4,¡¢¥£,¤,¤,1.0,1.0,0.6,Satisfied
Case 2550,4,¡¢¥¥,£¥£¤,¢£¤,0.5,0.5,0.6,Satisfied
Case 2555,4,¡¢¥£,¤,¤,1.0,1.0,0.6,Satisfied
Case 2558,4,¡¢¥£,¤,¤,1.0,1.0,0.6,Satisfied
Case 2569,4,¡¢¥£,¤,¤,1.0,1.0,0.6,Satisfied
Case 2571,4,¡¢¥£,¤,¤,1.0,1.0,0.6,Satisfied
Case 2577,4,¡¢¥£,¤,¤,1.0,1.0,0.6,Satisfied
Case 2581,4,¡¡¢¥,£¤,¢£¤,0.6666666666666667,0.6666666666666666,0.6,Satisfied
Case 2585,4,¡¢¥£,¤,¤,1.0,1.0,0.6,Satisfied
Case 2591,4,¡¢¥£,¤,¤,1.0,1.0,0.6,Satisfied
Case 2593,4,¡­¥£,¤,¤,1.0,1.0,0.6,Satisfied
Case 2596,4,¡¢¥£,¤,¤,1.0,1.0,0.6,Satisfied
Case 2598,4,¡¢¥£,¤,¤,1.0,1.0,0.6,Satisfied
Case 2599,4,¡¢¥£,¤,¤,1.0,1.0,0.6,Satisfied
Case 2603,4,¡¢¥£,¤,¤,1.0,1.0,0.6,Satisfied
Case 2607,4,¡¢¥£,¤,¤,1.0,1.0,0.6,Satisfied
Case 2609,4,¡¢¥£,¤,¤,1.0,1.0,0.6,Satisfied
Case 261,4,¡¢¥£,¤,¤,1.0,1.0,0.6,Satisfied
Case 2611,4,¡¢¥£,¤,¤,1.0,1.0,0.6,Satisfied
Case 2613,4,¡¢¥¥,¥£¥£¤,¢£¤,0.4,0.5,0.6,Satisfied
Case 2614,4,¡¢¥£,¤,¤,1.0,1.0,0.6,Satisfied
Case 262,4,¡¢¥£,¥£¤,¤,0.33333333333333337,0.33333333333333326,0.6,Satisfied
Case 2620,4,¡¢­¥,£¤,¢£¤,0.6666666666666667,0.6666666666666666,0.6,Satisfied
Case 2625,4,¡¢¥£,¤,¤,1.0,1.0,0.6,Satisfied
Case 2631,4,¡¢¥£,¤,¤,1.0,1.0,0.6,Satisfied
Case 2634,4,¡¢¥£,¤,¤,1.0,1.0,0.6,Satisfied
Case 265,4,¡¢¥£,¤,¤,1.0,1.0,0.6,Satisfied
Case 2659,4,¡¢¥¥,¢£¤,¢£¤,1.0,1.0,0.6,Satisfied
Case 2665,4,¡¢¥£,¤,¤,1.0,1.0,0.6,Satisfied
Case 2666,4,¡¡¢¥,¥£¤,¢£¤,0.6666666666666667,0.5,0.6,Satisfied
Case 2667,4,¡¢¥¥,£¢¥£¤,¢£¤,0.6,0.75,0.6,Satisfied
Case 2668,4,¡¡¢­,¥£¤,£¤,0.6666666666666667,0.6666666666666666,0.6,Satisfied
Case 2674,4,¡¢¥¢,£¤,£¤,1.0,1.0,0.6,Satisfied
Case 2676,4,¡¢¥£,¤,¤,1.0,1.0,0.6,Satisfied
Case 2681,4,¡¢¥£,¤,¤,1.0,1.0,0.6,Satisfied
Case 2700,4,¡¢¥£,¤,¤,1.0,1.0,0.6,Satisfied
Case 2713,4,¡¢¥£,¤,¤,1.0,1.0,0.6,Satisfied
Case 2714,4,¡¢¥£,¤,¤,1.0,1.0,0.6,Satisfied
Case 2716,4,¡¢¥£,¤,¤,1.0,1.0,0.6,Satisfied
Case 2720,4,¡¢­¥,£¤,¢£¤,0.6666666666666667,0.6666666666666666,0.6,Satisfied
Case 2721,4,¡¢¥£,¤,¤,1.0,1.0,0.6,Satisfied
Case 2734,4,¡¢¥£,¤,¤,1.0,1.0,0.6,Satisfied
Case 2741,4,¡¢¥£,¤,¤,1.0,1.0,0.6,Satisfied
Case 2765,4,¡¢¥¥,£¤,¢£¤,0.6666666666666667,0.6666666666666666,0.6,Satisfied
Case 2770,4,¡¢¥£,¤,¤,1.0,1.0,0.6,Satisfied
Case 2774,4,¡¥£¥,£¢¥£¤,¢£¤,0.6,0.75,0.6,Satisfied
Case 2776,4,¢¥¢¥,£¤,¢£¤,0.6666666666666667,0.6666666666666666,0.6,Satisfied
Case 2777,4,¡¢¥£,¤,¤,1.0,1.0,0.6,Satisfied
Case 2788,4,¡¢¥£,¤,¤,1.0,1.0,0.6,Satisfied
Case 2789,4,¡¢¥£,¤,¤,1.0,1.0,0.6,Satisfied
Case 2791,4,¡¢¥£,¤,¤,1.0,1.0,0.6,Satisfied
Case 28,4,¡¢¦­,­¥£,£¤,0.0,0.25,0.6,Satisfied
Case 2814,4,¡¢¥£,¤,¤,1.0,1.0,0.6,Satisfied
Case 282,4,¡¢¥£,¤,¤,1.0,1.0,0.6,Satisfied
Case 2826,4,¡¢¥£,¤,¤,1.0,1.0,0.6,Satisfied
Case 2834,4,¡¢¥£,¤,¤,1.0,1.0,0.6,Satisfied
Case 2839,4,¡¢¥£,¤,¤,1.0,1.0,0.6,Satisfied
Case 2847,4,¡¢¥£,¤,¤,1.0,1.0,0.6,Satisfied
Case 2848,4,¡¢¥£,¤,¤,1.0,1.0,0.6,Satisfied
Case 2849,4,¡¥£¥,£¤,¢£¤,0.6666666666666667,0.6666666666666666,0.6,Satisfied
Case 2851,4,¡¢¥£,¤,¤,1.0,1.0,0.6,Satisfied
Case 2854,4,¡¢¥£,¤,¤,1.0,1.0,0.6,Satisfied
Case 286,4,¡¢¥£,¤,¤,1.0,1.0,0.6,Satisfied
Case 2860,4,¡¢¥£,¤,¤,1.0,1.0,0.6,Satisfied
Case 2866,4,¡¢¥£,¤,¤,1.0,1.0,0.6,Satisfied
Case 2873,4,¡¢¥£,¤,¤,1.0,1.0,0.6,Satisfied
Case 2875,4,¡¢¥£,¤,¤,1.0,1.0,0.6,Satisfied
Case 2881,4,¡­­¥,£¤,£¤,1.0,1.0,0.6,Satisfied
Case 2891,4,¡¢¥£,¤,¤,1.0,1.0,0.6,Satisfied
Case 2897,4,¡¢­¢,¥£¤,£¤,0.6666666666666667,0.6666666666666666,0.6,Satisfied
Case 2905,4,¡¢¥£,¤,¤,1.0,1.0,0.6,Satisfied
Case 2908,4,¡¢¥£,¤,¤,1.0,1.0,0.6,Satisfied
Case 2910,4,¡¢¥£,¤,¤,1.0,1.0,0.6,Satisfied
Case 2918,4,¡¢­¢,¥£¤,£¤,0.6666666666666667,0.6666666666666666,0.6,Satisfied
Case 292,4,¡¢¥£,¤,¤,1.0,1.0,0.6,Satisfied
Case 2931,4,¡¢¥­,£¥£¤,£¤,0.5,0.6666666666666666,0.6,Satisfied
Case 2932,4,¡¢¥£,¤,¤,1.0,1.0,0.6,Satisfied
Case 2934,4,¡¢¥£,¤,¤,1.0,1.0,0.6,Satisfied
Case 2949,4,¡¢¥£,¤,¤,1.0,1.0,0.6,Satisfied
Case 296,4,¡¢¥£,¤,¤,1.0,1.0,0.6,Satisfied
Case 2962,4,¡¢¥£,¤,¤,1.0,1.0,0.6,Satisfied
Case 2964,4,¡¢¥£,¤,¤,1.0,1.0,0.6,Satisfied
Case 2966,4,¡¢¥£,¤,¤,1.0,1.0,0.6,Satisfied
Case 2968,4,¡¢¥£,¤,¤,1.0,1.0,0.6,Satisfied
Case 2970,4,¡¢­¥,£¤,¢£¤,0.6666666666666667,0.6666666666666666,0.6,Satisfied
Case 2971,4,¡¢¥£,¤,¤,1.0,1.0,0.6,Satisfied
Case 2975,4,¡¥¡¢,¥¥¢£¤,£¤,0.4,0.5,0.6,Satisfied
Case 2981,4,¡¡¢­,­¥£¤,£¤,0.5,0.5,0.6,Satisfied
Case 2984,4,¡¢¥£,¥£¤,¤,0.33333333333333337,0.33333333333333326,0.6,Satisfied
Case 2988,4,¡¥£¥,£¤,¢£¤,0.6666666666666667,0.6666666666666666,0.6,Satisfied
Case 299,4,¡¢¥£,¤,¤,1.0,1.0,0.6,Satisfied
Case 2992,4,¡¢¥£,¤,¤,1.0,1.0,0.6,Satisfied
Case 3002,4,¡¢¥£,¤,¤,1.0,1.0,0.6,Satisfied
Case 3008,4,¡¢¥£,¤,¤,1.0,1.0,0.6,Satisfied
Case 3009,4,¡¢¥¢,£¤,£¤,1.0,1.0,0.6,Satisfied
Case 3010,4,¡¢¥£,¤,¤,1.0,1.0,0.6,Satisfied
Case 3013,4,¡¢¢¥,£¤,¢£¤,0.6666666666666667,0.6666666666666666,0.6,Satisfied
Case 3015,4,¡¢­¥,£¤,¢£¤,0.6666666666666667,0.6666666666666666,0.6,Satisfied
Case 3016,4,¡¡¢¥,£¤,¢£¤,0.6666666666666667,0.6666666666666666,0.6,Satisfied
Case 3021,4,¡¢¥£,¤,¤,1.0,1.0,0.6,Satisfied
Case 3027,4,¡¢¥£,¤,¤,1.0,1.0,0.6,Satisfied
Case 3034,4,¡¢¥£,¤,¤,1.0,1.0,0.6,Satisfied
Case 3035,4,¡¢¥£,¤,¤,1.0,1.0,0.6,Satisfied
Case 3037,4,¡¢¥£,¤,¤,1.0,1.0,0.6,Satisfied
Case 3038,4,¡¢¥¢,¥£¤,£¤,0.6666666666666667,0.6666666666666666,0.6,Satisfied
Case 3043,4,¡¢¥£,¤,¤,1.0,1.0,0.6,Satisfied
Case 3044,4,¡¢¥£,¤,¤,1.0,1.0,0.6,Satisfied
Case 3056,4,¡¢¥£,¤,¤,1.0,1.0,0.6,Satisfied
Case 3058,4,¡¢­¥,£¥£¤,¢£¤,0.5,0.5,0.6,Satisfied
Case 3059,4,¡¢­¥,£¤,¢£¤,0.6666666666666667,0.6666666666666666,0.6,Satisfied
Case 3061,4,¡¢­¥,£¤,¢£¤,0.6666666666666667,0.6666666666666666,0.6,Satisfied
Case 3071,4,¡¢¦­,¥£¤,£¤,0.6666666666666667,0.6666666666666666,0.6,Satisfied
Case 3073,4,¡¢¥£,¤,¤,1.0,1.0,0.6,Satisfied
Case 3077,4,¡­¥£,¤,¤,1.0,1.0,0.6,Satisfied
Case 3078,4,¡¢¥£,¤,¤,1.0,1.0,0.6,Satisfied
Case 308,4,¡¢¥£,¤,¤,1.0,1.0,0.6,Satisfied
Case 3082,4,¡¡¢¥,£¤,¢£¤,0.6666666666666667,0.6666666666666666,0.6,Satisfied
Case 3083,4,¡¢¥£,¤,¤,1.0,1.0,0.6,Satisfied
Case 3086,4,¡¢¥£,¤,¤,1.0,1.0,0.6,Satisfied
Case 3095,4,¡¢¥£,¤,¤,1.0,1.0,0.6,Satisfied
Case 31,4,¡¢¦­,¥£¤,£¤,0.6666666666666667,0.6666666666666666,0.6,Satisfied
Case 3103,4,¡¢­¥,£¤,¢£¤,0.6666666666666667,0.6666666666666666,0.6,Satisfied
Case 3112,4,¡¢¥£,¤,¤,1.0,1.0,0.6,Satisfied
Case 3113,4,¡¢¥¥,¢¥£¤,¢£¤,0.75,0.75,0.6,Satisfied
Case 3118,4,¡¢¥¥,¦£¤,¢£¤,0.6666666666666667,0.5,0.6,Satisfied
Case 3121,4,¡¢¥£,¡¢¥£¤,¤,0.19999999999999996,0.19999999999999996,0.6,Satisfied
Case 3126,4,¡¢¥£,¤,¤,1.0,1.0,0.6,Satisfied
Case 3128,4,¡¢¥£,¤,¤,1.0,1.0,0.6,Satisfied
Case 313,4,¡¢¥­,¥£¥£¤,£¤,0.4,0.6666666666666666,0.6,Satisfied
Case 3139,4,¡¢­¢,¥£¤,£¤,0.6666666666666667,0.6666666666666666,0.6,Satisfied
Case 3142,4,¡¢¥£,¤,¤,1.0,1.0,0.6,Satisfied
Case 3145,4,¡¢¥£,¤,¤,1.0,1.0,0.6,Satisfied
Case 317,4,¡¢­¥,£¤,¢£¤,0.6666666666666667,0.6666666666666666,0.6,Satisfied
Case 3172,4,¡¢¥£,¤,¤,1.0,1.0,0.6,Satisfied
Case 3176,4,¡¢­¥,£¤,¢£¤,0.6666666666666667,0.6666666666666666,0.6,Satisfied
Case 3180,4,¡¢¥£,¤,¤,1.0,1.0,0.6,Satisfied
Case 3182,4,¡¢¥£,¤,¤,1.0,1.0,0.6,Satisfied
Case 3184,4,¡¢¥£,¤,¤,1.0,1.0,0.6,Satisfied
Case 3186,4,¡¢¥£,¤,¤,1.0,1.0,0.6,Satisfied
Case 3188,4,¡¢¥£,¤,¤,1.0,1.0,0.6,Satisfied
Case 3192,4,¡¢¦¥,£¤,¢£¤,0.6666666666666667,0.6666666666666666,0.6,Satisfied
Case 3212,4,¡¢¥£,¤,¤,1.0,1.0,0.6,Satisfied
Case 3214,4,¡¢¦¥,£¤,¢£¤,0.6666666666666667,0.6666666666666666,0.6,Satisfied
Case 3222,4,¡¢¥£,¤,¤,1.0,1.0,0.6,Satisfied
Case 3229,4,¡¢¥£,¤,¤,1.0,1.0,0.6,Satisfied
Case 323,4,¡¢¥£,¤,¤,1.0,1.0,0.6,Satisfied
Case 3231,4,¡¢¥£,¤,¤,1.0,1.0,0.6,Satisfied
Case 3233,4,¡¢¥£,¤,¤,1.0,1.0,0.6,Satisfied
Case 3240,4,¡¢¥£,¤,¤,1.0,1.0,0.6,Satisfied
Case 3249,4,¡¢­­,¢¥£¥£¤,£¤,0.33333333333333337,0.5,0.6,Satisfied
Case 3251,4,¡¢¥£,¤,¤,1.0,1.0,0.6,Satisfied
Case 3253,4,¡¢¥£,¤,¤,1.0,1.0,0.6,Satisfied
Case 326,4,¡¢­­,¥£¤,£¤,0.6666666666666667,0.6666666666666666,0.6,Satisfied
Case 3260,4,¡¢¥£,¤,¤,1.0,1.0,0.6,Satisfied
Case 3262,4,¡¢¥£,¤,¤,1.0,1.0,0.6,Satisfied
Case 3273,4,¡¢¥£,¤,¤,1.0,1.0,0.6,Satisfied
Case 3276,4,¡¢­¥,£¤,¢£¤,0.6666666666666667,0.6666666666666666,0.6,Satisfied
Case 3288,4,¡¢¥£,¥£¤,¤,0.33333333333333337,0.33333333333333326,0.6,Satisfied
Case 3289,4,¡¢¥£,¤,¤,1.0,1.0,0.6,Satisfied
Case 3294,4,¡¢¥¢,£¤,£¤,1.0,1.0,0.6,Satisfied
Case 33,4,¡¢¥£,¤,¤,1.0,1.0,0.6,Satisfied
Case 331,4,¡¢­¥,£¤,¢£¤,0.6666666666666667,0.6666666666666666,0.6,Satisfied
Case 3314,4,¡¢¥£,¤,¤,1.0,1.0,0.6,Satisfied
Case 3315,4,¡¢¥£,¤,¤,1.0,1.0,0.6,Satisfied
Case 332,4,¡¢¥£,¤,¤,1.0,1.0,0.6,Satisfied
Case 3323,4,¡¢¦­,­¥£,£¤,0.0,0.25,0.6,Satisfied
Case 3324,4,¡¢¥£,¤,¤,1.0,1.0,0.6,Satisfied
Case 333,4,¡¢¥£,¤,¤,1.0,1.0,0.6,Satisfied
Case 3331,4,¡¢¥£,¤,¤,1.0,1.0,0.6,Satisfied
Case 3334,4,¡¢¥£,¤,¤,1.0,1.0,0.6,Satisfied
Case 3336,4,¡¢¥£,¤,¤,1.0,1.0,0.6,Satisfied
Case 3338,4,¡­¥£,¤,¤,1.0,1.0,0.6,Satisfied
Case 3341,4,¡¢¥£,¤,¤,1.0,1.0,0.6,Satisfied
Case 3344,4,¡¥£¥,£¢¥£¥£¤,¢£¤,0.4285714285714286,0.75,0.6,Satisfied
Case 3349,4,¡¢¥£,¤,¤,1.0,1.0,0.6,Satisfied
Case 3351,4,¡¢¥£,¥£¤,¤,0.33333333333333337,0.33333333333333326,0.6,Satisfied
Case 3357,4,¡¢¥£,¤,¤,1.0,1.0,0.6,Satisfied
Case 3358,4,¡¢­¥,£¤,¢£¤,0.6666666666666667,0.6666666666666666,0.6,Satisfied
Case 3360,4,¡¢¥£,¤,¤,1.0,1.0,0.6,Satisfied
Case 3362,4,¡¢¥£,¤,¤,1.0,1.0,0.6,Satisfied
Case 337,4,¡¢¥£,¤,¤,1.0,1.0,0.6,Satisfied
Case 3372,4,¡¢¥£,¤,¤,1.0,1.0,0.6,Satisfied
Case 3373,4,¡¢¥£,¤,¤,1.0,1.0,0.6,Satisfied
Case 3376,4,¡¢¥£,¤,¤,1.0,1.0,0.6,Satisfied
Case 3382,4,¡¢¥£,¤,¤,1.0,1.0,0.6,Satisfied
Case 3398,4,¡¢¥£,¤,¤,1.0,1.0,0.6,Satisfied
Case 34,4,¡¢¥¥,£¤,¢£¤,0.6666666666666667,0.6666666666666666,0.6,Satisfied
Case 3403,4,¡¢¥£,¤,¤,1.0,1.0,0.6,Satisfied
Case 3409,4,¡¢¦¬,¬­,£¤,0.0,0.0,0.6,Satisfied
Case 3413,4,¡¢¥£,¤,¤,1.0,1.0,0.6,Satisfied
Case 3418,4,¡¢­¥,£¤,¢£¤,0.6666666666666667,0.6666666666666666,0.6,Satisfied
Case 3419,4,¡¢¥£,¤,¤,1.0,1.0,0.6,Satisfied
Case 3426,4,¡¢¥£,¤,¤,1.0,1.0,0.6,Satisfied
Case 3428,4,¡¢¥£,¤,¤,1.0,1.0,0.6,Satisfied
Case 343,4,¡¢¥£,¤,¤,1.0,1.0,0.6,Satisfied
Case 3436,4,¡¢¥¥,¥¥£¤,¢£¤,0.5,0.5,0.6,Satisfied
Case 3439,4,¢¥£¢,¥¢¥£¤,£¤,0.4,0.5,0.6,Satisfied
Case 3440,4,¡¢¥£,¤,¤,1.0,1.0,0.6,Satisfied
Case 3442,4,¡¢¥£,¤,¤,1.0,1.0,0.6,Satisfied
Case 3443,4,¡¢­¥,£,¢£¤,0.33333333333333337,0.33333333333333326,0.6,Satisfied
Case 3444,4,¡¦¦¬,¬­¥£¤,¥£¤,0.6,0.6,0.6,Satisfied
Case 3448,4,¡¢¥£,¤,¤,1.0,1.0,0.6,Satisfied
Case 3449,4,¡¡¢¥,£¤,¢£¤,0.6666666666666667,0.6666666666666666,0.6,Satisfied
Case 345,4,¡¢¥£,¤,¤,1.0,1.0,0.6,Satisfied
Case 3454,4,¡¢¢¥,£¤,¢£¤,0.6666666666666667,0.6666666666666666,0.6,Satisfied
Case 346,4,¡¥¥£,¤,¤,1.0,1.0,0.6,Satisfied
Case 3462,4,¡¢¥£,¤,¤,1.0,1.0,0.6,Satisfied
Case 3465,4,¡¢¥£,¤,¤,1.0,1.0,0.6,Satisfied
Case 3475,4,¡¢¥£,¤,¤,1.0,1.0,0.6,Satisfied
Case 348,4,¡¢¥£,¤,¤,1.0,1.0,0.6,Satisfied
Case 349,4,¡¢¥£,¤,¤,1.0,1.0,0.6,Satisfied
Case 3498,4,¡¢¥£,¤,¤,1.0,1.0,0.6,Satisfied
Case 3511,4,¡¢¥£,¤,¤,1.0,1.0,0.6,Satisfied
Case 3516,4,¡¢­¥,£¤,¢£¤,0.6666666666666667,0.6666666666666666,0.6,Satisfied
Case 3517,4,¡¢¥£,¤,¤,1.0,1.0,0.6,Satisfied
Case 3529,4,¡¢¥£,¤,¤,1.0,1.0,0.6,Satisfied
Case 3530,4,¡¢¥£,¤,¤,1.0,1.0,0.6,Satisfied
Case 3532,4,¡¢¥£,¤,¤,1.0,1.0,0.6,Satisfied
Case 3535,4,¡¢¥£,¤,¤,1.0,1.0,0.6,Satisfied
Case 3537,4,¡¢¥£,¤,¤,1.0,1.0,0.6,Satisfied
Case 3539,4,¡¢¥£,¤,¤,1.0,1.0,0.6,Satisfied
Case 3542,4,¡¢¥£,¤,¤,1.0,1.0,0.6,Satisfied
Case 3543,4,¡¢¥£,¤,¤,1.0,1.0,0.6,Satisfied
Case 3546,4,¡¢¥£,¤,¤,1.0,1.0,0.6,Satisfied
Case 3551,4,¡¢¥£,¤,¤,1.0,1.0,0.6,Satisfied
Case 3552,4,¡¢¥£,¤,¤,1.0,1.0,0.6,Satisfied
Case 3562,4,¡¢¥£,¢¥£¤,¤,0.25,0.25,0.6,Satisfied
Case 3563,4,¡¢¥£,¤,¤,1.0,1.0,0.6,Satisfied
Case 3565,4,¡¢¥£,¤,¤,1.0,1.0,0.6,Satisfied
Case 3567,4,¡¢¥£,¤,¤,1.0,1.0,0.6,Satisfied
Case 3582,4,¡¢¥£,¤,¤,1.0,1.0,0.6,Satisfied
Case 3583,4,¡¢¥£,¤,¤,1.0,1.0,0.6,Satisfied
Case 3592,4,¡¢¥£,¤,¤,1.0,1.0,0.6,Satisfied
Case 3599,4,¡¢¥£,¤,¤,1.0,1.0,0.6,Satisfied
Case 3600,4,¡¢¥£,¤,¤,1.0,1.0,0.6,Satisfied
Case 3601,4,¡¢¥£,¤,¤,1.0,1.0,0.6,Satisfied
Case 361,4,¡¢¥£,¢¥£¤,¤,0.25,0.25,0.6,Satisfied
Case 3613,4,¡¢­¥,£¤,¢£¤,0.6666666666666667,0.6666666666666666,0.6,Satisfied
Case 3614,4,¡¢¥£,¤,¤,1.0,1.0,0.6,Satisfied
Case 3638,4,¡¢¥£,¤,¤,1.0,1.0,0.6,Satisfied
Case 364,4,¡¢¥£,¤,¤,1.0,1.0,0.6,Satisfied
Case 3641,4,¡¢¥£,¤,¤,1.0,1.0,0.6,Satisfied
Case 3643,4,¡¢¥£,¤,¤,1.0,1.0,0.6,Satisfied
Case 3645,4,¡¢­¥,£¤,¢£¤,0.6666666666666667,0.6666666666666666,0.6,Satisfied
Case 3653,4,¡¢¥£,¤,¤,1.0,1.0,0.6,Satisfied
Case 3654,4,¡¢¥£,¤,¤,1.0,1.0,0.6,Satisfied
Case 3656,4,¡¢¥¥,£¤,¢£¤,0.6666666666666667,0.6666666666666666,0.6,Satisfied
Case 3657,4,¡¢¥£,¤,¤,1.0,1.0,0.6,Satisfied
Case 3662,4,¡¢¥¥,£¤,¢£¤,0.6666666666666667,0.6666666666666666,0.6,Satisfied
Case 3663,4,¡¢¥£,¤,¤,1.0,1.0,0.6,Satisfied
Case 3666,4,¡¢¥£,¤,¤,1.0,1.0,0.6,Satisfied
Case 3669,4,¡¡¢¥,¢­­£¤,¢£¤,0.6,0.75,0.6,Satisfied
Case 367,4,¡¥¥£,¤,¤,1.0,1.0,0.6,Satisfied
Case 3670,4,¡¢¥£,¤,¤,1.0,1.0,0.6,Satisfied
Case 3673,4,¡¢¥¢,¥£¤,£¤,0.6666666666666667,0.6666666666666666,0.6,Satisfied
Case 3674,4,¡¢¥£,¤,¤,1.0,1.0,0.6,Satisfied
Case 3676,4,¡¢¥£,¥£¤,¤,0.33333333333333337,0.33333333333333326,0.6,Satisfied
Case 3678,4,¡¢¥£,¤,¤,1.0,1.0,0.6,Satisfied
Case 3688,4,¡¡¢¥,£¤,¢£¤,0.6666666666666667,0.6666666666666666,0.6,Satisfied
Case 3692,4,¡¥£¢,¥£¤,£¤,0.6666666666666667,0.6666666666666666,0.6,Satisfied
Case 3696,4,¡¢¥£,¤,¤,1.0,1.0,0.6,Satisfied
Case 370,4,¡¢¥£,¤,¤,1.0,1.0,0.6,Satisfied
Case 3705,4,¡¢¥£,¢¥£¤,¤,0.25,0.25,0.6,Satisfied
Case 3708,4,¡¢¥£,¤,¤,1.0,1.0,0.6,Satisfied
Case 3738,4,¡¢¥£,¤,¤,1.0,1.0,0.6,Satisfied
Case 374,4,¡¢¥£,¤,¤,1.0,1.0,0.6,Satisfied
Case 3742,4,¡¢¥£,¤,¤,1.0,1.0,0.6,Satisfied
Case 3745,4,¡¢¥£,¤,¤,1.0,1.0,0.6,Satisfied
Case 3766,4,¡¢¥£,¤,¤,1.0,1.0,0.6,Satisfied
Case 3770,4,¡¢¥£,¤,¤,1.0,1.0,0.6,Satisfied
Case 3775,4,¡¢¥£,¤,¤,1.0,1.0,0.6,Satisfied
Case 3776,4,¡¡¢¥,£¤,¢£¤,0.6666666666666667,0.6666666666666666,0.6,Satisfied
Case 378,4,¡¢¥£,¤,¤,1.0,1.0,0.6,Satisfied
Case 3787,4,¡¢¥¢,£¤,£¤,1.0,1.0,0.6,Satisfied
Case 3798,4,¡¢¥£,¤,¤,1.0,1.0,0.6,Satisfied
Case 3802,4,§¡¥£,¤,¤,1.0,1.0,0.6,Satisfied
Case 3818,4,¡¢¥£,¤,¤,1.0,1.0,0.6,Satisfied
Case 3819,4,¡¢¥£,¤,¤,1.0,1.0,0.6,Satisfied
Case 382,4,¡¢¥¢,­£,£¤,0.0,0.33333333333333326,0.6,Satisfied
Case 3822,4,¡¢¥£,¤,¤,1.0,1.0,0.6,Satisfied
Case 3832,4,¡¢¥¥,£¢¥£¤,¢£¤,0.6,0.75,0.6,Satisfied
Case 384,4,¡¢¥£,¤,¤,1.0,1.0,0.6,Satisfied
Case 3844,4,¡¢¥£,¤,¤,1.0,1.0,0.6,Satisfied
Case 3857,4,¡¢¥£,¤,¤,1.0,1.0,0.6,Satisfied
Case 3864,4,¡¢¥£,¤,¤,1.0,1.0,0.6,Satisfied
Case 3865,4,¡¢­¥,£¤,¢£¤,0.6666666666666667,0.6666666666666666,0.6,Satisfied
Case 3877,4,¡¢¥£,¤,¤,1.0,1.0,0.6,Satisfied
Case 3884,4,¡¢¥¢,£¤,£¤,1.0,1.0,0.6,Satisfied
Case 3885,4,¡¢¥£,¤,¤,1.0,1.0,0.6,Satisfied
Case 3890,4,¡¢¥£,¤,¤,1.0,1.0,0.6,Satisfied
Case 3896,4,¡¢¥£,¤,¤,1.0,1.0,0.6,Satisfied
Case 3898,4,¡¢¥£,¤,¤,1.0,1.0,0.6,Satisfied
Case 3899,4,¡¢¥£,¤,¤,1.0,1.0,0.6,Satisfied
Case 39,4,¡¢¥£,¤,¤,1.0,1.0,0.6,Satisfied
Case 3905,4,¡¢¥£,¤,¤,1.0,1.0,0.6,Satisfied
Case 3912,4,¡¢¥£,¤,¤,1.0,1.0,0.6,Satisfied
Case 3928,4,¡¢¥£,¤,¤,1.0,1.0,0.6,Satisfied
Case 3930,4,¡¢¥£,¤,¤,1.0,1.0,0.6,Satisfied
Case 3933,4,¡¢¥£,¤,¤,1.0,1.0,0.6,Satisfied
Case 3943,4,¡¢¥£,¤,¤,1.0,1.0,0.6,Satisfied
Case 3946,4,¡¢¥£,¤,¤,1.0,1.0,0.6,Satisfied
Case 3957,4,¡¢¢¥,£¤,¢£¤,0.6666666666666667,0.6666666666666666,0.6,Satisfied
Case 3963,4,¡¢­­,¥£¥£¤,£¤,0.4,0.6666666666666666,0.6,Satisfied
Case 397,4,¡¢¥£,¤,¤,1.0,1.0,0.6,Satisfied
Case 3974,4,¡¢¥£,¤,¤,1.0,1.0,0.6,Satisfied
Case 3976,4,¡¢¥£,¤,¤,1.0,1.0,0.6,Satisfied
Case 3983,4,¡¢¥£,¤,¤,1.0,1.0,0.6,Satisfied
Case 399,4,¡¢¥£,¤,¤,1.0,1.0,0.6,Satisfied
Case 3992,4,¡¢­£,¤,¤,1.0,1.0,0.6,Satisfied
Case 4006,4,¡¢¥¢,¥£¤,£¤,0.6666666666666667,0.6666666666666666,0.6,Satisfied
Case 4009,4,¡¢¥£,¤,¤,1.0,1.0,0.6,Satisfied
Case 4017,4,¡¢¥£,¤,¤,1.0,1.0,0.6,Satisfied
Case 4026,4,¡¢¥¦,­£¤,£¤,0.6666666666666667,0.6666666666666666,0.6,Satisfied
Case 407,4,¡¢¥£,¤,¤,1.0,1.0,0.6,Satisfied
Case 4073,4,¡¢¥£,¤,¤,1.0,1.0,0.6,Satisfied
Case 4074,4,¡¢¥£,¤,¤,1.0,1.0,0.6,Satisfied
Case 408,4,¡¡¢¥,£¤,¢£¤,0.6666666666666667,0.6666666666666666,0.6,Satisfied
Case 4082,4,¡¢­£,¤,¤,1.0,1.0,0.6,Satisfied
Case 4084,4,¡¢¥£,¤,¤,1.0,1.0,0.6,Satisfied
Case 4107,4,¡¢¥¥,£¤,¢£¤,0.6666666666666667,0.6666666666666666,0.6,Satisfied
Case 412,4,¡¢¥£,¤,¤,1.0,1.0,0.6,Satisfied
Case 414,4,¡¡¢£,¤,¤,1.0,1.0,0.6,Satisfied
Case 4147,4,¡¢¥£,¤,¤,1.0,1.0,0.6,Satisfied
Case 4149,4,¡¢¥£,¤,¤,1.0,1.0,0.6,Satisfied
Case 4156,4,¡¢¥£,¤,¤,1.0,1.0,0.6,Satisfied
Case 4165,4,¡¡¢¥,£¤,¢£¤,0.6666666666666667,0.6666666666666666,0.6,Satisfied
Case 4172,4,¡¢¥£,¤,¤,1.0,1.0,0.6,Satisfied
Case 4185,4,¡¢­£,¤,¤,1.0,1.0,0.6,Satisfied
Case 4187,4,¡¢¥¢,¥,£¤,0.0,0.0,0.6,Satisfied
Case 4197,4,¡¡¡¢,£¤,£¤,1.0,1.0,0.6,Satisfied
Case 4255,4,¡¢££,¤,¤,1.0,1.0,0.6,Satisfied
Case 4257,4,¡¢¥£,¤,¤,1.0,1.0,0.6,Satisfied
Case 4259,4,¡¢¢£,¤,¤,1.0,1.0,0.6,Satisfied
Case 4269,4,¡¢¥£,¤,¤,1.0,1.0,0.6,Satisfied
Case 4300,4,¡¢¥¥,£¤,¢£¤,0.6666666666666667,0.6666666666666666,0.6,Satisfied
Case 4301,4,¡¢¥£,¤,¤,1.0,1.0,0.6,Satisfied
Case 4326,4,¡¢¥£,¤,¤,1.0,1.0,0.6,Satisfied
Case 433,4,¡¢¥¥,£¤,¢£¤,0.6666666666666667,0.6666666666666666,0.6,Satisfied
Case 4337,4,¡¢¥£,¤,¤,1.0,1.0,0.6,Satisfied
Case 4338,4,¡¢¥¢,¥£¤,£¤,0.6666666666666667,0.6666666666666666,0.6,Satisfied
Case 4348,4,¡¢­£,¤,¤,1.0,1.0,0.6,Satisfied
Case 435,4,¡¢­£,¤,¤,1.0,1.0,0.6,Satisfied
Case 4351,4,¡¢¥£,¤,¤,1.0,1.0,0.6,Satisfied
Case 4352,4,¡¢¥£,¤,¤,1.0,1.0,0.6,Satisfied
Case 4353,4,¡¢¢¥,¥£¤,¢£¤,0.6666666666666667,0.5,0.6,Satisfied
Case 4359,4,¡¢¥£,¤,¤,1.0,1.0,0.6,Satisfied
Case 4361,4,¡¢­£,¤,¤,1.0,1.0,0.6,Satisfied
Case 4365,4,¡¢¥£,¤,¤,1.0,1.0,0.6,Satisfied
Case 4369,4,¡¢¥£,¤,¤,1.0,1.0,0.6,Satisfied
Case 438,4,¡¢­¥,£¤,¢£¤,0.6666666666666667,0.6666666666666666,0.6,Satisfied
Case 4385,4,¡¡¢£,¤,¤,1.0,1.0,0.6,Satisfied
Case 4389,4,¡¢­£,¤,¤,1.0,1.0,0.6,Satisfied
Case 4398,4,¡¢¥¢,¥£¤,£¤,0.6666666666666667,0.6666666666666666,0.6,Satisfied
Case 4407,4,¡¢¥£,¤,¤,1.0,1.0,0.6,Satisfied
Case 4410,4,¡¢¥¢,£¤,£¤,1.0,1.0,0.6,Satisfied
Case 4417,4,¡¥££,¤,¤,1.0,1.0,0.6,Satisfied
Case 4421,4,¡¢¥£,¤,¤,1.0,1.0,0.6,Satisfied
Case 4423,4,¡¡¢£,¤,¤,1.0,1.0,0.6,Satisfied
Case 4424,4,¡¢¥£,¤,¤,1.0,1.0,0.6,Satisfied
Case 4426,4,¡¢¥£,¤,¤,1.0,1.0,0.6,Satisfied
Case 4431,4,¡¢¥£,¤,¤,1.0,1.0,0.6,Satisfied
Case 4456,4,¡¢¥£,¤,¤,1.0,1.0,0.6,Satisfied
Case 446,4,¡¢¥£,¤,¤,1.0,1.0,0.6,Satisfied
Case 4463,4,¡¢¦¦,¬¬­¦£,£¤,0.0,0.19999999999999996,0.6,Satisfied
Case 4465,4,¡¢¥£,¤,¤,1.0,1.0,0.6,Satisfied
Case 4478,4,¡¢¥¢,£¤,£¤,1.0,1.0,0.6,Satisfied
Case 4485,4,¡¢¥£,¤,¤,1.0,1.0,0.6,Satisfied
Case 4501,4,¢¥¢¥,£¤,¢£¤,0.6666666666666667,0.6666666666666666,0.6,Satisfied
Case 4506,4,¡¢¥£,¤,¤,1.0,1.0,0.6,Satisfied
Case 4511,4,¡¢­£,£¤,¤,0.5,0.5,0.6,Satisfied
Case 4558,4,¡¢¥£,¤,¤,1.0,1.0,0.6,Satisfied
Case 4563,4,¡¢¥£,¤,¤,1.0,1.0,0.6,Satisfied
Case 4575,4,¡¢¥£,¤,¤,1.0,1.0,0.6,Satisfied
Case 46,4,¡¢¢¥,£¤,¢£¤,0.6666666666666667,0.6666666666666666,0.6,Satisfied
Case 467,4,¡¢¥¢,­£¤,£¤,0.6666666666666667,0.6666666666666666,0.6,Satisfied
Case 470,4,¡¢¥£,¤,¤,1.0,1.0,0.6,Satisfied
Case 474,4,¡¡¡¢,¥£¤,£¤,0.6666666666666667,0.6666666666666666,0.6,Satisfied
Case 478,4,¡¡¢¥,£¤,¢£¤,0.6666666666666667,0.6666666666666666,0.6,Satisfied
Case 484,4,¡¢¥£,¤,¤,1.0,1.0,0.6,Satisfied
Case 496,4,¡¢¥£,¤,¤,1.0,1.0,0.6,Satisfied
Case 498,4,¡¢££,¤,¤,1.0,1.0,0.6,Satisfied
Case 503,4,¡¢¦­,£¤,£¤,1.0,1.0,0.6,Satisfied
Case 504,4,¡¢¥£,¤,¤,1.0,1.0,0.6,Satisfied
Case 506,4,¡¢­£,¤,¤,1.0,1.0,0.6,Satisfied
Case 520,4,¡¢££,¤,¤,1.0,1.0,0.6,Satisfied
Case 525,4,¡¡¢¥,¥,¢£¤,0.0,0.0,0.6,Satisfied
Case 527,4,¡¥¡¡,¢£¤,¢£¤,1.0,1.0,0.6,Satisfied
Case 529,4,¡¥¥£,¤,¤,1.0,1.0,0.6,Satisfied
Case 530,4,¡¢¥¥,¥£¤,¢£¤,0.6666666666666667,0.5,0.6,Satisfied
Case 532,4,¡¢£¢,¥£¤,£¤,0.6666666666666667,0.6666666666666666,0.6,Satisfied
Case 553,4,¡¢¥£,¤,¤,1.0,1.0,0.6,Satisfied
Case 558,4,¡¢¢£,¤,¤,1.0,1.0,0.6,Satisfied
Case 559,4,¡¢¥£,¤,¤,1.0,1.0,0.6,Satisfied
Case 566,4,¡¢¥¢,¥£¤,£¤,0.6666666666666667,0.6666666666666666,0.6,Satisfied
Case 575,4,¡¢¥£,¤,¤,1.0,1.0,0.6,Satisfied
Case 58,4,¡¦­£,¤,¤,1.0,1.0,0.6,Satisfied
Case 595,4,¡¢¥£,¤,¤,1.0,1.0,0.6,Satisfied
Case 603,4,¡¢££,¤,¤,1.0,1.0,0.6,Satisfied
Case 622,4,¡¢¦£,¤,¤,1.0,1.0,0.6,Satisfied
Case 624,4,¡¢¥£,¤,¤,1.0,1.0,0.6,Satisfied
Case 626,4,¡¢¥£,¤,¤,1.0,1.0,0.6,Satisfied
Case 631,4,¢¥¢¥,£¤,¢£¤,0.6666666666666667,0.6666666666666666,0.6,Satisfied
Case 638,4,¡¢¥¢,¥£¤,£¤,0.6666666666666667,0.6666666666666666,0.6,Satisfied
Case 639,4,¡¢¥£,¤,¤,1.0,1.0,0.6,Satisfied
Case 65,4,¡¢¥£,¤,¤,1.0,1.0,0.6,Satisfied
Case 656,4,¡¢¥£,£¤,¤,0.5,0.5,0.6,Satisfied
Case 664,4,¡¢¥£,¤,¤,1.0,1.0,0.6,Satisfied
Case 7,4,¡¡¡¢,£¤,£¤,1.0,1.0,0.6,Satisfied
Case 708,4,¡¢¥£,¤,¤,1.0,1.0,0.6,Satisfied
Case 732,4,¡¦¢¦,­®«£¤,£¤,0.4,0.4,0.6,Satisfied
Case 747,4,¡¢¥£,¤,¤,1.0,1.0,0.6,Satisfied
Case 757,4,¡¢­¥,£¤,¢£¤,0.6666666666666667,0.6666666666666666,0.6,Satisfied
Case 77,4,¡¢¥£,¤,¤,1.0,1.0,0.6,Satisfied
Case 775,4,¡¢¥£,¤,¤,1.0,1.0,0.6,Satisfied
Case 780,4,¡¢¥£,¤,¤,1.0,1.0,0.6,Satisfied
Case 782,4,¡¢¥£,¤,¤,1.0,1.0,0.6,Satisfied
Case 79,4,¡¢¥¥,£¤,¢£¤,0.6666666666666667,0.6666666666666666,0.6,Satisfied
Case 805,4,¡¢¥£,¤,¤,1.0,1.0,0.6,Satisfied
Case 809,4,¡¢¥£,¤,¤,1.0,1.0,0.6,Satisfied
Case 82,4,¡¢¥£,¤,¤,1.0,1.0,0.6,Satisfied
Case 826,4,¡¢¥£,¤,¤,1.0,1.0,0.6,Satisfied
Case 83,4,¡¢¥£,¤,¤,1.0,1.0,0.6,Satisfied
Case 831,4,¡¢¥£,¤,¤,1.0,1.0,0.6,Satisfied
Case 845,4,¡¢¥£,¤,¤,1.0,1.0,0.6,Satisfied
Case 856,4,¡¢¥£,¤,¤,1.0,1.0,0.6,Satisfied
Case 868,4,¡¢¦£,¤,¤,1.0,1.0,0.6,Satisfied
Case 876,4,¡¢¥£,¤,¤,1.0,1.0,0.6,Satisfied
Case 881,4,¡¢¥£,¤,¤,1.0,1.0,0.6,Satisfied
Case 894,4,¡¢¥¥,£¤,¢£¤,0.6666666666666667,0.6666666666666666,0.6,Satisfied
Case 911,4,¡¢¢£,¤,¤,1.0,1.0,0.6,Satisfied
Case 939,4,¡¢¥¥,£¤,¢£¤,0.6666666666666667,0.6666666666666666,0.6,Satisfied
Case 951,4,¡¢¥£,¤,¤,1.0,1.0,0.6,Satisfied
Case 961,4,¡¢¥£,¤,¤,1.0,1.0,0.6,Satisfied
Case 986,4,¡¢¥£,¤,¤,1.0,1.0,0.6,Satisfied
Case 988,4,¡¢¥£,¤,¤,1.0,1.0,0.6,Satisfied
Case 989,4,¡¢¥£,¤,¤,1.0,1.0,0.6,Satisfied
Case 998,4,¡¢¥£,¤,¤,1.0,1.0,0.6,Satisfied
Case 1,4,¡¢¢¥,£¤,¢£¤,0.6666666666666667,0.6666666666666666,0.7,Satisfied
Case 100,4,¡¢­¥,£¤,¢£¤,0.6666666666666667,0.6666666666666666,0.7,Satisfied
Case 1001,4,¡¢¥£,¤,¤,1.0,1.0,0.7,Satisfied
Case 1007,4,¡¢¥£,¤,¤,1.0,1.0,0.7,Satisfied
Case 1010,4,¡¢­¥,£¤,¢£¤,0.6666666666666667,0.6666666666666666,0.7,Satisfied
Case 1017,4,¡¢¥£,¥£¤,¤,0.33333333333333337,0.33333333333333326,0.7,Satisfied
Case 1019,4,¡¢¥£,¤,¤,1.0,1.0,0.7,Satisfied
Case 1023,4,¡¥£¥,£¤,¢£¤,0.6666666666666667,0.6666666666666666,0.7,Satisfied
Case 1026,4,¡¢­¥,£¤,¢£¤,0.6666666666666667,0.6666666666666666,0.7,Satisfied
Case 1027,4,¡¢¥£,¤,¤,1.0,1.0,0.7,Satisfied
Case 1043,4,¡¢¥£,¤,¤,1.0,1.0,0.7,Satisfied
Case 105,4,¡¢¥£,¤,¤,1.0,1.0,0.7,Satisfied
Case 1054,4,¡¢¥£,¤,¤,1.0,1.0,0.7,Satisfied
Case 1057,4,¡¢­¥,£¤,¢£¤,0.6666666666666667,0.6666666666666666,0.7,Satisfied
Case 107,4,¡¢¥£,¤,¤,1.0,1.0,0.7,Satisfied
Case 1070,4,¡¢¥£,¢¥£¤,¤,0.25,0.25,0.7,Satisfied
Case 1075,4,¡¢¥£,¤,¤,1.0,1.0,0.7,Satisfied
Case 1079,4,¡¢¥¥,£¤,¢£¤,0.6666666666666667,0.6666666666666666,0.7,Satisfied
Case 1087,4,¡¢¥£,¢¥£¤,¤,0.25,0.25,0.7,Satisfied
Case 1088,4,¡¥£¥,£¤,¢£¤,0.6666666666666667,0.6666666666666666,0.7,Satisfied
Case 1096,4,¡¢¥£,¤,¤,1.0,1.0,0.7,Satisfied
Case 1101,4,¡¢¥£,¤,¤,1.0,1.0,0.7,Satisfied
Case 1102,4,¡¢¥£,¥£¤,¤,0.33333333333333337,0.33333333333333326,0.7,Satisfied
Case 1104,4,¡¢¥£,¤,¤,1.0,1.0,0.7,Satisfied
Case 1109,4,¡¢¥£,¤,¤,1.0,1.0,0.7,Satisfied
Case 1110,4,¡¢¥£,¤,¤,1.0,1.0,0.7,Satisfied
Case 1111,4,¡¢¥¢,£¤,£¤,1.0,1.0,0.7,Satisfied
Case 1112,4,¡¢¥¥,£¤,¢£¤,0.6666666666666667,0.6666666666666666,0.7,Satisfied
Case 1113,4,¡¢¥£,¤,¤,1.0,1.0,0.7,Satisfied
Case 1116,4,¡¢¥£,¤,¤,1.0,1.0,0.7,Satisfied
Case 1122,4,¡¢¥£,¤,¤,1.0,1.0,0.7,Satisfied
Case 1124,4,¡¢¥£,¤,¤,1.0,1.0,0.7,Satisfied
Case 1129,4,¡¢¥¢,£¤,£¤,1.0,1.0,0.7,Satisfied
Case 114,4,¡¢¥¢,¥£¤,£¤,0.6666666666666667,0.6666666666666666,0.7,Satisfied
Case 1142,4,¡¢¥­,¥£¤,£¤,0.6666666666666667,0.6666666666666666,0.7,Satisfied
Case 1144,4,¡¥£¢,­¥£¤,£¤,0.5,0.5,0.7,Satisfied
Case 1145,4,¡¢¥£,¤,¤,1.0,1.0,0.7,Satisfied
Case 115,4,¡¢¥¥,£¤,¢£¤,0.6666666666666667,0.6666666666666666,0.7,Satisfied
Case 1156,4,¡¢¥£,¤,¤,1.0,1.0,0.7,Satisfied
Case 1159,4,¡¢¥£,¤,¤,1.0,1.0,0.7,Satisfied
Case 1164,4,¡¢¥£,¤,¤,1.0,1.0,0.7,Satisfied
Case 1176,4,¡¢¥£,¤,¤,1.0,1.0,0.7,Satisfied
Case 1179,4,¡¢¥£,¤,¤,1.0,1.0,0.7,Satisfied
Case 1185,4,¡¢¥£,¤,¤,1.0,1.0,0.7,Satisfied
Case 1193,4,¡¢¥£,¤,¤,1.0,1.0,0.7,Satisfied
Case 12,4,¡¢¥£,¤,¤,1.0,1.0,0.7,Satisfied
Case 1221,4,¡¢¥£,¤,¤,1.0,1.0,0.7,Satisfied
Case 1235,4,¡¢¥¥,£¤,¢£¤,0.6666666666666667,0.6666666666666666,0.7,Satisfied
Case 1238,4,¡¢¥­,£¤,£¤,1.0,1.0,0.7,Satisfied
Case 1239,4,¡¢¥£,¤,¤,1.0,1.0,0.7,Satisfied
Case 1246,4,¡¢¥£,¤,¤,1.0,1.0,0.7,Satisfied
Case 1249,4,§¥¥¥,¥,¢£¤,0.0,0.0,0.7,Satisfied
Case 1250,4,¢¥£¢,¥£¤,£¤,0.6666666666666667,0.6666666666666666,0.7,Satisfied
Case 1254,4,¡¡¥¥,£¤,¢£¤,0.6666666666666667,0.6666666666666666,0.7,Satisfied
Case 1261,4,¢¢¥£,¤,¤,1.0,1.0,0.7,Satisfied
Case 1269,4,¡¢¢¥,£¤,¢£¤,0.6666666666666667,0.6666666666666666,0.7,Satisfied
Case 1272,4,¡¢¥£,¤,¤,1.0,1.0,0.7,Satisfied
Case 1275,4,¡¢¥£,¤,¤,1.0,1.0,0.7,Satisfied
Case 1290,4,¡¢¥£,¤,¤,1.0,1.0,0.7,Satisfied
Case 1292,4,¡¢¥£,¤,¤,1.0,1.0,0.7,Satisfied
Case 1299,4,¡¢¥£,¤,¤,1.0,1.0,0.7,Satisfied
Case 13,4,¡¢¥£,¤,¤,1.0,1.0,0.7,Satisfied
Case 1301,4,¡¢¥£,¤,¤,1.0,1.0,0.7,Satisfied
Case 1303,4,¡¢­¥,£¤,¢£¤,0.6666666666666667,0.6666666666666666,0.7,Satisfied
Case 1304,4,¡¢¥£,¤,¤,1.0,1.0,0.7,Satisfied
Case 1305,4,¡¢¥£,¤,¤,1.0,1.0,0.7,Satisfied
Case 131,4,¡¢¥£,¤,¤,1.0,1.0,0.7,Satisfied
Case 1313,4,¡¢¥£,¤,¤,1.0,1.0,0.7,Satisfied
Case 1314,4,¡¢¦¥,£¤,¢£¤,0.6666666666666667,0.6666666666666666,0.7,Satisfied
Case 1315,4,¡¢¥£,¤,¤,1.0,1.0,0.7,Satisfied
Case 1318,4,¡¢­¥,£¤,¢£¤,0.6666666666666667,0.6666666666666666,0.7,Satisfied
Case 1319,4,¡¢¥£,¤,¤,1.0,1.0,0.7,Satisfied
Case 1323,4,¡¢¥£,¤,¤,1.0,1.0,0.7,Satisfied
Case 1330,4,¡¥£¥,£¤,¢£¤,0.6666666666666667,0.6666666666666666,0.7,Satisfied
Case 1332,4,¡¢¥£,¤,¤,1.0,1.0,0.7,Satisfied
Case 1356,4,¡¢¥£,¤,¤,1.0,1.0,0.7,Satisfied
Case 1358,4,¡¢¥£,¤,¤,1.0,1.0,0.7,Satisfied
Case 1364,4,¡¢¥­,­£¤,£¤,0.6666666666666667,0.6666666666666666,0.7,Satisfied
Case 1366,4,¡¢¥£,¤,¤,1.0,1.0,0.7,Satisfied
Case 1371,4,¡¥£¥,£¤,¢£¤,0.6666666666666667,0.6666666666666666,0.7,Satisfied
Case 1375,4,¡¢¥£,¤,¤,1.0,1.0,0.7,Satisfied
Case 1384,4,¡¥£¥,£¤,¢£¤,0.6666666666666667,0.6666666666666666,0.7,Satisfied
Case 1386,4,¡¢¥£,¥£¤,¤,0.33333333333333337,0.33333333333333326,0.7,Satisfied
Case 1387,4,¡¢¥£,¤,¤,1.0,1.0,0.7,Satisfied
Case 1388,4,¡¢­­,¥£¤,£¤,0.6666666666666667,0.6666666666666666,0.7,Satisfied
Case 1393,4,¡¡¢¥,£¤,¢£¤,0.6666666666666667,0.6666666666666666,0.7,Satisfied
Case 1396,4,¡¢¥£,¤,¤,1.0,1.0,0.7,Satisfied
Case 1397,4,¡¢¥£,¤,¤,1.0,1.0,0.7,Satisfied
Case 1398,4,¡¢¥£,¤,¤,1.0,1.0,0.7,Satisfied
Case 140,4,¡¢¥£,¤,¤,1.0,1.0,0.7,Satisfied
Case 1407,4,¡¢¥¢,¥£¤,£¤,0.6666666666666667,0.6666666666666666,0.7,Satisfied
Case 1409,4,¡¢¥£,¤,¤,1.0,1.0,0.7,Satisfied
Case 1420,4,¡¢¨¥,£¤,¢£¤,0.6666666666666667,0.6666666666666666,0.7,Satisfied
Case 143,4,¡¢¥£,¤,¤,1.0,1.0,0.7,Satisfied
Case 1432,4,¡¢¥£,¤,¤,1.0,1.0,0.7,Satisfied
Case 1433,4,¡¢¥£,¤,¤,1.0,1.0,0.7,Satisfied
Case 144,4,¡¢¥£,¤,¤,1.0,1.0,0.7,Satisfied
Case 1441,4,¡¢¥£,¤,¤,1.0,1.0,0.7,Satisfied
Case 1445,4,¡¢¥£,¤,¤,1.0,1.0,0.7,Satisfied
Case 1449,4,¡¥¢¥,£¤,¢£¤,0.6666666666666667,0.6666666666666666,0.7,Satisfied
Case 145,4,¡¢­¥,£¤,¢£¤,0.6666666666666667,0.6666666666666666,0.7,Satisfied
Case 1450,4,¡¢¥£,¤,¤,1.0,1.0,0.7,Satisfied
Case 1451,4,¡¢­¥,£¥£¤,¢£¤,0.5,0.5,0.7,Satisfied
Case 1457,4,¡¢¥£,¤,¤,1.0,1.0,0.7,Satisfied
Case 1460,4,¡¢¥¢,¥£¤,£¤,0.6666666666666667,0.6666666666666666,0.7,Satisfied
Case 1464,4,¡¢¥£,¤,¤,1.0,1.0,0.7,Satisfied
Case 1465,4,¡¢¥£,¤,¤,1.0,1.0,0.7,Satisfied
Case 1466,4,¡¢¥£,¤,¤,1.0,1.0,0.7,Satisfied
Case 147,4,¡¢¥£,¤,¤,1.0,1.0,0.7,Satisfied
Case 1471,4,¡¢­¥,£¤,¢£¤,0.6666666666666667,0.6666666666666666,0.7,Satisfied
Case 1478,4,¡¡¢¥,¢¥£¤,¢£¤,0.75,0.75,0.7,Satisfied
Case 1484,4,¡¢¥£,¤,¤,1.0,1.0,0.7,Satisfied
Case 1487,4,¡¢¥£,¤,¤,1.0,1.0,0.7,Satisfied
Case 1495,4,¡¢­­,¥£¤,£¤,0.6666666666666667,0.6666666666666666,0.7,Satisfied
Case 15,4,¡¡¢¥,£¤,¢£¤,0.6666666666666667,0.6666666666666666,0.7,Satisfied
Case 1500,4,¡¥£¥,£¤,¢£¤,0.6666666666666667,0.6666666666666666,0.7,Satisfied
Case 1501,4,¢¥£¥,£¤,¢£¤,0.6666666666666667,0.6666666666666666,0.7,Satisfied
Case 1506,4,¡¥¥¢,£¥£¤,£¤,0.5,0.6666666666666666,0.7,Satisfied
Case 1507,4,¡¢¥£,¤,¤,1.0,1.0,0.7,Satisfied
Case 1509,4,¡¢¥£,¤,¤,1.0,1.0,0.7,Satisfied
Case 1510,4,¡¢¥£,¤,¤,1.0,1.0,0.7,Satisfied
Case 1519,4,¡¥£¥,£¤,¢£¤,0.6666666666666667,0.6666666666666666,0.7,Satisfied
Case 1535,4,¡¡¡¥,£¤,¢£¤,0.6666666666666667,0.6666666666666666,0.7,Satisfied
Case 154,4,¡¢¥£,¤,¤,1.0,1.0,0.7,Satisfied
Case 1543,4,¡¢¥£,¤,¤,1.0,1.0,0.7,Satisfied
Case 1553,4,¡¢¥£,¤,¤,1.0,1.0,0.7,Satisfied
Case 156,4,¡¢¥£,¤,¤,1.0,1.0,0.7,Satisfied
Case 1562,4,¡¢¥£,¤,¤,1.0,1.0,0.7,Satisfied
Case 1570,4,¡¢¥£,¤,¤,1.0,1.0,0.7,Satisfied
Case 1571,4,¡¢¥¥,¥¥¥,¢£¤,0.0,0.0,0.7,Satisfied
Case 1574,4,¡¢¥£,¤,¤,1.0,1.0,0.7,Satisfied
Case 1577,4,§¡¡¢,¥£¤,£¤,0.6666666666666667,0.6666666666666666,0.7,Satisfied
Case 1580,4,¡¢¥£,¤,¤,1.0,1.0,0.7,Satisfied
Case 1587,4,¡¢¥£,¤,¤,1.0,1.0,0.7,Satisfied
Case 1603,4,¡¥£¥,£¤,¢£¤,0.6666666666666667,0.6666666666666666,0.7,Satisfied
Case 1604,4,¡¢¥£,¤,¤,1.0,1.0,0.7,Satisfied
Case 1605,4,¡¢¢¥,£¤,¢£¤,0.6666666666666667,0.6666666666666666,0.7,Satisfied
Case 1609,4,¡¢¥£,¤,¤,1.0,1.0,0.7,Satisfied
Case 1610,4,¡¢¥£,¤,¤,1.0,1.0,0.7,Satisfied
Case 1615,4,¡¢¥£,¤,¤,1.0,1.0,0.7,Satisfied
Case 1650,4,¡¦¦¬,¬­¥£¤,¥£¤,0.6,0.6,0.7,Satisfied
Case 1655,4,¡¢¥£,¤,¤,1.0,1.0,0.7,Satisfied
Case 1658,4,¡¢­¥,£¤,¢£¤,0.6666666666666667,0.6666666666666666,0.7,Satisfied
Case 1671,4,¡¢¥£,¤,¤,1.0,1.0,0.7,Satisfied
Case 1674,4,¡¢¥£,¤,¤,1.0,1.0,0.7,Satisfied
Case 1675,4,¡¢¥£,¤,¤,1.0,1.0,0.7,Satisfied
Case 1679,4,¡¢¥£,¤,¤,1.0,1.0,0.7,Satisfied
Case 1681,4,¡¢¥£,¤,¤,1.0,1.0,0.7,Satisfied
Case 1682,4,¡¢¥£,¤,¤,1.0,1.0,0.7,Satisfied
Case 1691,4,§¡¢¥,£¤,£¤,1.0,1.0,0.7,Satisfied
Case 1697,4,¡¢¥£,¤,¤,1.0,1.0,0.7,Satisfied
Case 1704,4,¡¢¥£,¤,¤,1.0,1.0,0.7,Satisfied
Case 1709,4,¡¢¥£,¤,¤,1.0,1.0,0.7,Satisfied
Case 1711,4,¡¢¥£,¤,¤,1.0,1.0,0.7,Satisfied
Case 1718,4,¡¢¥£,¤,¤,1.0,1.0,0.7,Satisfied
Case 1723,4,¡¢¥£,¤,¤,1.0,1.0,0.7,Satisfied
Case 1730,4,¡¢¥£,¤,¤,1.0,1.0,0.7,Satisfied
Case 1735,4,¡­¥£,¥£¤,¤,0.33333333333333337,0.33333333333333326,0.7,Satisfied
Case 1746,4,¡¢¥£,¤,¤,1.0,1.0,0.7,Satisfied
Case 1754,4,¡¢¥£,¤,¤,1.0,1.0,0.7,Satisfied
Case 1760,4,¡¢¥£,¢¥¢£¤,¤,0.19999999999999996,0.25,0.7,Satisfied
Case 1761,4,¡¢¥£,¤,¤,1.0,1.0,0.7,Satisfied
Case 1764,4,¡­¥£,¥£¤,¤,0.33333333333333337,0.33333333333333326,0.7,Satisfied
Case 1771,4,¡¢¥£,¤,¤,1.0,1.0,0.7,Satisfied
Case 1772,4,¡¢¥£,¤,¤,1.0,1.0,0.7,Satisfied
Case 1776,4,¡¢¥£,¤,¤,1.0,1.0,0.7,Satisfied
Case 1777,4,¡¢¥£,¤,¤,1.0,1.0,0.7,Satisfied
Case 1787,4,¡¢¥¥,£¥£¤,¢£¤,0.5,0.5,0.7,Satisfied
Case 1788,4,¡¢¥£,¤,¤,1.0,1.0,0.7,Satisfied
Case 1791,4,¡¢¥£,¤,¤,1.0,1.0,0.7,Satisfied
Case 1792,4,¡¢¥£,¤,¤,1.0,1.0,0.7,Satisfied
Case 1795,4,¡¢¥£,¤,¤,1.0,1.0,0.7,Satisfied
Case 1799,4,¡¢­¥,£¤,¢£¤,0.6666666666666667,0.6666666666666666,0.7,Satisfied
Case 18,4,¡¢¥£,¥£¤,¤,0.33333333333333337,0.33333333333333326,0.7,Satisfied
Case 1812,4,¡¢¥£,¤,¤,1.0,1.0,0.7,Satisfied
Case 1813,4,¡¢¥£,¤,¤,1.0,1.0,0.7,Satisfied
Case 1814,4,¡¢¥£,¤,¤,1.0,1.0,0.7,Satisfied
Case 1815,4,¡¢¥£,¤,¤,1.0,1.0,0.7,Satisfied
Case 1817,4,¡¢¥£,¤,¤,1.0,1.0,0.7,Satisfied
Case 1823,4,¡¢¥£,¤,¤,1.0,1.0,0.7,Satisfied
Case 1826,4,¡¢¥£,¤,¤,1.0,1.0,0.7,Satisfied
Case 1828,4,¡¢¥£,¤,¤,1.0,1.0,0.7,Satisfied
Case 1831,4,¡¢¥£,¤,¤,1.0,1.0,0.7,Satisfied
Case 184,4,¡¢¢¥,£¤,¢£¤,0.6666666666666667,0.6666666666666666,0.7,Satisfied
Case 1843,4,¡¡¥£,¤,¤,1.0,1.0,0.7,Satisfied
Case 1848,4,¡¢¥£,¤,¤,1.0,1.0,0.7,Satisfied
Case 1860,4,¡¢¥£,¤,¤,1.0,1.0,0.7,Satisfied
Case 1868,4,¡¢¥£,¤,¤,1.0,1.0,0.7,Satisfied
Case 1869,4,¡¢¥£,¤,¤,1.0,1.0,0.7,Satisfied
Case 1874,4,§¡¢¥,£¤,£¤,1.0,1.0,0.7,Satisfied
Case 1882,4,¡¢¥£,¤,¤,1.0,1.0,0.7,Satisfied
Case 1884,4,¡¢¥£,¤,¤,1.0,1.0,0.7,Satisfied
Case 1887,4,¡¢¥£,¤,¤,1.0,1.0,0.7,Satisfied
Case 1892,4,¡¢¥£,¤,¤,1.0,1.0,0.7,Satisfied
Case 1894,4,¡¢¥£,¤,¤,1.0,1.0,0.7,Satisfied
Case 1900,4,¡¢¥£,¤,¤,1.0,1.0,0.7,Satisfied
Case 1901,4,¡¢¥£,¤,¤,1.0,1.0,0.7,Satisfied
Case 1903,4,¡¢¥£,¤,¤,1.0,1.0,0.7,Satisfied
Case 191,4,¡¡¢¥,£¤,¢£¤,0.6666666666666667,0.6666666666666666,0.7,Satisfied
Case 1915,4,¡¢¥£,¤,¤,1.0,1.0,0.7,Satisfied
Case 1916,4,¡¢¥£,¤,¤,1.0,1.0,0.7,Satisfied
Case 192,4,¡¡¢¥,£¤¢¥£¤,¢£¤,0.5,0.75,0.7,Satisfied
Case 1924,4,¡¢¥£,¤,¤,1.0,1.0,0.7,Satisfied
Case 193,4,¡¢¥£,¤,¤,1.0,1.0,0.7,Satisfied
Case 1946,4,¡¢¥£,¤,¤,1.0,1.0,0.7,Satisfied
Case 1961,4,¡¢¥£,¤,¤,1.0,1.0,0.7,Satisfied
Case 1968,4,¡¢¥£,¤,¤,1.0,1.0,0.7,Satisfied
Case 1975,4,¡¢¥£,¤,¤,1.0,1.0,0.7,Satisfied
Case 1978,4,¡¥¢¥,£¤,¢£¤,0.6666666666666667,0.6666666666666666,0.7,Satisfied
Case 1980,4,¡¢¥£,¤,¤,1.0,1.0,0.7,Satisfied
Case 20,4,¡¢¥£,¤,¤,1.0,1.0,0.7,Satisfied
Case 2007,4,¡¢­¥,£¥£¤,¢£¤,0.5,0.5,0.7,Satisfied
Case 2013,4,¡¢¥£,¤,¤,1.0,1.0,0.7,Satisfied
Case 202,4,¡¢¥£,¤,¤,1.0,1.0,0.7,Satisfied
Case 2021,4,¡¢¥£,¤,¤,1.0,1.0,0.7,Satisfied
Case 2022,4,¡¡¡¥,£¤,¢£¤,0.6666666666666667,0.6666666666666666,0.7,Satisfied
Case 2035,4,¡¢¦­,¥£¤,£¤,0.6666666666666667,0.6666666666666666,0.7,Satisfied
Case 2050,4,¡¢¥£,¤,¤,1.0,1.0,0.7,Satisfied
Case 2059,4,¡¢¥£,¤,¤,1.0,1.0,0.7,Satisfied
Case 2062,4,¡¢¥£,¤,¤,1.0,1.0,0.7,Satisfied
Case 2068,4,¡¢¥£,¤,¤,1.0,1.0,0.7,Satisfied
Case 2074,4,¡¢¥£,¤,¤,1.0,1.0,0.7,Satisfied
Case 2081,4,¡¢­¥,£¤,¢£¤,0.6666666666666667,0.6666666666666666,0.7,Satisfied
Case 2083,4,¡¢¥£,¤,¤,1.0,1.0,0.7,Satisfied
Case 2092,4,¡¢¥£,¤,¤,1.0,1.0,0.7,Satisfied
Case 2093,4,¡¢¥£,¤,¤,1.0,1.0,0.7,Satisfied
Case 2097,4,¡¢¥£,¤,¤,1.0,1.0,0.7,Satisfied
Case 210,4,¡¢¥£,¤,¤,1.0,1.0,0.7,Satisfied
Case 2103,4,¡¢¥£,¤,¤,1.0,1.0,0.7,Satisfied
Case 2104,4,¡¢­¥,£¤,¢£¤,0.6666666666666667,0.6666666666666666,0.7,Satisfied
Case 2105,4,¡¢¥£,¤,¤,1.0,1.0,0.7,Satisfied
Case 2108,4,¡¢¥£,¤,¤,1.0,1.0,0.7,Satisfied
Case 2112,4,¡¢¥£,¤,¤,1.0,1.0,0.7,Satisfied
Case 2117,4,¡¥¥£,¢¥£¥£¤,¤,0.16666666666666663,0.25,0.7,Satisfied
Case 2121,4,¡¢¥£,¤,¤,1.0,1.0,0.7,Satisfied
Case 2123,4,¡¡¢¥,£¥£¤,¢£¤,0.5,0.5,0.7,Satisfied
Case 2126,4,¡¢¥£,¤,¤,1.0,1.0,0.7,Satisfied
Case 2134,4,¡¥¢£,¤,¤,1.0,1.0,0.7,Satisfied
Case 2141,4,¡¢¥£,¤,¤,1.0,1.0,0.7,Satisfied
Case 2142,4,¡¢¥£,¤,¤,1.0,1.0,0.7,Satisfied
Case 2143,4,¡¢­¥,£¤,¢£¤,0.6666666666666667,0.6666666666666666,0.7,Satisfied
Case 2152,4,¡¢¥£,¤,¤,1.0,1.0,0.7,Satisfied
Case 2156,4,¡¢¥£,¤,¤,1.0,1.0,0.7,Satisfied
Case 2157,4,¡¥£¥,£¤,¢£¤,0.6666666666666667,0.6666666666666666,0.7,Satisfied
Case 2163,4,¡¢¥£,¤,¤,1.0,1.0,0.7,Satisfied
Case 2167,4,¡¢¥£,¤,¤,1.0,1.0,0.7,Satisfied
Case 2168,4,¡¢¥¥,£¤,¢£¤,0.6666666666666667,0.6666666666666666,0.7,Satisfied
Case 2172,4,¡¢¥£,¤,¤,1.0,1.0,0.7,Satisfied
Case 2176,4,¡¢¥£,¤,¤,1.0,1.0,0.7,Satisfied
Case 2177,4,¡¥¥£,¤,¤,1.0,1.0,0.7,Satisfied
Case 2183,4,¡¢¥£,¤,¤,1.0,1.0,0.7,Satisfied
Case 2187,4,¡¢¥£,¤,¤,1.0,1.0,0.7,Satisfied
Case 2191,4,¡¢¥£,¤,¤,1.0,1.0,0.7,Satisfied
Case 2197,4,¡¢¥£,¤,¤,1.0,1.0,0.7,Satisfied
Case 2201,4,¡¢¥£,¤,¤,1.0,1.0,0.7,Satisfied
Case 2203,4,¡¢¥£,¤,¤,1.0,1.0,0.7,Satisfied
Case 2210,4,¡¢¥£,¤,¤,1.0,1.0,0.7,Satisfied
Case 2211,4,¡¢¥£,¤,¤,1.0,1.0,0.7,Satisfied
Case 2215,4,¡¢¥£,¤,¤,1.0,1.0,0.7,Satisfied
Case 2219,4,¡¢¥¢,£¤,£¤,1.0,1.0,0.7,Satisfied
Case 2220,4,¡¢¥£,¤,¤,1.0,1.0,0.7,Satisfied
Case 2227,4,¡¥£¥,£¤,¢£¤,0.6666666666666667,0.6666666666666666,0.7,Satisfied
Case 2228,4,¡¢¥£,¤,¤,1.0,1.0,0.7,Satisfied
Case 2236,4,¡¢¥£,¤,¤,1.0,1.0,0.7,Satisfied
Case 2239,4,¡¢¥£,¥£¢¥£¤,¤,0.16666666666666663,0.25,0.7,Satisfied
Case 2245,4,¡¢¥£,¤,¤,1.0,1.0,0.7,Satisfied
Case 2267,4,¡¢¥£,¤,¤,1.0,1.0,0.7,Satisfied
Case 2268,4,¡¢¥£,¤,¤,1.0,1.0,0.7,Satisfied
Case 2279,4,¡¢¥£,¤,¤,1.0,1.0,0.7,Satisfied
Case 2285,4,¡¥¢¥,£¤,¢£¤,0.6666666666666667,0.6666666666666666,0.7,Satisfied
Case 2290,4,¡¢¥£,¤,¤,1.0,1.0,0.7,Satisfied
Case 2296,4,¡¢¥£,¤,¤,1.0,1.0,0.7,Satisfied
Case 23,4,¡¢¥£,¤,¤,1.0,1.0,0.7,Satisfied
Case 230,4,¡¡¢¥,£¤,¢£¤,0.6666666666666667,0.6666666666666666,0.7,Satisfied
Case 2300,4,¡¢­­,¦­,£¤,0.0,0.0,0.7,Satisfied
Case 2302,4,¡¢¥£,¤,¤,1.0,1.0,0.7,Satisfied
Case 2308,4,¡¢¥£,¤,¤,1.0,1.0,0.7,Satisfied
Case 2315,4,¡¢¥£,¤,¤,1.0,1.0,0.7,Satisfied
Case 232,4,¡¢¥¥,£¥£¤,¢£¤,0.5,0.5,0.7,Satisfied
Case 2322,4,¡¢¥£,¤,¤,1.0,1.0,0.7,Satisfied
Case 2328,4,¡¢¥£,¤,¤,1.0,1.0,0.7,Satisfied
Case 233,4,¡¢¥£,¤,¤,1.0,1.0,0.7,Satisfied
Case 2330,4,¡¢¥£,¤,¤,1.0,1.0,0.7,Satisfied
Case 2335,4,¡¢¥£,¤,¤,1.0,1.0,0.7,Satisfied
Case 2342,4,¡¢¥¥,£¤,¢£¤,0.6666666666666667,0.6666666666666666,0.7,Satisfied
Case 2346,4,§¡¢¥,£¤,£¤,1.0,1.0,0.7,Satisfied
Case 2348,4,¡¢¥£,¤,¤,1.0,1.0,0.7,Satisfied
Case 235,4,§¡¢¥,£¤,£¤,1.0,1.0,0.7,Satisfied
Case 2356,4,¡¢¥¥,£¤,¢£¤,0.6666666666666667,0.6666666666666666,0.7,Satisfied
Case 2367,4,¡¢¥£,¤,¤,1.0,1.0,0.7,Satisfied
Case 2368,4,¡¢¥£,¥£¥£­¢¥£¤,¤,0.11111111111111116,0.19999999999999996,0.7,Satisfied
Case 237,4,¡¢­¥,£¤,¢£¤,0.6666666666666667,0.6666666666666666,0.7,Satisfied
Case 2374,4,¡¢¥£,¤,¤,1.0,1.0,0.7,Satisfied
Case 2375,4,¡¡¡¢,¥£¤,£¤,0.6666666666666667,0.6666666666666666,0.7,Satisfied
Case 2380,4,¡¢¥¢,£¤,£¤,1.0,1.0,0.7,Satisfied
Case 2381,4,¡¡¡¥,£¥£¤,¢£¤,0.5,0.5,0.7,Satisfied
Case 2390,4,¡¢¥£,¤,¤,1.0,1.0,0.7,Satisfied
Case 2391,4,¡¢¥£,¤,¤,1.0,1.0,0.7,Satisfied
Case 2398,4,¡¢¥£,¤,¤,1.0,1.0,0.7,Satisfied
Case 2399,4,¡¢¢¥,£¤,¢£¤,0.6666666666666667,0.6666666666666666,0.7,Satisfied
Case 2403,4,¡¢¥£,¤,¤,1.0,1.0,0.7,Satisfied
Case 2415,4,¡¢¥£,¤,¤,1.0,1.0,0.7,Satisfied
Case 2417,4,¡¢¥­,£¤,£¤,1.0,1.0,0.7,Satisfied
Case 242,4,¡¢¥£,¤,¤,1.0,1.0,0.7,Satisfied
Case 2431,4,¡¢¥£,¤,¤,1.0,1.0,0.7,Satisfied
Case 2432,4,¡¢¥£,¤,¤,1.0,1.0,0.7,Satisfied
Case 2436,4,¡¥£¤,¢,,0.0,0.0,0.7,Satisfied
Case 2447,4,¡¢¢¥,£¤,¢£¤,0.6666666666666667,0.6666666666666666,0.7,Satisfied
Case 2448,4,¡¢¥£,¤,¤,1.0,1.0,0.7,Satisfied
Case 2451,4,¡¢¦­,­¥£,£¤,0.0,0.25,0.7,Satisfied
Case 2452,4,¡¢¥£,¤,¤,1.0,1.0,0.7,Satisfied
Case 2455,4,¡¢¥£,¤,¤,1.0,1.0,0.7,Satisfied
Case 2458,4,¡¢¥£,¤,¤,1.0,1.0,0.7,Satisfied
Case 2465,4,¡¢¥£,¤,¤,1.0,1.0,0.7,Satisfied
Case 2466,4,¡¢­­,¥£¤,£¤,0.6666666666666667,0.6666666666666666,0.7,Satisfied
Case 247,4,§¢¥£,¤,¤,1.0,1.0,0.7,Satisfied
Case 2473,4,¡¢¥¢,¥£¤,£¤,0.6666666666666667,0.6666666666666666,0.7,Satisfied
Case 2474,4,¡¢¥£,¤,¤,1.0,1.0,0.7,Satisfied
Case 2476,4,¡¢­¥,£¤,¢£¤,0.6666666666666667,0.6666666666666666,0.7,Satisfied
Case 2481,4,¡¢­¥,£¤,¢£¤,0.6666666666666667,0.6666666666666666,0.7,Satisfied
Case 2490,4,¡¡¢¥,£¤,¢£¤,0.6666666666666667,0.6666666666666666,0.7,Satisfied
Case 2492,4,¡¢¥£,¤,¤,1.0,1.0,0.7,Satisfied
Case 2498,4,¡¢¥£,¤,¤,1.0,1.0,0.7,Satisfied
Case 2499,4,¡¢¥£,¤,¤,1.0,1.0,0.7,Satisfied
Case 2504,4,¡¢¥£,¤,¤,1.0,1.0,0.7,Satisfied
Case 2508,4,¡¢¥£,¤,¤,1.0,1.0,0.7,Satisfied
Case 2512,4,¡¢¥£,¥£¤,¤,0.33333333333333337,0.33333333333333326,0.7,Satisfied
Case 2514,4,¡¢¥¥,£¤,¢£¤,0.6666666666666667,0.6666666666666666,0.7,Satisfied
Case 2522,4,¡¢¥£,¥£¤,¤,0.33333333333333337,0.33333333333333326,0.7,Satisfied
Case 253,4,¡¢¥£,¤,¤,1.0,1.0,0.7,Satisfied
Case 2530,4,¡¢¥£,¤,¤,1.0,1.0,0.7,Satisfied
Case 2534,4,¡¢¥£,¤,¤,1.0,1.0,0.7,Satisfied
Case 2550,4,¡¢¥¥,£¥£¤,¢£¤,0.5,0.5,0.7,Satisfied
Case 2555,4,¡¢¥£,¤,¤,1.0,1.0,0.7,Satisfied
Case 2558,4,¡¢¥£,¤,¤,1.0,1.0,0.7,Satisfied
Case 2569,4,¡¢¥£,¤,¤,1.0,1.0,0.7,Satisfied
Case 2571,4,¡¢¥£,¤,¤,1.0,1.0,0.7,Satisfied
Case 2577,4,¡¢¥£,¤,¤,1.0,1.0,0.7,Satisfied
Case 2581,4,¡¡¢¥,£¤,¢£¤,0.6666666666666667,0.6666666666666666,0.7,Satisfied
Case 2585,4,¡¢¥£,¤,¤,1.0,1.0,0.7,Satisfied
Case 2591,4,¡¢¥£,¤,¤,1.0,1.0,0.7,Satisfied
Case 2593,4,¡­¥£,¤,¤,1.0,1.0,0.7,Satisfied
Case 2596,4,¡¢¥£,¤,¤,1.0,1.0,0.7,Satisfied
Case 2598,4,¡¢¥£,¤,¤,1.0,1.0,0.7,Satisfied
Case 2599,4,¡¢¥£,¤,¤,1.0,1.0,0.7,Satisfied
Case 2603,4,¡¢¥£,¤,¤,1.0,1.0,0.7,Satisfied
Case 2607,4,¡¢¥£,¤,¤,1.0,1.0,0.7,Satisfied
Case 2609,4,¡¢¥£,¤,¤,1.0,1.0,0.7,Satisfied
Case 261,4,¡¢¥£,¤,¤,1.0,1.0,0.7,Satisfied
Case 2611,4,¡¢¥£,¤,¤,1.0,1.0,0.7,Satisfied
Case 2613,4,¡¢¥¥,¥£¥£¤,¢£¤,0.4,0.5,0.7,Satisfied
Case 2614,4,¡¢¥£,¤,¤,1.0,1.0,0.7,Satisfied
Case 262,4,¡¢¥£,¥£¤,¤,0.33333333333333337,0.33333333333333326,0.7,Satisfied
Case 2620,4,¡¢­¥,£¤,¢£¤,0.6666666666666667,0.6666666666666666,0.7,Satisfied
Case 2625,4,¡¢¥£,¤,¤,1.0,1.0,0.7,Satisfied
Case 2631,4,¡¢¥£,¤,¤,1.0,1.0,0.7,Satisfied
Case 2634,4,¡¢¥£,¤,¤,1.0,1.0,0.7,Satisfied
Case 265,4,¡¢¥£,¤,¤,1.0,1.0,0.7,Satisfied
Case 2659,4,¡¢¥¥,¢£¤,¢£¤,1.0,1.0,0.7,Satisfied
Case 2665,4,¡¢¥£,¤,¤,1.0,1.0,0.7,Satisfied
Case 2666,4,¡¡¢¥,¥£¤,¢£¤,0.6666666666666667,0.5,0.7,Satisfied
Case 2667,4,¡¢¥¥,£¢¥£¤,¢£¤,0.6,0.75,0.7,Satisfied
Case 2668,4,¡¡¢­,¥£¤,£¤,0.6666666666666667,0.6666666666666666,0.7,Satisfied
Case 2674,4,¡¢¥¢,£¤,£¤,1.0,1.0,0.7,Satisfied
Case 2676,4,¡¢¥£,¤,¤,1.0,1.0,0.7,Satisfied
Case 2681,4,¡¢¥£,¤,¤,1.0,1.0,0.7,Satisfied
Case 2700,4,¡¢¥£,¤,¤,1.0,1.0,0.7,Satisfied
Case 2713,4,¡¢¥£,¤,¤,1.0,1.0,0.7,Satisfied
Case 2714,4,¡¢¥£,¤,¤,1.0,1.0,0.7,Satisfied
Case 2716,4,¡¢¥£,¤,¤,1.0,1.0,0.7,Satisfied
Case 2720,4,¡¢­¥,£¤,¢£¤,0.6666666666666667,0.6666666666666666,0.7,Satisfied
Case 2721,4,¡¢¥£,¤,¤,1.0,1.0,0.7,Satisfied
Case 2734,4,¡¢¥£,¤,¤,1.0,1.0,0.7,Satisfied
Case 2741,4,¡¢¥£,¤,¤,1.0,1.0,0.7,Satisfied
Case 2765,4,¡¢¥¥,£¤,¢£¤,0.6666666666666667,0.6666666666666666,0.7,Satisfied
Case 2770,4,¡¢¥£,¤,¤,1.0,1.0,0.7,Satisfied
Case 2774,4,¡¥£¥,£¢¥£¤,¢£¤,0.6,0.75,0.7,Satisfied
Case 2776,4,¢¥¢¥,£¤,¢£¤,0.6666666666666667,0.6666666666666666,0.7,Satisfied
Case 2777,4,¡¢¥£,¤,¤,1.0,1.0,0.7,Satisfied
Case 2788,4,¡¢¥£,¤,¤,1.0,1.0,0.7,Satisfied
Case 2789,4,¡¢¥£,¤,¤,1.0,1.0,0.7,Satisfied
Case 2791,4,¡¢¥£,¤,¤,1.0,1.0,0.7,Satisfied
Case 28,4,¡¢¦­,­¥£,£¤,0.0,0.25,0.7,Satisfied
Case 2814,4,¡¢¥£,¤,¤,1.0,1.0,0.7,Satisfied
Case 282,4,¡¢¥£,¤,¤,1.0,1.0,0.7,Satisfied
Case 2826,4,¡¢¥£,¤,¤,1.0,1.0,0.7,Satisfied
Case 2834,4,¡¢¥£,¤,¤,1.0,1.0,0.7,Satisfied
Case 2839,4,¡¢¥£,¤,¤,1.0,1.0,0.7,Satisfied
Case 2847,4,¡¢¥£,¤,¤,1.0,1.0,0.7,Satisfied
Case 2848,4,¡¢¥£,¤,¤,1.0,1.0,0.7,Satisfied
Case 2849,4,¡¥£¥,£¤,¢£¤,0.6666666666666667,0.6666666666666666,0.7,Satisfied
Case 2851,4,¡¢¥£,¤,¤,1.0,1.0,0.7,Satisfied
Case 2854,4,¡¢¥£,¤,¤,1.0,1.0,0.7,Satisfied
Case 286,4,¡¢¥£,¤,¤,1.0,1.0,0.7,Satisfied
Case 2860,4,¡¢¥£,¤,¤,1.0,1.0,0.7,Satisfied
Case 2866,4,¡¢¥£,¤,¤,1.0,1.0,0.7,Satisfied
Case 2873,4,¡¢¥£,¤,¤,1.0,1.0,0.7,Satisfied
Case 2875,4,¡¢¥£,¤,¤,1.0,1.0,0.7,Satisfied
Case 2881,4,¡­­¥,£¤,£¤,1.0,1.0,0.7,Satisfied
Case 2891,4,¡¢¥£,¤,¤,1.0,1.0,0.7,Satisfied
Case 2897,4,¡¢­¢,¥£¤,£¤,0.6666666666666667,0.6666666666666666,0.7,Satisfied
Case 2905,4,¡¢¥£,¤,¤,1.0,1.0,0.7,Satisfied
Case 2908,4,¡¢¥£,¤,¤,1.0,1.0,0.7,Satisfied
Case 2910,4,¡¢¥£,¤,¤,1.0,1.0,0.7,Satisfied
Case 2918,4,¡¢­¢,¥£¤,£¤,0.6666666666666667,0.6666666666666666,0.7,Satisfied
Case 292,4,¡¢¥£,¤,¤,1.0,1.0,0.7,Satisfied
Case 2931,4,¡¢¥­,£¥£¤,£¤,0.5,0.6666666666666666,0.7,Satisfied
Case 2932,4,¡¢¥£,¤,¤,1.0,1.0,0.7,Satisfied
Case 2934,4,¡¢¥£,¤,¤,1.0,1.0,0.7,Satisfied
Case 2949,4,¡¢¥£,¤,¤,1.0,1.0,0.7,Satisfied
Case 296,4,¡¢¥£,¤,¤,1.0,1.0,0.7,Satisfied
Case 2962,4,¡¢¥£,¤,¤,1.0,1.0,0.7,Satisfied
Case 2964,4,¡¢¥£,¤,¤,1.0,1.0,0.7,Satisfied
Case 2966,4,¡¢¥£,¤,¤,1.0,1.0,0.7,Satisfied
Case 2968,4,¡¢¥£,¤,¤,1.0,1.0,0.7,Satisfied
Case 2970,4,¡¢­¥,£¤,¢£¤,0.6666666666666667,0.6666666666666666,0.7,Satisfied
Case 2971,4,¡¢¥£,¤,¤,1.0,1.0,0.7,Satisfied
Case 2975,4,¡¥¡¢,¥¥¢£¤,£¤,0.4,0.5,0.7,Satisfied
Case 2981,4,¡¡¢­,­¥£¤,£¤,0.5,0.5,0.7,Satisfied
Case 2984,4,¡¢¥£,¥£¤,¤,0.33333333333333337,0.33333333333333326,0.7,Satisfied
Case 2988,4,¡¥£¥,£¤,¢£¤,0.6666666666666667,0.6666666666666666,0.7,Satisfied
Case 299,4,¡¢¥£,¤,¤,1.0,1.0,0.7,Satisfied
Case 2992,4,¡¢¥£,¤,¤,1.0,1.0,0.7,Satisfied
Case 3002,4,¡¢¥£,¤,¤,1.0,1.0,0.7,Satisfied
Case 3008,4,¡¢¥£,¤,¤,1.0,1.0,0.7,Satisfied
Case 3009,4,¡¢¥¢,£¤,£¤,1.0,1.0,0.7,Satisfied
Case 3010,4,¡¢¥£,¤,¤,1.0,1.0,0.7,Satisfied
Case 3013,4,¡¢¢¥,£¤,¢£¤,0.6666666666666667,0.6666666666666666,0.7,Satisfied
Case 3015,4,¡¢­¥,£¤,¢£¤,0.6666666666666667,0.6666666666666666,0.7,Satisfied
Case 3016,4,¡¡¢¥,£¤,¢£¤,0.6666666666666667,0.6666666666666666,0.7,Satisfied
Case 3021,4,¡¢¥£,¤,¤,1.0,1.0,0.7,Satisfied
Case 3027,4,¡¢¥£,¤,¤,1.0,1.0,0.7,Satisfied
Case 3034,4,¡¢¥£,¤,¤,1.0,1.0,0.7,Satisfied
Case 3035,4,¡¢¥£,¤,¤,1.0,1.0,0.7,Satisfied
Case 3037,4,¡¢¥£,¤,¤,1.0,1.0,0.7,Satisfied
Case 3038,4,¡¢¥¢,¥£¤,£¤,0.6666666666666667,0.6666666666666666,0.7,Satisfied
Case 3043,4,¡¢¥£,¤,¤,1.0,1.0,0.7,Satisfied
Case 3044,4,¡¢¥£,¤,¤,1.0,1.0,0.7,Satisfied
Case 3056,4,¡¢¥£,¤,¤,1.0,1.0,0.7,Satisfied
Case 3058,4,¡¢­¥,£¥£¤,¢£¤,0.5,0.5,0.7,Satisfied
Case 3059,4,¡¢­¥,£¤,¢£¤,0.6666666666666667,0.6666666666666666,0.7,Satisfied
Case 3061,4,¡¢­¥,£¤,¢£¤,0.6666666666666667,0.6666666666666666,0.7,Satisfied
Case 3071,4,¡¢¦­,¥£¤,£¤,0.6666666666666667,0.6666666666666666,0.7,Satisfied
Case 3073,4,¡¢¥£,¤,¤,1.0,1.0,0.7,Satisfied
Case 3077,4,¡­¥£,¤,¤,1.0,1.0,0.7,Satisfied
Case 3078,4,¡¢¥£,¤,¤,1.0,1.0,0.7,Satisfied
Case 308,4,¡¢¥£,¤,¤,1.0,1.0,0.7,Satisfied
Case 3082,4,¡¡¢¥,£¤,¢£¤,0.6666666666666667,0.6666666666666666,0.7,Satisfied
Case 3083,4,¡¢¥£,¤,¤,1.0,1.0,0.7,Satisfied
Case 3086,4,¡¢¥£,¤,¤,1.0,1.0,0.7,Satisfied
Case 3095,4,¡¢¥£,¤,¤,1.0,1.0,0.7,Satisfied
Case 31,4,¡¢¦­,¥£¤,£¤,0.6666666666666667,0.6666666666666666,0.7,Satisfied
Case 3103,4,¡¢­¥,£¤,¢£¤,0.6666666666666667,0.6666666666666666,0.7,Satisfied
Case 3112,4,¡¢¥£,¤,¤,1.0,1.0,0.7,Satisfied
Case 3113,4,¡¢¥¥,¢¥£¤,¢£¤,0.75,0.75,0.7,Satisfied
Case 3118,4,¡¢¥¥,¦£¤,¢£¤,0.6666666666666667,0.5,0.7,Satisfied
Case 3121,4,¡¢¥£,¡¢¥£¤,¤,0.19999999999999996,0.19999999999999996,0.7,Satisfied
Case 3126,4,¡¢¥£,¤,¤,1.0,1.0,0.7,Satisfied
Case 3128,4,¡¢¥£,¤,¤,1.0,1.0,0.7,Satisfied
Case 313,4,¡¢¥­,¥£¥£¤,£¤,0.4,0.6666666666666666,0.7,Satisfied
Case 3139,4,¡¢­¢,¥£¤,£¤,0.6666666666666667,0.6666666666666666,0.7,Satisfied
Case 3142,4,¡¢¥£,¤,¤,1.0,1.0,0.7,Satisfied
Case 3145,4,¡¢¥£,¤,¤,1.0,1.0,0.7,Satisfied
Case 317,4,¡¢­¥,£¤,¢£¤,0.6666666666666667,0.6666666666666666,0.7,Satisfied
Case 3172,4,¡¢¥£,¤,¤,1.0,1.0,0.7,Satisfied
Case 3176,4,¡¢­¥,£¤,¢£¤,0.6666666666666667,0.6666666666666666,0.7,Satisfied
Case 3180,4,¡¢¥£,¤,¤,1.0,1.0,0.7,Satisfied
Case 3182,4,¡¢¥£,¤,¤,1.0,1.0,0.7,Satisfied
Case 3184,4,¡¢¥£,¤,¤,1.0,1.0,0.7,Satisfied
Case 3186,4,¡¢¥£,¤,¤,1.0,1.0,0.7,Satisfied
Case 3188,4,¡¢¥£,¤,¤,1.0,1.0,0.7,Satisfied
Case 3192,4,¡¢¦¥,£¤,¢£¤,0.6666666666666667,0.6666666666666666,0.7,Satisfied
Case 3212,4,¡¢¥£,¤,¤,1.0,1.0,0.7,Satisfied
Case 3214,4,¡¢¦¥,£¤,¢£¤,0.6666666666666667,0.6666666666666666,0.7,Satisfied
Case 3222,4,¡¢¥£,¤,¤,1.0,1.0,0.7,Satisfied
Case 3229,4,¡¢¥£,¤,¤,1.0,1.0,0.7,Satisfied
Case 323,4,¡¢¥£,¤,¤,1.0,1.0,0.7,Satisfied
Case 3231,4,¡¢¥£,¤,¤,1.0,1.0,0.7,Satisfied
Case 3233,4,¡¢¥£,¤,¤,1.0,1.0,0.7,Satisfied
Case 3240,4,¡¢¥£,¤,¤,1.0,1.0,0.7,Satisfied
Case 3249,4,¡¢­­,¢¥£¥£¤,£¤,0.33333333333333337,0.5,0.7,Satisfied
Case 3251,4,¡¢¥£,¤,¤,1.0,1.0,0.7,Satisfied
Case 3253,4,¡¢¥£,¤,¤,1.0,1.0,0.7,Satisfied
Case 326,4,¡¢­­,¥£¤,£¤,0.6666666666666667,0.6666666666666666,0.7,Satisfied
Case 3260,4,¡¢¥£,¤,¤,1.0,1.0,0.7,Satisfied
Case 3262,4,¡¢¥£,¤,¤,1.0,1.0,0.7,Satisfied
Case 3273,4,¡¢¥£,¤,¤,1.0,1.0,0.7,Satisfied
Case 3276,4,¡¢­¥,£¤,¢£¤,0.6666666666666667,0.6666666666666666,0.7,Satisfied
Case 3288,4,¡¢¥£,¥£¤,¤,0.33333333333333337,0.33333333333333326,0.7,Satisfied
Case 3289,4,¡¢¥£,¤,¤,1.0,1.0,0.7,Satisfied
Case 3294,4,¡¢¥¢,£¤,£¤,1.0,1.0,0.7,Satisfied
Case 33,4,¡¢¥£,¤,¤,1.0,1.0,0.7,Satisfied
Case 331,4,¡¢­¥,£¤,¢£¤,0.6666666666666667,0.6666666666666666,0.7,Satisfied
Case 3314,4,¡¢¥£,¤,¤,1.0,1.0,0.7,Satisfied
Case 3315,4,¡¢¥£,¤,¤,1.0,1.0,0.7,Satisfied
Case 332,4,¡¢¥£,¤,¤,1.0,1.0,0.7,Satisfied
Case 3323,4,¡¢¦­,­¥£,£¤,0.0,0.25,0.7,Satisfied
Case 3324,4,¡¢¥£,¤,¤,1.0,1.0,0.7,Satisfied
Case 333,4,¡¢¥£,¤,¤,1.0,1.0,0.7,Satisfied
Case 3331,4,¡¢¥£,¤,¤,1.0,1.0,0.7,Satisfied
Case 3334,4,¡¢¥£,¤,¤,1.0,1.0,0.7,Satisfied
Case 3336,4,¡¢¥£,¤,¤,1.0,1.0,0.7,Satisfied
Case 3338,4,¡­¥£,¤,¤,1.0,1.0,0.7,Satisfied
Case 3341,4,¡¢¥£,¤,¤,1.0,1.0,0.7,Satisfied
Case 3344,4,¡¥£¥,£¢¥£¥£¤,¢£¤,0.4285714285714286,0.75,0.7,Satisfied
Case 3349,4,¡¢¥£,¤,¤,1.0,1.0,0.7,Satisfied
Case 3351,4,¡¢¥£,¥£¤,¤,0.33333333333333337,0.33333333333333326,0.7,Satisfied
Case 3357,4,¡¢¥£,¤,¤,1.0,1.0,0.7,Satisfied
Case 3358,4,¡¢­¥,£¤,¢£¤,0.6666666666666667,0.6666666666666666,0.7,Satisfied
Case 3360,4,¡¢¥£,¤,¤,1.0,1.0,0.7,Satisfied
Case 3362,4,¡¢¥£,¤,¤,1.0,1.0,0.7,Satisfied
Case 337,4,¡¢¥£,¤,¤,1.0,1.0,0.7,Satisfied
Case 3372,4,¡¢¥£,¤,¤,1.0,1.0,0.7,Satisfied
Case 3373,4,¡¢¥£,¤,¤,1.0,1.0,0.7,Satisfied
Case 3376,4,¡¢¥£,¤,¤,1.0,1.0,0.7,Satisfied
Case 3382,4,¡¢¥£,¤,¤,1.0,1.0,0.7,Satisfied
Case 3398,4,¡¢¥£,¤,¤,1.0,1.0,0.7,Satisfied
Case 34,4,¡¢¥¥,£¤,¢£¤,0.6666666666666667,0.6666666666666666,0.7,Satisfied
Case 3403,4,¡¢¥£,¤,¤,1.0,1.0,0.7,Satisfied
Case 3409,4,¡¢¦¬,¬­,£¤,0.0,0.0,0.7,Satisfied
Case 3413,4,¡¢¥£,¤,¤,1.0,1.0,0.7,Satisfied
Case 3418,4,¡¢­¥,£¤,¢£¤,0.6666666666666667,0.6666666666666666,0.7,Satisfied
Case 3419,4,¡¢¥£,¤,¤,1.0,1.0,0.7,Satisfied
Case 3426,4,¡¢¥£,¤,¤,1.0,1.0,0.7,Satisfied
Case 3428,4,¡¢¥£,¤,¤,1.0,1.0,0.7,Satisfied
Case 343,4,¡¢¥£,¤,¤,1.0,1.0,0.7,Satisfied
Case 3436,4,¡¢¥¥,¥¥£¤,¢£¤,0.5,0.5,0.7,Satisfied
Case 3439,4,¢¥£¢,¥¢¥£¤,£¤,0.4,0.5,0.7,Satisfied
Case 3440,4,¡¢¥£,¤,¤,1.0,1.0,0.7,Satisfied
Case 3442,4,¡¢¥£,¤,¤,1.0,1.0,0.7,Satisfied
Case 3443,4,¡¢­¥,£,¢£¤,0.33333333333333337,0.33333333333333326,0.7,Satisfied
Case 3444,4,¡¦¦¬,¬­¥£¤,¥£¤,0.6,0.6,0.7,Satisfied
Case 3448,4,¡¢¥£,¤,¤,1.0,1.0,0.7,Satisfied
Case 3449,4,¡¡¢¥,£¤,¢£¤,0.6666666666666667,0.6666666666666666,0.7,Satisfied
Case 345,4,¡¢¥£,¤,¤,1.0,1.0,0.7,Satisfied
Case 3454,4,¡¢¢¥,£¤,¢£¤,0.6666666666666667,0.6666666666666666,0.7,Satisfied
Case 346,4,¡¥¥£,¤,¤,1.0,1.0,0.7,Satisfied
Case 3462,4,¡¢¥£,¤,¤,1.0,1.0,0.7,Satisfied
Case 3465,4,¡¢¥£,¤,¤,1.0,1.0,0.7,Satisfied
Case 3475,4,¡¢¥£,¤,¤,1.0,1.0,0.7,Satisfied
Case 348,4,¡¢¥£,¤,¤,1.0,1.0,0.7,Satisfied
Case 349,4,¡¢¥£,¤,¤,1.0,1.0,0.7,Satisfied
Case 3498,4,¡¢¥£,¤,¤,1.0,1.0,0.7,Satisfied
Case 3511,4,¡¢¥£,¤,¤,1.0,1.0,0.7,Satisfied
Case 3516,4,¡¢­¥,£¤,¢£¤,0.6666666666666667,0.6666666666666666,0.7,Satisfied
Case 3517,4,¡¢¥£,¤,¤,1.0,1.0,0.7,Satisfied
Case 3529,4,¡¢¥£,¤,¤,1.0,1.0,0.7,Satisfied
Case 3530,4,¡¢¥£,¤,¤,1.0,1.0,0.7,Satisfied
Case 3532,4,¡¢¥£,¤,¤,1.0,1.0,0.7,Satisfied
Case 3535,4,¡¢¥£,¤,¤,1.0,1.0,0.7,Satisfied
Case 3537,4,¡¢¥£,¤,¤,1.0,1.0,0.7,Satisfied
Case 3539,4,¡¢¥£,¤,¤,1.0,1.0,0.7,Satisfied
Case 3542,4,¡¢¥£,¤,¤,1.0,1.0,0.7,Satisfied
Case 3543,4,¡¢¥£,¤,¤,1.0,1.0,0.7,Satisfied
Case 3546,4,¡¢¥£,¤,¤,1.0,1.0,0.7,Satisfied
Case 3551,4,¡¢¥£,¤,¤,1.0,1.0,0.7,Satisfied
Case 3552,4,¡¢¥£,¤,¤,1.0,1.0,0.7,Satisfied
Case 3562,4,¡¢¥£,¢¥£¤,¤,0.25,0.25,0.7,Satisfied
Case 3563,4,¡¢¥£,¤,¤,1.0,1.0,0.7,Satisfied
Case 3565,4,¡¢¥£,¤,¤,1.0,1.0,0.7,Satisfied
Case 3567,4,¡¢¥£,¤,¤,1.0,1.0,0.7,Satisfied
Case 3582,4,¡¢¥£,¤,¤,1.0,1.0,0.7,Satisfied
Case 3583,4,¡¢¥£,¤,¤,1.0,1.0,0.7,Satisfied
Case 3592,4,¡¢¥£,¤,¤,1.0,1.0,0.7,Satisfied
Case 3599,4,¡¢¥£,¤,¤,1.0,1.0,0.7,Satisfied
Case 3600,4,¡¢¥£,¤,¤,1.0,1.0,0.7,Satisfied
Case 3601,4,¡¢¥£,¤,¤,1.0,1.0,0.7,Satisfied
Case 361,4,¡¢¥£,¢¥£¤,¤,0.25,0.25,0.7,Satisfied
Case 3613,4,¡¢­¥,£¤,¢£¤,0.6666666666666667,0.6666666666666666,0.7,Satisfied
Case 3614,4,¡¢¥£,¤,¤,1.0,1.0,0.7,Satisfied
Case 3638,4,¡¢¥£,¤,¤,1.0,1.0,0.7,Satisfied
Case 364,4,¡¢¥£,¤,¤,1.0,1.0,0.7,Satisfied
Case 3641,4,¡¢¥£,¤,¤,1.0,1.0,0.7,Satisfied
Case 3643,4,¡¢¥£,¤,¤,1.0,1.0,0.7,Satisfied
Case 3645,4,¡¢­¥,£¤,¢£¤,0.6666666666666667,0.6666666666666666,0.7,Satisfied
Case 3653,4,¡¢¥£,¤,¤,1.0,1.0,0.7,Satisfied
Case 3654,4,¡¢¥£,¤,¤,1.0,1.0,0.7,Satisfied
Case 3656,4,¡¢¥¥,£¤,¢£¤,0.6666666666666667,0.6666666666666666,0.7,Satisfied
Case 3657,4,¡¢¥£,¤,¤,1.0,1.0,0.7,Satisfied
Case 3662,4,¡¢¥¥,£¤,¢£¤,0.6666666666666667,0.6666666666666666,0.7,Satisfied
Case 3663,4,¡¢¥£,¤,¤,1.0,1.0,0.7,Satisfied
Case 3666,4,¡¢¥£,¤,¤,1.0,1.0,0.7,Satisfied
Case 3669,4,¡¡¢¥,¢­­£¤,¢£¤,0.6,0.75,0.7,Satisfied
Case 367,4,¡¥¥£,¤,¤,1.0,1.0,0.7,Satisfied
Case 3670,4,¡¢¥£,¤,¤,1.0,1.0,0.7,Satisfied
Case 3673,4,¡¢¥¢,¥£¤,£¤,0.6666666666666667,0.6666666666666666,0.7,Satisfied
Case 3674,4,¡¢¥£,¤,¤,1.0,1.0,0.7,Satisfied
Case 3676,4,¡¢¥£,¥£¤,¤,0.33333333333333337,0.33333333333333326,0.7,Satisfied
Case 3678,4,¡¢¥£,¤,¤,1.0,1.0,0.7,Satisfied
Case 3688,4,¡¡¢¥,£¤,¢£¤,0.6666666666666667,0.6666666666666666,0.7,Satisfied
Case 3692,4,¡¥£¢,¥£¤,£¤,0.6666666666666667,0.6666666666666666,0.7,Satisfied
Case 3696,4,¡¢¥£,¤,¤,1.0,1.0,0.7,Satisfied
Case 370,4,¡¢¥£,¤,¤,1.0,1.0,0.7,Satisfied
Case 3705,4,¡¢¥£,¢¥£¤,¤,0.25,0.25,0.7,Satisfied
Case 3708,4,¡¢¥£,¤,¤,1.0,1.0,0.7,Satisfied
Case 3738,4,¡¢¥£,¤,¤,1.0,1.0,0.7,Satisfied
Case 374,4,¡¢¥£,¤,¤,1.0,1.0,0.7,Satisfied
Case 3742,4,¡¢¥£,¤,¤,1.0,1.0,0.7,Satisfied
Case 3745,4,¡¢¥£,¤,¤,1.0,1.0,0.7,Satisfied
Case 3766,4,¡¢¥£,¤,¤,1.0,1.0,0.7,Satisfied
Case 3770,4,¡¢¥£,¤,¤,1.0,1.0,0.7,Satisfied
Case 3775,4,¡¢¥£,¤,¤,1.0,1.0,0.7,Satisfied
Case 3776,4,¡¡¢¥,£¤,¢£¤,0.6666666666666667,0.6666666666666666,0.7,Satisfied
Case 378,4,¡¢¥£,¤,¤,1.0,1.0,0.7,Satisfied
Case 3787,4,¡¢¥¢,£¤,£¤,1.0,1.0,0.7,Satisfied
Case 3798,4,¡¢¥£,¤,¤,1.0,1.0,0.7,Satisfied
Case 3802,4,§¡¥£,¤,¤,1.0,1.0,0.7,Satisfied
Case 3818,4,¡¢¥£,¤,¤,1.0,1.0,0.7,Satisfied
Case 3819,4,¡¢¥£,¤,¤,1.0,1.0,0.7,Satisfied
Case 382,4,¡¢¥¢,­£,£¤,0.0,0.33333333333333326,0.7,Satisfied
Case 3822,4,¡¢¥£,¤,¤,1.0,1.0,0.7,Satisfied
Case 3832,4,¡¢¥¥,£¢¥£¤,¢£¤,0.6,0.75,0.7,Satisfied
Case 384,4,¡¢¥£,¤,¤,1.0,1.0,0.7,Satisfied
Case 3844,4,¡¢¥£,¤,¤,1.0,1.0,0.7,Satisfied
Case 3857,4,¡¢¥£,¤,¤,1.0,1.0,0.7,Satisfied
Case 3864,4,¡¢¥£,¤,¤,1.0,1.0,0.7,Satisfied
Case 3865,4,¡¢­¥,£¤,¢£¤,0.6666666666666667,0.6666666666666666,0.7,Satisfied
Case 3877,4,¡¢¥£,¤,¤,1.0,1.0,0.7,Satisfied
Case 3884,4,¡¢¥¢,£¤,£¤,1.0,1.0,0.7,Satisfied
Case 3885,4,¡¢¥£,¤,¤,1.0,1.0,0.7,Satisfied
Case 3890,4,¡¢¥£,¤,¤,1.0,1.0,0.7,Satisfied
Case 3896,4,¡¢¥£,¤,¤,1.0,1.0,0.7,Satisfied
Case 3898,4,¡¢¥£,¤,¤,1.0,1.0,0.7,Satisfied
Case 3899,4,¡¢¥£,¤,¤,1.0,1.0,0.7,Satisfied
Case 39,4,¡¢¥£,¤,¤,1.0,1.0,0.7,Satisfied
Case 3905,4,¡¢¥£,¤,¤,1.0,1.0,0.7,Satisfied
Case 3912,4,¡¢¥£,¤,¤,1.0,1.0,0.7,Satisfied
Case 3928,4,¡¢¥£,¤,¤,1.0,1.0,0.7,Satisfied
Case 3930,4,¡¢¥£,¤,¤,1.0,1.0,0.7,Satisfied
Case 3933,4,¡¢¥£,¤,¤,1.0,1.0,0.7,Satisfied
Case 3943,4,¡¢¥£,¤,¤,1.0,1.0,0.7,Satisfied
Case 3946,4,¡¢¥£,¤,¤,1.0,1.0,0.7,Satisfied
Case 3957,4,¡¢¢¥,£¤,¢£¤,0.6666666666666667,0.6666666666666666,0.7,Satisfied
Case 3963,4,¡¢­­,¥£¥£¤,£¤,0.4,0.6666666666666666,0.7,Satisfied
Case 397,4,¡¢¥£,¤,¤,1.0,1.0,0.7,Satisfied
Case 3974,4,¡¢¥£,¤,¤,1.0,1.0,0.7,Satisfied
Case 3976,4,¡¢¥£,¤,¤,1.0,1.0,0.7,Satisfied
Case 3983,4,¡¢¥£,¤,¤,1.0,1.0,0.7,Satisfied
Case 399,4,¡¢¥£,¤,¤,1.0,1.0,0.7,Satisfied
Case 3992,4,¡¢­£,¤,¤,1.0,1.0,0.7,Satisfied
Case 4006,4,¡¢¥¢,¥£¤,£¤,0.6666666666666667,0.6666666666666666,0.7,Satisfied
Case 4009,4,¡¢¥£,¤,¤,1.0,1.0,0.7,Satisfied
Case 4017,4,¡¢¥£,¤,¤,1.0,1.0,0.7,Satisfied
Case 4026,4,¡¢¥¦,­£¤,£¤,0.6666666666666667,0.6666666666666666,0.7,Satisfied
Case 407,4,¡¢¥£,¤,¤,1.0,1.0,0.7,Satisfied
Case 4073,4,¡¢¥£,¤,¤,1.0,1.0,0.7,Satisfied
Case 4074,4,¡¢¥£,¤,¤,1.0,1.0,0.7,Satisfied
Case 408,4,¡¡¢¥,£¤,¢£¤,0.6666666666666667,0.6666666666666666,0.7,Satisfied
Case 4082,4,¡¢­£,¤,¤,1.0,1.0,0.7,Satisfied
Case 4084,4,¡¢¥£,¤,¤,1.0,1.0,0.7,Satisfied
Case 4107,4,¡¢¥¥,£¤,¢£¤,0.6666666666666667,0.6666666666666666,0.7,Satisfied
Case 412,4,¡¢¥£,¤,¤,1.0,1.0,0.7,Satisfied
Case 414,4,¡¡¢£,¤,¤,1.0,1.0,0.7,Satisfied
Case 4147,4,¡¢¥£,¤,¤,1.0,1.0,0.7,Satisfied
Case 4149,4,¡¢¥£,¤,¤,1.0,1.0,0.7,Satisfied
Case 4156,4,¡¢¥£,¤,¤,1.0,1.0,0.7,Satisfied
Case 4165,4,¡¡¢¥,£¤,¢£¤,0.6666666666666667,0.6666666666666666,0.7,Satisfied
Case 4172,4,¡¢¥£,¤,¤,1.0,1.0,0.7,Satisfied
Case 4185,4,¡¢­£,¤,¤,1.0,1.0,0.7,Satisfied
Case 4187,4,¡¢¥¢,¥,£¤,0.0,0.0,0.7,Satisfied
Case 4197,4,¡¡¡¢,£¤,£¤,1.0,1.0,0.7,Satisfied
Case 4255,4,¡¢££,¤,¤,1.0,1.0,0.7,Satisfied
Case 4257,4,¡¢¥£,¤,¤,1.0,1.0,0.7,Satisfied
Case 4259,4,¡¢¢£,¤,¤,1.0,1.0,0.7,Satisfied
Case 4269,4,¡¢¥£,¤,¤,1.0,1.0,0.7,Satisfied
Case 4300,4,¡¢¥¥,£¤,¢£¤,0.6666666666666667,0.6666666666666666,0.7,Satisfied
Case 4301,4,¡¢¥£,¤,¤,1.0,1.0,0.7,Satisfied
Case 4326,4,¡¢¥£,¤,¤,1.0,1.0,0.7,Satisfied
Case 433,4,¡¢¥¥,£¤,¢£¤,0.6666666666666667,0.6666666666666666,0.7,Satisfied
Case 4337,4,¡¢¥£,¤,¤,1.0,1.0,0.7,Satisfied
Case 4338,4,¡¢¥¢,¥£¤,£¤,0.6666666666666667,0.6666666666666666,0.7,Satisfied
Case 4348,4,¡¢­£,¤,¤,1.0,1.0,0.7,Satisfied
Case 435,4,¡¢­£,¤,¤,1.0,1.0,0.7,Satisfied
Case 4351,4,¡¢¥£,¤,¤,1.0,1.0,0.7,Satisfied
Case 4352,4,¡¢¥£,¤,¤,1.0,1.0,0.7,Satisfied
Case 4353,4,¡¢¢¥,¥£¤,¢£¤,0.6666666666666667,0.5,0.7,Satisfied
Case 4359,4,¡¢¥£,¤,¤,1.0,1.0,0.7,Satisfied
Case 4361,4,¡¢­£,¤,¤,1.0,1.0,0.7,Satisfied
Case 4365,4,¡¢¥£,¤,¤,1.0,1.0,0.7,Satisfied
Case 4369,4,¡¢¥£,¤,¤,1.0,1.0,0.7,Satisfied
Case 438,4,¡¢­¥,£¤,¢£¤,0.6666666666666667,0.6666666666666666,0.7,Satisfied
Case 4385,4,¡¡¢£,¤,¤,1.0,1.0,0.7,Satisfied
Case 4389,4,¡¢­£,¤,¤,1.0,1.0,0.7,Satisfied
Case 4398,4,¡¢¥¢,¥£¤,£¤,0.6666666666666667,0.6666666666666666,0.7,Satisfied
Case 4407,4,¡¢¥£,¤,¤,1.0,1.0,0.7,Satisfied
Case 4410,4,¡¢¥¢,£¤,£¤,1.0,1.0,0.7,Satisfied
Case 4417,4,¡¥££,¤,¤,1.0,1.0,0.7,Satisfied
Case 4421,4,¡¢¥£,¤,¤,1.0,1.0,0.7,Satisfied
Case 4423,4,¡¡¢£,¤,¤,1.0,1.0,0.7,Satisfied
Case 4424,4,¡¢¥£,¤,¤,1.0,1.0,0.7,Satisfied
Case 4426,4,¡¢¥£,¤,¤,1.0,1.0,0.7,Satisfied
Case 4431,4,¡¢¥£,¤,¤,1.0,1.0,0.7,Satisfied
Case 4456,4,¡¢¥£,¤,¤,1.0,1.0,0.7,Satisfied
Case 446,4,¡¢¥£,¤,¤,1.0,1.0,0.7,Satisfied
Case 4463,4,¡¢¦¦,¬¬­¦£,£¤,0.0,0.19999999999999996,0.7,Satisfied
Case 4465,4,¡¢¥£,¤,¤,1.0,1.0,0.7,Satisfied
Case 4478,4,¡¢¥¢,£¤,£¤,1.0,1.0,0.7,Satisfied
Case 4485,4,¡¢¥£,¤,¤,1.0,1.0,0.7,Satisfied
Case 4501,4,¢¥¢¥,£¤,¢£¤,0.6666666666666667,0.6666666666666666,0.7,Satisfied
Case 4506,4,¡¢¥£,¤,¤,1.0,1.0,0.7,Satisfied
Case 4511,4,¡¢­£,£¤,¤,0.5,0.5,0.7,Satisfied
Case 4558,4,¡¢¥£,¤,¤,1.0,1.0,0.7,Satisfied
Case 4563,4,¡¢¥£,¤,¤,1.0,1.0,0.7,Satisfied
Case 4575,4,¡¢¥£,¤,¤,1.0,1.0,0.7,Satisfied
Case 46,4,¡¢¢¥,£¤,¢£¤,0.6666666666666667,0.6666666666666666,0.7,Satisfied
Case 467,4,¡¢¥¢,­£¤,£¤,0.6666666666666667,0.6666666666666666,0.7,Satisfied
Case 470,4,¡¢¥£,¤,¤,1.0,1.0,0.7,Satisfied
Case 474,4,¡¡¡¢,¥£¤,£¤,0.6666666666666667,0.6666666666666666,0.7,Satisfied
Case 478,4,¡¡¢¥,£¤,¢£¤,0.6666666666666667,0.6666666666666666,0.7,Satisfied
Case 484,4,¡¢¥£,¤,¤,1.0,1.0,0.7,Satisfied
Case 496,4,¡¢¥£,¤,¤,1.0,1.0,0.7,Satisfied
Case 498,4,¡¢££,¤,¤,1.0,1.0,0.7,Satisfied
Case 503,4,¡¢¦­,£¤,£¤,1.0,1.0,0.7,Satisfied
Case 504,4,¡¢¥£,¤,¤,1.0,1.0,0.7,Satisfied
Case 506,4,¡¢­£,¤,¤,1.0,1.0,0.7,Satisfied
Case 520,4,¡¢££,¤,¤,1.0,1.0,0.7,Satisfied
Case 525,4,¡¡¢¥,¥,¢£¤,0.0,0.0,0.7,Satisfied
Case 527,4,¡¥¡¡,¢£¤,¢£¤,1.0,1.0,0.7,Satisfied
Case 529,4,¡¥¥£,¤,¤,1.0,1.0,0.7,Satisfied
Case 530,4,¡¢¥¥,¥£¤,¢£¤,0.6666666666666667,0.5,0.7,Satisfied
Case 532,4,¡¢£¢,¥£¤,£¤,0.6666666666666667,0.6666666666666666,0.7,Satisfied
Case 553,4,¡¢¥£,¤,¤,1.0,1.0,0.7,Satisfied
Case 558,4,¡¢¢£,¤,¤,1.0,1.0,0.7,Satisfied
Case 559,4,¡¢¥£,¤,¤,1.0,1.0,0.7,Satisfied
Case 566,4,¡¢¥¢,¥£¤,£¤,0.6666666666666667,0.6666666666666666,0.7,Satisfied
Case 575,4,¡¢¥£,¤,¤,1.0,1.0,0.7,Satisfied
Case 58,4,¡¦­£,¤,¤,1.0,1.0,0.7,Satisfied
Case 595,4,¡¢¥£,¤,¤,1.0,1.0,0.7,Satisfied
Case 603,4,¡¢££,¤,¤,1.0,1.0,0.7,Satisfied
Case 622,4,¡¢¦£,¤,¤,1.0,1.0,0.7,Satisfied
Case 624,4,¡¢¥£,¤,¤,1.0,1.0,0.7,Satisfied
Case 626,4,¡¢¥£,¤,¤,1.0,1.0,0.7,Satisfied
Case 631,4,¢¥¢¥,£¤,¢£¤,0.6666666666666667,0.6666666666666666,0.7,Satisfied
Case 638,4,¡¢¥¢,¥£¤,£¤,0.6666666666666667,0.6666666666666666,0.7,Satisfied
Case 639,4,¡¢¥£,¤,¤,1.0,1.0,0.7,Satisfied
Case 65,4,¡¢¥£,¤,¤,1.0,1.0,0.7,Satisfied
Case 656,4,¡¢¥£,£¤,¤,0.5,0.5,0.7,Satisfied
Case 664,4,¡¢¥£,¤,¤,1.0,1.0,0.7,Satisfied
Case 7,4,¡¡¡¢,£¤,£¤,1.0,1.0,0.7,Satisfied
Case 708,4,¡¢¥£,¤,¤,1.0,1.0,0.7,Satisfied
Case 732,4,¡¦¢¦,­®«£¤,£¤,0.4,0.4,0.7,Satisfied
Case 747,4,¡¢¥£,¤,¤,1.0,1.0,0.7,Satisfied
Case 757,4,¡¢­¥,£¤,¢£¤,0.6666666666666667,0.6666666666666666,0.7,Satisfied
Case 77,4,¡¢¥£,¤,¤,1.0,1.0,0.7,Satisfied
Case 775,4,¡¢¥£,¤,¤,1.0,1.0,0.7,Satisfied
Case 780,4,¡¢¥£,¤,¤,1.0,1.0,0.7,Satisfied
Case 782,4,¡¢¥£,¤,¤,1.0,1.0,0.7,Satisfied
Case 79,4,¡¢¥¥,£¤,¢£¤,0.6666666666666667,0.6666666666666666,0.7,Satisfied
Case 805,4,¡¢¥£,¤,¤,1.0,1.0,0.7,Satisfied
Case 809,4,¡¢¥£,¤,¤,1.0,1.0,0.7,Satisfied
Case 82,4,¡¢¥£,¤,¤,1.0,1.0,0.7,Satisfied
Case 826,4,¡¢¥£,¤,¤,1.0,1.0,0.7,Satisfied
Case 83,4,¡¢¥£,¤,¤,1.0,1.0,0.7,Satisfied
Case 831,4,¡¢¥£,¤,¤,1.0,1.0,0.7,Satisfied
Case 845,4,¡¢¥£,¤,¤,1.0,1.0,0.7,Satisfied
Case 856,4,¡¢¥£,¤,¤,1.0,1.0,0.7,Satisfied
Case 868,4,¡¢¦£,¤,¤,1.0,1.0,0.7,Satisfied
Case 876,4,¡¢¥£,¤,¤,1.0,1.0,0.7,Satisfied
Case 881,4,¡¢¥£,¤,¤,1.0,1.0,0.7,Satisfied
Case 894,4,¡¢¥¥,£¤,¢£¤,0.6666666666666667,0.6666666666666666,0.7,Satisfied
Case 911,4,¡¢¢£,¤,¤,1.0,1.0,0.7,Satisfied
Case 939,4,¡¢¥¥,£¤,¢£¤,0.6666666666666667,0.6666666666666666,0.7,Satisfied
Case 951,4,¡¢¥£,¤,¤,1.0,1.0,0.7,Satisfied
Case 961,4,¡¢¥£,¤,¤,1.0,1.0,0.7,Satisfied
Case 986,4,¡¢¥£,¤,¤,1.0,1.0,0.7,Satisfied
Case 988,4,¡¢¥£,¤,¤,1.0,1.0,0.7,Satisfied
Case 989,4,¡¢¥£,¤,¤,1.0,1.0,0.7,Satisfied
Case 998,4,¡¢¥£,¤,¤,1.0,1.0,0.7,Satisfied
Case 1,4,¡¢¢¥,£¤,¢£¤,0.6666666666666667,0.6666666666666666,0.8,Satisfied
Case 100,4,¡¢­¥,£¤,¢£¤,0.6666666666666667,0.6666666666666666,0.8,Satisfied
Case 1001,4,¡¢¥£,¤,¤,1.0,1.0,0.8,Satisfied
Case 1007,4,¡¢¥£,¤,¤,1.0,1.0,0.8,Satisfied
Case 1010,4,¡¢­¥,£¤,¢£¤,0.6666666666666667,0.6666666666666666,0.8,Satisfied
Case 1017,4,¡¢¥£,¥£¤,¤,0.33333333333333337,0.33333333333333326,0.8,Satisfied
Case 1019,4,¡¢¥£,¤,¤,1.0,1.0,0.8,Satisfied
Case 1023,4,¡¥£¥,£¤,¢£¤,0.6666666666666667,0.6666666666666666,0.8,Satisfied
Case 1026,4,¡¢­¥,£¤,¢£¤,0.6666666666666667,0.6666666666666666,0.8,Satisfied
Case 1027,4,¡¢¥£,¤,¤,1.0,1.0,0.8,Satisfied
Case 1043,4,¡¢¥£,¤,¤,1.0,1.0,0.8,Satisfied
Case 105,4,¡¢¥£,¤,¤,1.0,1.0,0.8,Satisfied
Case 1054,4,¡¢¥£,¤,¤,1.0,1.0,0.8,Satisfied
Case 1057,4,¡¢­¥,£¤,¢£¤,0.6666666666666667,0.6666666666666666,0.8,Satisfied
Case 107,4,¡¢¥£,¤,¤,1.0,1.0,0.8,Satisfied
Case 1070,4,¡¢¥£,¢¥£¤,¤,0.25,0.25,0.8,Satisfied
Case 1075,4,¡¢¥£,¤,¤,1.0,1.0,0.8,Satisfied
Case 1079,4,¡¢¥¥,£¤,¢£¤,0.6666666666666667,0.6666666666666666,0.8,Satisfied
Case 1087,4,¡¢¥£,¢¥£¤,¤,0.25,0.25,0.8,Satisfied
Case 1088,4,¡¥£¥,£¤,¢£¤,0.6666666666666667,0.6666666666666666,0.8,Satisfied
Case 1096,4,¡¢¥£,¤,¤,1.0,1.0,0.8,Satisfied
Case 1101,4,¡¢¥£,¤,¤,1.0,1.0,0.8,Satisfied
Case 1102,4,¡¢¥£,¥£¤,¤,0.33333333333333337,0.33333333333333326,0.8,Satisfied
Case 1104,4,¡¢¥£,¤,¤,1.0,1.0,0.8,Satisfied
Case 1109,4,¡¢¥£,¤,¤,1.0,1.0,0.8,Satisfied
Case 1110,4,¡¢¥£,¤,¤,1.0,1.0,0.8,Satisfied
Case 1111,4,¡¢¥¢,£¤,£¤,1.0,1.0,0.8,Satisfied
Case 1112,4,¡¢¥¥,£¤,¢£¤,0.6666666666666667,0.6666666666666666,0.8,Satisfied
Case 1113,4,¡¢¥£,¤,¤,1.0,1.0,0.8,Satisfied
Case 1116,4,¡¢¥£,¤,¤,1.0,1.0,0.8,Satisfied
Case 1122,4,¡¢¥£,¤,¤,1.0,1.0,0.8,Satisfied
Case 1124,4,¡¢¥£,¤,¤,1.0,1.0,0.8,Satisfied
Case 1129,4,¡¢¥¢,£¤,£¤,1.0,1.0,0.8,Satisfied
Case 114,4,¡¢¥¢,¥£¤,£¤,0.6666666666666667,0.6666666666666666,0.8,Satisfied
Case 1142,4,¡¢¥­,¥£¤,£¤,0.6666666666666667,0.6666666666666666,0.8,Satisfied
Case 1144,4,¡¥£¢,­¥£¤,£¤,0.5,0.5,0.8,Satisfied
Case 1145,4,¡¢¥£,¤,¤,1.0,1.0,0.8,Satisfied
Case 115,4,¡¢¥¥,£¤,¢£¤,0.6666666666666667,0.6666666666666666,0.8,Satisfied
Case 1156,4,¡¢¥£,¤,¤,1.0,1.0,0.8,Satisfied
Case 1159,4,¡¢¥£,¤,¤,1.0,1.0,0.8,Satisfied
Case 1164,4,¡¢¥£,¤,¤,1.0,1.0,0.8,Satisfied
Case 1176,4,¡¢¥£,¤,¤,1.0,1.0,0.8,Satisfied
Case 1179,4,¡¢¥£,¤,¤,1.0,1.0,0.8,Satisfied
Case 1185,4,¡¢¥£,¤,¤,1.0,1.0,0.8,Satisfied
Case 1193,4,¡¢¥£,¤,¤,1.0,1.0,0.8,Satisfied
Case 12,4,¡¢¥£,¤,¤,1.0,1.0,0.8,Satisfied
Case 1221,4,¡¢¥£,¤,¤,1.0,1.0,0.8,Satisfied
Case 1235,4,¡¢¥¥,£¤,¢£¤,0.6666666666666667,0.6666666666666666,0.8,Satisfied
Case 1238,4,¡¢¥­,£¤,£¤,1.0,1.0,0.8,Satisfied
Case 1239,4,¡¢¥£,¤,¤,1.0,1.0,0.8,Satisfied
Case 1246,4,¡¢¥£,¤,¤,1.0,1.0,0.8,Satisfied
Case 1249,4,§¥¥¥,¥,¢£¤,0.0,0.0,0.8,Satisfied
Case 1250,4,¢¥£¢,¥£¤,£¤,0.6666666666666667,0.6666666666666666,0.8,Satisfied
Case 1254,4,¡¡¥¥,£¤,¢£¤,0.6666666666666667,0.6666666666666666,0.8,Satisfied
Case 1261,4,¢¢¥£,¤,¤,1.0,1.0,0.8,Satisfied
Case 1269,4,¡¢¢¥,£¤,¢£¤,0.6666666666666667,0.6666666666666666,0.8,Satisfied
Case 1272,4,¡¢¥£,¤,¤,1.0,1.0,0.8,Satisfied
Case 1275,4,¡¢¥£,¤,¤,1.0,1.0,0.8,Satisfied
Case 1290,4,¡¢¥£,¤,¤,1.0,1.0,0.8,Satisfied
Case 1292,4,¡¢¥£,¤,¤,1.0,1.0,0.8,Satisfied
Case 1299,4,¡¢¥£,¤,¤,1.0,1.0,0.8,Satisfied
Case 13,4,¡¢¥£,¤,¤,1.0,1.0,0.8,Satisfied
Case 1301,4,¡¢¥£,¤,¤,1.0,1.0,0.8,Satisfied
Case 1303,4,¡¢­¥,£¤,¢£¤,0.6666666666666667,0.6666666666666666,0.8,Satisfied
Case 1304,4,¡¢¥£,¤,¤,1.0,1.0,0.8,Satisfied
Case 1305,4,¡¢¥£,¤,¤,1.0,1.0,0.8,Satisfied
Case 131,4,¡¢¥£,¤,¤,1.0,1.0,0.8,Satisfied
Case 1313,4,¡¢¥£,¤,¤,1.0,1.0,0.8,Satisfied
Case 1314,4,¡¢¦¥,£¤,¢£¤,0.6666666666666667,0.6666666666666666,0.8,Satisfied
Case 1315,4,¡¢¥£,¤,¤,1.0,1.0,0.8,Satisfied
Case 1318,4,¡¢­¥,£¤,¢£¤,0.6666666666666667,0.6666666666666666,0.8,Satisfied
Case 1319,4,¡¢¥£,¤,¤,1.0,1.0,0.8,Satisfied
Case 1323,4,¡¢¥£,¤,¤,1.0,1.0,0.8,Satisfied
Case 1330,4,¡¥£¥,£¤,¢£¤,0.6666666666666667,0.6666666666666666,0.8,Satisfied
Case 1332,4,¡¢¥£,¤,¤,1.0,1.0,0.8,Satisfied
Case 1356,4,¡¢¥£,¤,¤,1.0,1.0,0.8,Satisfied
Case 1358,4,¡¢¥£,¤,¤,1.0,1.0,0.8,Satisfied
Case 1364,4,¡¢¥­,­£¤,£¤,0.6666666666666667,0.6666666666666666,0.8,Satisfied
Case 1366,4,¡¢¥£,¤,¤,1.0,1.0,0.8,Satisfied
Case 1371,4,¡¥£¥,£¤,¢£¤,0.6666666666666667,0.6666666666666666,0.8,Satisfied
Case 1375,4,¡¢¥£,¤,¤,1.0,1.0,0.8,Satisfied
Case 1384,4,¡¥£¥,£¤,¢£¤,0.6666666666666667,0.6666666666666666,0.8,Satisfied
Case 1386,4,¡¢¥£,¥£¤,¤,0.33333333333333337,0.33333333333333326,0.8,Satisfied
Case 1387,4,¡¢¥£,¤,¤,1.0,1.0,0.8,Satisfied
Case 1388,4,¡¢­­,¥£¤,£¤,0.6666666666666667,0.6666666666666666,0.8,Satisfied
Case 1393,4,¡¡¢¥,£¤,¢£¤,0.6666666666666667,0.6666666666666666,0.8,Satisfied
Case 1396,4,¡¢¥£,¤,¤,1.0,1.0,0.8,Satisfied
Case 1397,4,¡¢¥£,¤,¤,1.0,1.0,0.8,Satisfied
Case 1398,4,¡¢¥£,¤,¤,1.0,1.0,0.8,Satisfied
Case 140,4,¡¢¥£,¤,¤,1.0,1.0,0.8,Satisfied
Case 1407,4,¡¢¥¢,¥£¤,£¤,0.6666666666666667,0.6666666666666666,0.8,Satisfied
Case 1409,4,¡¢¥£,¤,¤,1.0,1.0,0.8,Satisfied
Case 1420,4,¡¢¨¥,£¤,¢£¤,0.6666666666666667,0.6666666666666666,0.8,Satisfied
Case 143,4,¡¢¥£,¤,¤,1.0,1.0,0.8,Satisfied
Case 1432,4,¡¢¥£,¤,¤,1.0,1.0,0.8,Satisfied
Case 1433,4,¡¢¥£,¤,¤,1.0,1.0,0.8,Satisfied
Case 144,4,¡¢¥£,¤,¤,1.0,1.0,0.8,Satisfied
Case 1441,4,¡¢¥£,¤,¤,1.0,1.0,0.8,Satisfied
Case 1445,4,¡¢¥£,¤,¤,1.0,1.0,0.8,Satisfied
Case 1449,4,¡¥¢¥,£¤,¢£¤,0.6666666666666667,0.6666666666666666,0.8,Satisfied
Case 145,4,¡¢­¥,£¤,¢£¤,0.6666666666666667,0.6666666666666666,0.8,Satisfied
Case 1450,4,¡¢¥£,¤,¤,1.0,1.0,0.8,Satisfied
Case 1451,4,¡¢­¥,£¥£¤,¢£¤,0.5,0.5,0.8,Satisfied
Case 1457,4,¡¢¥£,¤,¤,1.0,1.0,0.8,Satisfied
Case 1460,4,¡¢¥¢,¥£¤,£¤,0.6666666666666667,0.6666666666666666,0.8,Satisfied
Case 1464,4,¡¢¥£,¤,¤,1.0,1.0,0.8,Satisfied
Case 1465,4,¡¢¥£,¤,¤,1.0,1.0,0.8,Satisfied
Case 1466,4,¡¢¥£,¤,¤,1.0,1.0,0.8,Satisfied
Case 147,4,¡¢¥£,¤,¤,1.0,1.0,0.8,Satisfied
Case 1471,4,¡¢­¥,£¤,¢£¤,0.6666666666666667,0.6666666666666666,0.8,Satisfied
Case 1478,4,¡¡¢¥,¢¥£¤,¢£¤,0.75,0.75,0.8,Satisfied
Case 1484,4,¡¢¥£,¤,¤,1.0,1.0,0.8,Satisfied
Case 1487,4,¡¢¥£,¤,¤,1.0,1.0,0.8,Satisfied
Case 1495,4,¡¢­­,¥£¤,£¤,0.6666666666666667,0.6666666666666666,0.8,Satisfied
Case 15,4,¡¡¢¥,£¤,¢£¤,0.6666666666666667,0.6666666666666666,0.8,Satisfied
Case 1500,4,¡¥£¥,£¤,¢£¤,0.6666666666666667,0.6666666666666666,0.8,Satisfied
Case 1501,4,¢¥£¥,£¤,¢£¤,0.6666666666666667,0.6666666666666666,0.8,Satisfied
Case 1506,4,¡¥¥¢,£¥£¤,£¤,0.5,0.6666666666666666,0.8,Satisfied
Case 1507,4,¡¢¥£,¤,¤,1.0,1.0,0.8,Satisfied
Case 1509,4,¡¢¥£,¤,¤,1.0,1.0,0.8,Satisfied
Case 1510,4,¡¢¥£,¤,¤,1.0,1.0,0.8,Satisfied
Case 1519,4,¡¥£¥,£¤,¢£¤,0.6666666666666667,0.6666666666666666,0.8,Satisfied
Case 1535,4,¡¡¡¥,£¤,¢£¤,0.6666666666666667,0.6666666666666666,0.8,Satisfied
Case 154,4,¡¢¥£,¤,¤,1.0,1.0,0.8,Satisfied
Case 1543,4,¡¢¥£,¤,¤,1.0,1.0,0.8,Satisfied
Case 1553,4,¡¢¥£,¤,¤,1.0,1.0,0.8,Satisfied
Case 156,4,¡¢¥£,¤,¤,1.0,1.0,0.8,Satisfied
Case 1562,4,¡¢¥£,¤,¤,1.0,1.0,0.8,Satisfied
Case 1570,4,¡¢¥£,¤,¤,1.0,1.0,0.8,Satisfied
Case 1571,4,¡¢¥¥,¥¥¥,¢£¤,0.0,0.0,0.8,Satisfied
Case 1574,4,¡¢¥£,¤,¤,1.0,1.0,0.8,Satisfied
Case 1577,4,§¡¡¢,¥£¤,£¤,0.6666666666666667,0.6666666666666666,0.8,Satisfied
Case 1580,4,¡¢¥£,¤,¤,1.0,1.0,0.8,Satisfied
Case 1587,4,¡¢¥£,¤,¤,1.0,1.0,0.8,Satisfied
Case 1603,4,¡¥£¥,£¤,¢£¤,0.6666666666666667,0.6666666666666666,0.8,Satisfied
Case 1604,4,¡¢¥£,¤,¤,1.0,1.0,0.8,Satisfied
Case 1605,4,¡¢¢¥,£¤,¢£¤,0.6666666666666667,0.6666666666666666,0.8,Satisfied
Case 1609,4,¡¢¥£,¤,¤,1.0,1.0,0.8,Satisfied
Case 1610,4,¡¢¥£,¤,¤,1.0,1.0,0.8,Satisfied
Case 1615,4,¡¢¥£,¤,¤,1.0,1.0,0.8,Satisfied
Case 1650,4,¡¦¦¬,¬­¥£¤,¥£¤,0.6,0.6,0.8,Satisfied
Case 1655,4,¡¢¥£,¤,¤,1.0,1.0,0.8,Satisfied
Case 1658,4,¡¢­¥,£¤,¢£¤,0.6666666666666667,0.6666666666666666,0.8,Satisfied
Case 1671,4,¡¢¥£,¤,¤,1.0,1.0,0.8,Satisfied
Case 1674,4,¡¢¥£,¤,¤,1.0,1.0,0.8,Satisfied
Case 1675,4,¡¢¥£,¤,¤,1.0,1.0,0.8,Satisfied
Case 1679,4,¡¢¥£,¤,¤,1.0,1.0,0.8,Satisfied
Case 1681,4,¡¢¥£,¤,¤,1.0,1.0,0.8,Satisfied
Case 1682,4,¡¢¥£,¤,¤,1.0,1.0,0.8,Satisfied
Case 1691,4,§¡¢¥,£¤,£¤,1.0,1.0,0.8,Satisfied
Case 1697,4,¡¢¥£,¤,¤,1.0,1.0,0.8,Satisfied
Case 1704,4,¡¢¥£,¤,¤,1.0,1.0,0.8,Satisfied
Case 1709,4,¡¢¥£,¤,¤,1.0,1.0,0.8,Satisfied
Case 1711,4,¡¢¥£,¤,¤,1.0,1.0,0.8,Satisfied
Case 1718,4,¡¢¥£,¤,¤,1.0,1.0,0.8,Satisfied
Case 1723,4,¡¢¥£,¤,¤,1.0,1.0,0.8,Satisfied
Case 1730,4,¡¢¥£,¤,¤,1.0,1.0,0.8,Satisfied
Case 1735,4,¡­¥£,¥£¤,¤,0.33333333333333337,0.33333333333333326,0.8,Satisfied
Case 1746,4,¡¢¥£,¤,¤,1.0,1.0,0.8,Satisfied
Case 1754,4,¡¢¥£,¤,¤,1.0,1.0,0.8,Satisfied
Case 1760,4,¡¢¥£,¢¥¢£¤,¤,0.19999999999999996,0.25,0.8,Satisfied
Case 1761,4,¡¢¥£,¤,¤,1.0,1.0,0.8,Satisfied
Case 1764,4,¡­¥£,¥£¤,¤,0.33333333333333337,0.33333333333333326,0.8,Satisfied
Case 1771,4,¡¢¥£,¤,¤,1.0,1.0,0.8,Satisfied
Case 1772,4,¡¢¥£,¤,¤,1.0,1.0,0.8,Satisfied
Case 1776,4,¡¢¥£,¤,¤,1.0,1.0,0.8,Satisfied
Case 1777,4,¡¢¥£,¤,¤,1.0,1.0,0.8,Satisfied
Case 1787,4,¡¢¥¥,£¥£¤,¢£¤,0.5,0.5,0.8,Satisfied
Case 1788,4,¡¢¥£,¤,¤,1.0,1.0,0.8,Satisfied
Case 1791,4,¡¢¥£,¤,¤,1.0,1.0,0.8,Satisfied
Case 1792,4,¡¢¥£,¤,¤,1.0,1.0,0.8,Satisfied
Case 1795,4,¡¢¥£,¤,¤,1.0,1.0,0.8,Satisfied
Case 1799,4,¡¢­¥,£¤,¢£¤,0.6666666666666667,0.6666666666666666,0.8,Satisfied
Case 18,4,¡¢¥£,¥£¤,¤,0.33333333333333337,0.33333333333333326,0.8,Satisfied
Case 1812,4,¡¢¥£,¤,¤,1.0,1.0,0.8,Satisfied
Case 1813,4,¡¢¥£,¤,¤,1.0,1.0,0.8,Satisfied
Case 1814,4,¡¢¥£,¤,¤,1.0,1.0,0.8,Satisfied
Case 1815,4,¡¢¥£,¤,¤,1.0,1.0,0.8,Satisfied
Case 1817,4,¡¢¥£,¤,¤,1.0,1.0,0.8,Satisfied
Case 1823,4,¡¢¥£,¤,¤,1.0,1.0,0.8,Satisfied
Case 1826,4,¡¢¥£,¤,¤,1.0,1.0,0.8,Satisfied
Case 1828,4,¡¢¥£,¤,¤,1.0,1.0,0.8,Satisfied
Case 1831,4,¡¢¥£,¤,¤,1.0,1.0,0.8,Satisfied
Case 184,4,¡¢¢¥,£¤,¢£¤,0.6666666666666667,0.6666666666666666,0.8,Satisfied
Case 1843,4,¡¡¥£,¤,¤,1.0,1.0,0.8,Satisfied
Case 1848,4,¡¢¥£,¤,¤,1.0,1.0,0.8,Satisfied
Case 1860,4,¡¢¥£,¤,¤,1.0,1.0,0.8,Satisfied
Case 1868,4,¡¢¥£,¤,¤,1.0,1.0,0.8,Satisfied
Case 1869,4,¡¢¥£,¤,¤,1.0,1.0,0.8,Satisfied
Case 1874,4,§¡¢¥,£¤,£¤,1.0,1.0,0.8,Satisfied
Case 1882,4,¡¢¥£,¤,¤,1.0,1.0,0.8,Satisfied
Case 1884,4,¡¢¥£,¤,¤,1.0,1.0,0.8,Satisfied
Case 1887,4,¡¢¥£,¤,¤,1.0,1.0,0.8,Satisfied
Case 1892,4,¡¢¥£,¤,¤,1.0,1.0,0.8,Satisfied
Case 1894,4,¡¢¥£,¤,¤,1.0,1.0,0.8,Satisfied
Case 1900,4,¡¢¥£,¤,¤,1.0,1.0,0.8,Satisfied
Case 1901,4,¡¢¥£,¤,¤,1.0,1.0,0.8,Satisfied
Case 1903,4,¡¢¥£,¤,¤,1.0,1.0,0.8,Satisfied
Case 191,4,¡¡¢¥,£¤,¢£¤,0.6666666666666667,0.6666666666666666,0.8,Satisfied
Case 1915,4,¡¢¥£,¤,¤,1.0,1.0,0.8,Satisfied
Case 1916,4,¡¢¥£,¤,¤,1.0,1.0,0.8,Satisfied
Case 192,4,¡¡¢¥,£¤¢¥£¤,¢£¤,0.5,0.75,0.8,Satisfied
Case 1924,4,¡¢¥£,¤,¤,1.0,1.0,0.8,Satisfied
Case 193,4,¡¢¥£,¤,¤,1.0,1.0,0.8,Satisfied
Case 1946,4,¡¢¥£,¤,¤,1.0,1.0,0.8,Satisfied
Case 1961,4,¡¢¥£,¤,¤,1.0,1.0,0.8,Satisfied
Case 1968,4,¡¢¥£,¤,¤,1.0,1.0,0.8,Satisfied
Case 1975,4,¡¢¥£,¤,¤,1.0,1.0,0.8,Satisfied
Case 1978,4,¡¥¢¥,£¤,¢£¤,0.6666666666666667,0.6666666666666666,0.8,Satisfied
Case 1980,4,¡¢¥£,¤,¤,1.0,1.0,0.8,Satisfied
Case 20,4,¡¢¥£,¤,¤,1.0,1.0,0.8,Satisfied
Case 2007,4,¡¢­¥,£¥£¤,¢£¤,0.5,0.5,0.8,Satisfied
Case 2013,4,¡¢¥£,¤,¤,1.0,1.0,0.8,Satisfied
Case 202,4,¡¢¥£,¤,¤,1.0,1.0,0.8,Satisfied
Case 2021,4,¡¢¥£,¤,¤,1.0,1.0,0.8,Satisfied
Case 2022,4,¡¡¡¥,£¤,¢£¤,0.6666666666666667,0.6666666666666666,0.8,Satisfied
Case 2035,4,¡¢¦­,¥£¤,£¤,0.6666666666666667,0.6666666666666666,0.8,Satisfied
Case 2050,4,¡¢¥£,¤,¤,1.0,1.0,0.8,Satisfied
Case 2059,4,¡¢¥£,¤,¤,1.0,1.0,0.8,Satisfied
Case 2062,4,¡¢¥£,¤,¤,1.0,1.0,0.8,Satisfied
Case 2068,4,¡¢¥£,¤,¤,1.0,1.0,0.8,Satisfied
Case 2074,4,¡¢¥£,¤,¤,1.0,1.0,0.8,Satisfied
Case 2081,4,¡¢­¥,£¤,¢£¤,0.6666666666666667,0.6666666666666666,0.8,Satisfied
Case 2083,4,¡¢¥£,¤,¤,1.0,1.0,0.8,Satisfied
Case 2092,4,¡¢¥£,¤,¤,1.0,1.0,0.8,Satisfied
Case 2093,4,¡¢¥£,¤,¤,1.0,1.0,0.8,Satisfied
Case 2097,4,¡¢¥£,¤,¤,1.0,1.0,0.8,Satisfied
Case 210,4,¡¢¥£,¤,¤,1.0,1.0,0.8,Satisfied
Case 2103,4,¡¢¥£,¤,¤,1.0,1.0,0.8,Satisfied
Case 2104,4,¡¢­¥,£¤,¢£¤,0.6666666666666667,0.6666666666666666,0.8,Satisfied
Case 2105,4,¡¢¥£,¤,¤,1.0,1.0,0.8,Satisfied
Case 2108,4,¡¢¥£,¤,¤,1.0,1.0,0.8,Satisfied
Case 2112,4,¡¢¥£,¤,¤,1.0,1.0,0.8,Satisfied
Case 2117,4,¡¥¥£,¢¥£¥£¤,¤,0.16666666666666663,0.25,0.8,Satisfied
Case 2121,4,¡¢¥£,¤,¤,1.0,1.0,0.8,Satisfied
Case 2123,4,¡¡¢¥,£¥£¤,¢£¤,0.5,0.5,0.8,Satisfied
Case 2126,4,¡¢¥£,¤,¤,1.0,1.0,0.8,Satisfied
Case 2134,4,¡¥¢£,¤,¤,1.0,1.0,0.8,Satisfied
Case 2141,4,¡¢¥£,¤,¤,1.0,1.0,0.8,Satisfied
Case 2142,4,¡¢¥£,¤,¤,1.0,1.0,0.8,Satisfied
Case 2143,4,¡¢­¥,£¤,¢£¤,0.6666666666666667,0.6666666666666666,0.8,Satisfied
Case 2152,4,¡¢¥£,¤,¤,1.0,1.0,0.8,Satisfied
Case 2156,4,¡¢¥£,¤,¤,1.0,1.0,0.8,Satisfied
Case 2157,4,¡¥£¥,£¤,¢£¤,0.6666666666666667,0.6666666666666666,0.8,Satisfied
Case 2163,4,¡¢¥£,¤,¤,1.0,1.0,0.8,Satisfied
Case 2167,4,¡¢¥£,¤,¤,1.0,1.0,0.8,Satisfied
Case 2168,4,¡¢¥¥,£¤,¢£¤,0.6666666666666667,0.6666666666666666,0.8,Satisfied
Case 2172,4,¡¢¥£,¤,¤,1.0,1.0,0.8,Satisfied
Case 2176,4,¡¢¥£,¤,¤,1.0,1.0,0.8,Satisfied
Case 2177,4,¡¥¥£,¤,¤,1.0,1.0,0.8,Satisfied
Case 2183,4,¡¢¥£,¤,¤,1.0,1.0,0.8,Satisfied
Case 2187,4,¡¢¥£,¤,¤,1.0,1.0,0.8,Satisfied
Case 2191,4,¡¢¥£,¤,¤,1.0,1.0,0.8,Satisfied
Case 2197,4,¡¢¥£,¤,¤,1.0,1.0,0.8,Satisfied
Case 2201,4,¡¢¥£,¤,¤,1.0,1.0,0.8,Satisfied
Case 2203,4,¡¢¥£,¤,¤,1.0,1.0,0.8,Satisfied
Case 2210,4,¡¢¥£,¤,¤,1.0,1.0,0.8,Satisfied
Case 2211,4,¡¢¥£,¤,¤,1.0,1.0,0.8,Satisfied
Case 2215,4,¡¢¥£,¤,¤,1.0,1.0,0.8,Satisfied
Case 2219,4,¡¢¥¢,£¤,£¤,1.0,1.0,0.8,Satisfied
Case 2220,4,¡¢¥£,¤,¤,1.0,1.0,0.8,Satisfied
Case 2227,4,¡¥£¥,£¤,¢£¤,0.6666666666666667,0.6666666666666666,0.8,Satisfied
Case 2228,4,¡¢¥£,¤,¤,1.0,1.0,0.8,Satisfied
Case 2236,4,¡¢¥£,¤,¤,1.0,1.0,0.8,Satisfied
Case 2239,4,¡¢¥£,¥£¢¥£¤,¤,0.16666666666666663,0.25,0.8,Satisfied
Case 2245,4,¡¢¥£,¤,¤,1.0,1.0,0.8,Satisfied
Case 2267,4,¡¢¥£,¤,¤,1.0,1.0,0.8,Satisfied
Case 2268,4,¡¢¥£,¤,¤,1.0,1.0,0.8,Satisfied
Case 2279,4,¡¢¥£,¤,¤,1.0,1.0,0.8,Satisfied
Case 2285,4,¡¥¢¥,£¤,¢£¤,0.6666666666666667,0.6666666666666666,0.8,Satisfied
Case 2290,4,¡¢¥£,¤,¤,1.0,1.0,0.8,Satisfied
Case 2296,4,¡¢¥£,¤,¤,1.0,1.0,0.8,Satisfied
Case 23,4,¡¢¥£,¤,¤,1.0,1.0,0.8,Satisfied
Case 230,4,¡¡¢¥,£¤,¢£¤,0.6666666666666667,0.6666666666666666,0.8,Satisfied
Case 2300,4,¡¢­­,¦­,£¤,0.0,0.0,0.8,Satisfied
Case 2302,4,¡¢¥£,¤,¤,1.0,1.0,0.8,Satisfied
Case 2308,4,¡¢¥£,¤,¤,1.0,1.0,0.8,Satisfied
Case 2315,4,¡¢¥£,¤,¤,1.0,1.0,0.8,Satisfied
Case 232,4,¡¢¥¥,£¥£¤,¢£¤,0.5,0.5,0.8,Satisfied
Case 2322,4,¡¢¥£,¤,¤,1.0,1.0,0.8,Satisfied
Case 2328,4,¡¢¥£,¤,¤,1.0,1.0,0.8,Satisfied
Case 233,4,¡¢¥£,¤,¤,1.0,1.0,0.8,Satisfied
Case 2330,4,¡¢¥£,¤,¤,1.0,1.0,0.8,Satisfied
Case 2335,4,¡¢¥£,¤,¤,1.0,1.0,0.8,Satisfied
Case 2342,4,¡¢¥¥,£¤,¢£¤,0.6666666666666667,0.6666666666666666,0.8,Satisfied
Case 2346,4,§¡¢¥,£¤,£¤,1.0,1.0,0.8,Satisfied
Case 2348,4,¡¢¥£,¤,¤,1.0,1.0,0.8,Satisfied
Case 235,4,§¡¢¥,£¤,£¤,1.0,1.0,0.8,Satisfied
Case 2356,4,¡¢¥¥,£¤,¢£¤,0.6666666666666667,0.6666666666666666,0.8,Satisfied
Case 2367,4,¡¢¥£,¤,¤,1.0,1.0,0.8,Satisfied
Case 2368,4,¡¢¥£,¥£¥£­¢¥£¤,¤,0.11111111111111116,0.19999999999999996,0.8,Satisfied
Case 237,4,¡¢­¥,£¤,¢£¤,0.6666666666666667,0.6666666666666666,0.8,Satisfied
Case 2374,4,¡¢¥£,¤,¤,1.0,1.0,0.8,Satisfied
Case 2375,4,¡¡¡¢,¥£¤,£¤,0.6666666666666667,0.6666666666666666,0.8,Satisfied
Case 2380,4,¡¢¥¢,£¤,£¤,1.0,1.0,0.8,Satisfied
Case 2381,4,¡¡¡¥,£¥£¤,¢£¤,0.5,0.5,0.8,Satisfied
Case 2390,4,¡¢¥£,¤,¤,1.0,1.0,0.8,Satisfied
Case 2391,4,¡¢¥£,¤,¤,1.0,1.0,0.8,Satisfied
Case 2398,4,¡¢¥£,¤,¤,1.0,1.0,0.8,Satisfied
Case 2399,4,¡¢¢¥,£¤,¢£¤,0.6666666666666667,0.6666666666666666,0.8,Satisfied
Case 2403,4,¡¢¥£,¤,¤,1.0,1.0,0.8,Satisfied
Case 2415,4,¡¢¥£,¤,¤,1.0,1.0,0.8,Satisfied
Case 2417,4,¡¢¥­,£¤,£¤,1.0,1.0,0.8,Satisfied
Case 242,4,¡¢¥£,¤,¤,1.0,1.0,0.8,Satisfied
Case 2431,4,¡¢¥£,¤,¤,1.0,1.0,0.8,Satisfied
Case 2432,4,¡¢¥£,¤,¤,1.0,1.0,0.8,Satisfied
Case 2436,4,¡¥£¤,¢,,0.0,0.0,0.8,Satisfied
Case 2447,4,¡¢¢¥,£¤,¢£¤,0.6666666666666667,0.6666666666666666,0.8,Satisfied
Case 2448,4,¡¢¥£,¤,¤,1.0,1.0,0.8,Satisfied
Case 2451,4,¡¢¦­,­¥£,£¤,0.0,0.25,0.8,Satisfied
Case 2452,4,¡¢¥£,¤,¤,1.0,1.0,0.8,Satisfied
Case 2455,4,¡¢¥£,¤,¤,1.0,1.0,0.8,Satisfied
Case 2458,4,¡¢¥£,¤,¤,1.0,1.0,0.8,Satisfied
Case 2465,4,¡¢¥£,¤,¤,1.0,1.0,0.8,Satisfied
Case 2466,4,¡¢­­,¥£¤,£¤,0.6666666666666667,0.6666666666666666,0.8,Satisfied
Case 247,4,§¢¥£,¤,¤,1.0,1.0,0.8,Satisfied
Case 2473,4,¡¢¥¢,¥£¤,£¤,0.6666666666666667,0.6666666666666666,0.8,Satisfied
Case 2474,4,¡¢¥£,¤,¤,1.0,1.0,0.8,Satisfied
Case 2476,4,¡¢­¥,£¤,¢£¤,0.6666666666666667,0.6666666666666666,0.8,Satisfied
Case 2481,4,¡¢­¥,£¤,¢£¤,0.6666666666666667,0.6666666666666666,0.8,Satisfied
Case 2490,4,¡¡¢¥,£¤,¢£¤,0.6666666666666667,0.6666666666666666,0.8,Satisfied
Case 2492,4,¡¢¥£,¤,¤,1.0,1.0,0.8,Satisfied
Case 2498,4,¡¢¥£,¤,¤,1.0,1.0,0.8,Satisfied
Case 2499,4,¡¢¥£,¤,¤,1.0,1.0,0.8,Satisfied
Case 2504,4,¡¢¥£,¤,¤,1.0,1.0,0.8,Satisfied
Case 2508,4,¡¢¥£,¤,¤,1.0,1.0,0.8,Satisfied
Case 2512,4,¡¢¥£,¥£¤,¤,0.33333333333333337,0.33333333333333326,0.8,Satisfied
Case 2514,4,¡¢¥¥,£¤,¢£¤,0.6666666666666667,0.6666666666666666,0.8,Satisfied
Case 2522,4,¡¢¥£,¥£¤,¤,0.33333333333333337,0.33333333333333326,0.8,Satisfied
Case 253,4,¡¢¥£,¤,¤,1.0,1.0,0.8,Satisfied
Case 2530,4,¡¢¥£,¤,¤,1.0,1.0,0.8,Satisfied
Case 2534,4,¡¢¥£,¤,¤,1.0,1.0,0.8,Satisfied
Case 2550,4,¡¢¥¥,£¥£¤,¢£¤,0.5,0.5,0.8,Satisfied
Case 2555,4,¡¢¥£,¤,¤,1.0,1.0,0.8,Satisfied
Case 2558,4,¡¢¥£,¤,¤,1.0,1.0,0.8,Satisfied
Case 2569,4,¡¢¥£,¤,¤,1.0,1.0,0.8,Satisfied
Case 2571,4,¡¢¥£,¤,¤,1.0,1.0,0.8,Satisfied
Case 2577,4,¡¢¥£,¤,¤,1.0,1.0,0.8,Satisfied
Case 2581,4,¡¡¢¥,£¤,¢£¤,0.6666666666666667,0.6666666666666666,0.8,Satisfied
Case 2585,4,¡¢¥£,¤,¤,1.0,1.0,0.8,Satisfied
Case 2591,4,¡¢¥£,¤,¤,1.0,1.0,0.8,Satisfied
Case 2593,4,¡­¥£,¤,¤,1.0,1.0,0.8,Satisfied
Case 2596,4,¡¢¥£,¤,¤,1.0,1.0,0.8,Satisfied
Case 2598,4,¡¢¥£,¤,¤,1.0,1.0,0.8,Satisfied
Case 2599,4,¡¢¥£,¤,¤,1.0,1.0,0.8,Satisfied
Case 2603,4,¡¢¥£,¤,¤,1.0,1.0,0.8,Satisfied
Case 2607,4,¡¢¥£,¤,¤,1.0,1.0,0.8,Satisfied
Case 2609,4,¡¢¥£,¤,¤,1.0,1.0,0.8,Satisfied
Case 261,4,¡¢¥£,¤,¤,1.0,1.0,0.8,Satisfied
Case 2611,4,¡¢¥£,¤,¤,1.0,1.0,0.8,Satisfied
Case 2613,4,¡¢¥¥,¥£¥£¤,¢£¤,0.4,0.5,0.8,Satisfied
Case 2614,4,¡¢¥£,¤,¤,1.0,1.0,0.8,Satisfied
Case 262,4,¡¢¥£,¥£¤,¤,0.33333333333333337,0.33333333333333326,0.8,Satisfied
Case 2620,4,¡¢­¥,£¤,¢£¤,0.6666666666666667,0.6666666666666666,0.8,Satisfied
Case 2625,4,¡¢¥£,¤,¤,1.0,1.0,0.8,Satisfied
Case 2631,4,¡¢¥£,¤,¤,1.0,1.0,0.8,Satisfied
Case 2634,4,¡¢¥£,¤,¤,1.0,1.0,0.8,Satisfied
Case 265,4,¡¢¥£,¤,¤,1.0,1.0,0.8,Satisfied
Case 2659,4,¡¢¥¥,¢£¤,¢£¤,1.0,1.0,0.8,Satisfied
Case 2665,4,¡¢¥£,¤,¤,1.0,1.0,0.8,Satisfied
Case 2666,4,¡¡¢¥,¥£¤,¢£¤,0.6666666666666667,0.5,0.8,Satisfied
Case 2667,4,¡¢¥¥,£¢¥£¤,¢£¤,0.6,0.75,0.8,Satisfied
Case 2668,4,¡¡¢­,¥£¤,£¤,0.6666666666666667,0.6666666666666666,0.8,Satisfied
Case 2674,4,¡¢¥¢,£¤,£¤,1.0,1.0,0.8,Satisfied
Case 2676,4,¡¢¥£,¤,¤,1.0,1.0,0.8,Satisfied
Case 2681,4,¡¢¥£,¤,¤,1.0,1.0,0.8,Satisfied
Case 2700,4,¡¢¥£,¤,¤,1.0,1.0,0.8,Satisfied
Case 2713,4,¡¢¥£,¤,¤,1.0,1.0,0.8,Satisfied
Case 2714,4,¡¢¥£,¤,¤,1.0,1.0,0.8,Satisfied
Case 2716,4,¡¢¥£,¤,¤,1.0,1.0,0.8,Satisfied
Case 2720,4,¡¢­¥,£¤,¢£¤,0.6666666666666667,0.6666666666666666,0.8,Satisfied
Case 2721,4,¡¢¥£,¤,¤,1.0,1.0,0.8,Satisfied
Case 2734,4,¡¢¥£,¤,¤,1.0,1.0,0.8,Satisfied
Case 2741,4,¡¢¥£,¤,¤,1.0,1.0,0.8,Satisfied
Case 2765,4,¡¢¥¥,£¤,¢£¤,0.6666666666666667,0.6666666666666666,0.8,Satisfied
Case 2770,4,¡¢¥£,¤,¤,1.0,1.0,0.8,Satisfied
Case 2774,4,¡¥£¥,£¢¥£¤,¢£¤,0.6,0.75,0.8,Satisfied
Case 2776,4,¢¥¢¥,£¤,¢£¤,0.6666666666666667,0.6666666666666666,0.8,Satisfied
Case 2777,4,¡¢¥£,¤,¤,1.0,1.0,0.8,Satisfied
Case 2788,4,¡¢¥£,¤,¤,1.0,1.0,0.8,Satisfied
Case 2789,4,¡¢¥£,¤,¤,1.0,1.0,0.8,Satisfied
Case 2791,4,¡¢¥£,¤,¤,1.0,1.0,0.8,Satisfied
Case 28,4,¡¢¦­,­¥£,£¤,0.0,0.25,0.8,Satisfied
Case 2814,4,¡¢¥£,¤,¤,1.0,1.0,0.8,Satisfied
Case 282,4,¡¢¥£,¤,¤,1.0,1.0,0.8,Satisfied
Case 2826,4,¡¢¥£,¤,¤,1.0,1.0,0.8,Satisfied
Case 2834,4,¡¢¥£,¤,¤,1.0,1.0,0.8,Satisfied
Case 2839,4,¡¢¥£,¤,¤,1.0,1.0,0.8,Satisfied
Case 2847,4,¡¢¥£,¤,¤,1.0,1.0,0.8,Satisfied
Case 2848,4,¡¢¥£,¤,¤,1.0,1.0,0.8,Satisfied
Case 2849,4,¡¥£¥,£¤,¢£¤,0.6666666666666667,0.6666666666666666,0.8,Satisfied
Case 2851,4,¡¢¥£,¤,¤,1.0,1.0,0.8,Satisfied
Case 2854,4,¡¢¥£,¤,¤,1.0,1.0,0.8,Satisfied
Case 286,4,¡¢¥£,¤,¤,1.0,1.0,0.8,Satisfied
Case 2860,4,¡¢¥£,¤,¤,1.0,1.0,0.8,Satisfied
Case 2866,4,¡¢¥£,¤,¤,1.0,1.0,0.8,Satisfied
Case 2873,4,¡¢¥£,¤,¤,1.0,1.0,0.8,Satisfied
Case 2875,4,¡¢¥£,¤,¤,1.0,1.0,0.8,Satisfied
Case 2881,4,¡­­¥,£¤,£¤,1.0,1.0,0.8,Satisfied
Case 2891,4,¡¢¥£,¤,¤,1.0,1.0,0.8,Satisfied
Case 2897,4,¡¢­¢,¥£¤,£¤,0.6666666666666667,0.6666666666666666,0.8,Satisfied
Case 2905,4,¡¢¥£,¤,¤,1.0,1.0,0.8,Satisfied
Case 2908,4,¡¢¥£,¤,¤,1.0,1.0,0.8,Satisfied
Case 2910,4,¡¢¥£,¤,¤,1.0,1.0,0.8,Satisfied
Case 2918,4,¡¢­¢,¥£¤,£¤,0.6666666666666667,0.6666666666666666,0.8,Satisfied
Case 292,4,¡¢¥£,¤,¤,1.0,1.0,0.8,Satisfied
Case 2931,4,¡¢¥­,£¥£¤,£¤,0.5,0.6666666666666666,0.8,Satisfied
Case 2932,4,¡¢¥£,¤,¤,1.0,1.0,0.8,Satisfied
Case 2934,4,¡¢¥£,¤,¤,1.0,1.0,0.8,Satisfied
Case 2949,4,¡¢¥£,¤,¤,1.0,1.0,0.8,Satisfied
Case 296,4,¡¢¥£,¤,¤,1.0,1.0,0.8,Satisfied
Case 2962,4,¡¢¥£,¤,¤,1.0,1.0,0.8,Satisfied
Case 2964,4,¡¢¥£,¤,¤,1.0,1.0,0.8,Satisfied
Case 2966,4,¡¢¥£,¤,¤,1.0,1.0,0.8,Satisfied
Case 2968,4,¡¢¥£,¤,¤,1.0,1.0,0.8,Satisfied
Case 2970,4,¡¢­¥,£¤,¢£¤,0.6666666666666667,0.6666666666666666,0.8,Satisfied
Case 2971,4,¡¢¥£,¤,¤,1.0,1.0,0.8,Satisfied
Case 2975,4,¡¥¡¢,¥¥¢£¤,£¤,0.4,0.5,0.8,Satisfied
Case 2981,4,¡¡¢­,­¥£¤,£¤,0.5,0.5,0.8,Satisfied
Case 2984,4,¡¢¥£,¥£¤,¤,0.33333333333333337,0.33333333333333326,0.8,Satisfied
Case 2988,4,¡¥£¥,£¤,¢£¤,0.6666666666666667,0.6666666666666666,0.8,Satisfied
Case 299,4,¡¢¥£,¤,¤,1.0,1.0,0.8,Satisfied
Case 2992,4,¡¢¥£,¤,¤,1.0,1.0,0.8,Satisfied
Case 3002,4,¡¢¥£,¤,¤,1.0,1.0,0.8,Satisfied
Case 3008,4,¡¢¥£,¤,¤,1.0,1.0,0.8,Satisfied
Case 3009,4,¡¢¥¢,£¤,£¤,1.0,1.0,0.8,Satisfied
Case 3010,4,¡¢¥£,¤,¤,1.0,1.0,0.8,Satisfied
Case 3013,4,¡¢¢¥,£¤,¢£¤,0.6666666666666667,0.6666666666666666,0.8,Satisfied
Case 3015,4,¡¢­¥,£¤,¢£¤,0.6666666666666667,0.6666666666666666,0.8,Satisfied
Case 3016,4,¡¡¢¥,£¤,¢£¤,0.6666666666666667,0.6666666666666666,0.8,Satisfied
Case 3021,4,¡¢¥£,¤,¤,1.0,1.0,0.8,Satisfied
Case 3027,4,¡¢¥£,¤,¤,1.0,1.0,0.8,Satisfied
Case 3034,4,¡¢¥£,¤,¤,1.0,1.0,0.8,Satisfied
Case 3035,4,¡¢¥£,¤,¤,1.0,1.0,0.8,Satisfied
Case 3037,4,¡¢¥£,¤,¤,1.0,1.0,0.8,Satisfied
Case 3038,4,¡¢¥¢,¥£¤,£¤,0.6666666666666667,0.6666666666666666,0.8,Satisfied
Case 3043,4,¡¢¥£,¤,¤,1.0,1.0,0.8,Satisfied
Case 3044,4,¡¢¥£,¤,¤,1.0,1.0,0.8,Satisfied
Case 3056,4,¡¢¥£,¤,¤,1.0,1.0,0.8,Satisfied
Case 3058,4,¡¢­¥,£¥£¤,¢£¤,0.5,0.5,0.8,Satisfied
Case 3059,4,¡¢­¥,£¤,¢£¤,0.6666666666666667,0.6666666666666666,0.8,Satisfied
Case 3061,4,¡¢­¥,£¤,¢£¤,0.6666666666666667,0.6666666666666666,0.8,Satisfied
Case 3071,4,¡¢¦­,¥£¤,£¤,0.6666666666666667,0.6666666666666666,0.8,Satisfied
Case 3073,4,¡¢¥£,¤,¤,1.0,1.0,0.8,Satisfied
Case 3077,4,¡­¥£,¤,¤,1.0,1.0,0.8,Satisfied
Case 3078,4,¡¢¥£,¤,¤,1.0,1.0,0.8,Satisfied
Case 308,4,¡¢¥£,¤,¤,1.0,1.0,0.8,Satisfied
Case 3082,4,¡¡¢¥,£¤,¢£¤,0.6666666666666667,0.6666666666666666,0.8,Satisfied
Case 3083,4,¡¢¥£,¤,¤,1.0,1.0,0.8,Satisfied
Case 3086,4,¡¢¥£,¤,¤,1.0,1.0,0.8,Satisfied
Case 3095,4,¡¢¥£,¤,¤,1.0,1.0,0.8,Satisfied
Case 31,4,¡¢¦­,¥£¤,£¤,0.6666666666666667,0.6666666666666666,0.8,Satisfied
Case 3103,4,¡¢­¥,£¤,¢£¤,0.6666666666666667,0.6666666666666666,0.8,Satisfied
Case 3112,4,¡¢¥£,¤,¤,1.0,1.0,0.8,Satisfied
Case 3113,4,¡¢¥¥,¢¥£¤,¢£¤,0.75,0.75,0.8,Satisfied
Case 3118,4,¡¢¥¥,¦£¤,¢£¤,0.6666666666666667,0.5,0.8,Satisfied
Case 3121,4,¡¢¥£,¡¢¥£¤,¤,0.19999999999999996,0.19999999999999996,0.8,Satisfied
Case 3126,4,¡¢¥£,¤,¤,1.0,1.0,0.8,Satisfied
Case 3128,4,¡¢¥£,¤,¤,1.0,1.0,0.8,Satisfied
Case 313,4,¡¢¥­,¥£¥£¤,£¤,0.4,0.6666666666666666,0.8,Satisfied
Case 3139,4,¡¢­¢,¥£¤,£¤,0.6666666666666667,0.6666666666666666,0.8,Satisfied
Case 3142,4,¡¢¥£,¤,¤,1.0,1.0,0.8,Satisfied
Case 3145,4,¡¢¥£,¤,¤,1.0,1.0,0.8,Satisfied
Case 317,4,¡¢­¥,£¤,¢£¤,0.6666666666666667,0.6666666666666666,0.8,Satisfied
Case 3172,4,¡¢¥£,¤,¤,1.0,1.0,0.8,Satisfied
Case 3176,4,¡¢­¥,£¤,¢£¤,0.6666666666666667,0.6666666666666666,0.8,Satisfied
Case 3180,4,¡¢¥£,¤,¤,1.0,1.0,0.8,Satisfied
Case 3182,4,¡¢¥£,¤,¤,1.0,1.0,0.8,Satisfied
Case 3184,4,¡¢¥£,¤,¤,1.0,1.0,0.8,Satisfied
Case 3186,4,¡¢¥£,¤,¤,1.0,1.0,0.8,Satisfied
Case 3188,4,¡¢¥£,¤,¤,1.0,1.0,0.8,Satisfied
Case 3192,4,¡¢¦¥,£¤,¢£¤,0.6666666666666667,0.6666666666666666,0.8,Satisfied
Case 3212,4,¡¢¥£,¤,¤,1.0,1.0,0.8,Satisfied
Case 3214,4,¡¢¦¥,£¤,¢£¤,0.6666666666666667,0.6666666666666666,0.8,Satisfied
Case 3222,4,¡¢¥£,¤,¤,1.0,1.0,0.8,Satisfied
Case 3229,4,¡¢¥£,¤,¤,1.0,1.0,0.8,Satisfied
Case 323,4,¡¢¥£,¤,¤,1.0,1.0,0.8,Satisfied
Case 3231,4,¡¢¥£,¤,¤,1.0,1.0,0.8,Satisfied
Case 3233,4,¡¢¥£,¤,¤,1.0,1.0,0.8,Satisfied
Case 3240,4,¡¢¥£,¤,¤,1.0,1.0,0.8,Satisfied
Case 3249,4,¡¢­­,¢¥£¥£¤,£¤,0.33333333333333337,0.5,0.8,Satisfied
Case 3251,4,¡¢¥£,¤,¤,1.0,1.0,0.8,Satisfied
Case 3253,4,¡¢¥£,¤,¤,1.0,1.0,0.8,Satisfied
Case 326,4,¡¢­­,¥£¤,£¤,0.6666666666666667,0.6666666666666666,0.8,Satisfied
Case 3260,4,¡¢¥£,¤,¤,1.0,1.0,0.8,Satisfied
Case 3262,4,¡¢¥£,¤,¤,1.0,1.0,0.8,Satisfied
Case 3273,4,¡¢¥£,¤,¤,1.0,1.0,0.8,Satisfied
Case 3276,4,¡¢­¥,£¤,¢£¤,0.6666666666666667,0.6666666666666666,0.8,Satisfied
Case 3288,4,¡¢¥£,¥£¤,¤,0.33333333333333337,0.33333333333333326,0.8,Satisfied
Case 3289,4,¡¢¥£,¤,¤,1.0,1.0,0.8,Satisfied
Case 3294,4,¡¢¥¢,£¤,£¤,1.0,1.0,0.8,Satisfied
Case 33,4,¡¢¥£,¤,¤,1.0,1.0,0.8,Satisfied
Case 331,4,¡¢­¥,£¤,¢£¤,0.6666666666666667,0.6666666666666666,0.8,Satisfied
Case 3314,4,¡¢¥£,¤,¤,1.0,1.0,0.8,Satisfied
Case 3315,4,¡¢¥£,¤,¤,1.0,1.0,0.8,Satisfied
Case 332,4,¡¢¥£,¤,¤,1.0,1.0,0.8,Satisfied
Case 3323,4,¡¢¦­,­¥£,£¤,0.0,0.25,0.8,Satisfied
Case 3324,4,¡¢¥£,¤,¤,1.0,1.0,0.8,Satisfied
Case 333,4,¡¢¥£,¤,¤,1.0,1.0,0.8,Satisfied
Case 3331,4,¡¢¥£,¤,¤,1.0,1.0,0.8,Satisfied
Case 3334,4,¡¢¥£,¤,¤,1.0,1.0,0.8,Satisfied
Case 3336,4,¡¢¥£,¤,¤,1.0,1.0,0.8,Satisfied
Case 3338,4,¡­¥£,¤,¤,1.0,1.0,0.8,Satisfied
Case 3341,4,¡¢¥£,¤,¤,1.0,1.0,0.8,Satisfied
Case 3344,4,¡¥£¥,£¢¥£¥£¤,¢£¤,0.4285714285714286,0.75,0.8,Satisfied
Case 3349,4,¡¢¥£,¤,¤,1.0,1.0,0.8,Satisfied
Case 3351,4,¡¢¥£,¥£¤,¤,0.33333333333333337,0.33333333333333326,0.8,Satisfied
Case 3357,4,¡¢¥£,¤,¤,1.0,1.0,0.8,Satisfied
Case 3358,4,¡¢­¥,£¤,¢£¤,0.6666666666666667,0.6666666666666666,0.8,Satisfied
Case 3360,4,¡¢¥£,¤,¤,1.0,1.0,0.8,Satisfied
Case 3362,4,¡¢¥£,¤,¤,1.0,1.0,0.8,Satisfied
Case 337,4,¡¢¥£,¤,¤,1.0,1.0,0.8,Satisfied
Case 3372,4,¡¢¥£,¤,¤,1.0,1.0,0.8,Satisfied
Case 3373,4,¡¢¥£,¤,¤,1.0,1.0,0.8,Satisfied
Case 3376,4,¡¢¥£,¤,¤,1.0,1.0,0.8,Satisfied
Case 3382,4,¡¢¥£,¤,¤,1.0,1.0,0.8,Satisfied
Case 3398,4,¡¢¥£,¤,¤,1.0,1.0,0.8,Satisfied
Case 34,4,¡¢¥¥,£¤,¢£¤,0.6666666666666667,0.6666666666666666,0.8,Satisfied
Case 3403,4,¡¢¥£,¤,¤,1.0,1.0,0.8,Satisfied
Case 3409,4,¡¢¦¬,¬­,£¤,0.0,0.0,0.8,Satisfied
Case 3413,4,¡¢¥£,¤,¤,1.0,1.0,0.8,Satisfied
Case 3418,4,¡¢­¥,£¤,¢£¤,0.6666666666666667,0.6666666666666666,0.8,Satisfied
Case 3419,4,¡¢¥£,¤,¤,1.0,1.0,0.8,Satisfied
Case 3426,4,¡¢¥£,¤,¤,1.0,1.0,0.8,Satisfied
Case 3428,4,¡¢¥£,¤,¤,1.0,1.0,0.8,Satisfied
Case 343,4,¡¢¥£,¤,¤,1.0,1.0,0.8,Satisfied
Case 3436,4,¡¢¥¥,¥¥£¤,¢£¤,0.5,0.5,0.8,Satisfied
Case 3439,4,¢¥£¢,¥¢¥£¤,£¤,0.4,0.5,0.8,Satisfied
Case 3440,4,¡¢¥£,¤,¤,1.0,1.0,0.8,Satisfied
Case 3442,4,¡¢¥£,¤,¤,1.0,1.0,0.8,Satisfied
Case 3443,4,¡¢­¥,£,¢£¤,0.33333333333333337,0.33333333333333326,0.8,Satisfied
Case 3444,4,¡¦¦¬,¬­¥£¤,¥£¤,0.6,0.6,0.8,Satisfied
Case 3448,4,¡¢¥£,¤,¤,1.0,1.0,0.8,Satisfied
Case 3449,4,¡¡¢¥,£¤,¢£¤,0.6666666666666667,0.6666666666666666,0.8,Satisfied
Case 345,4,¡¢¥£,¤,¤,1.0,1.0,0.8,Satisfied
Case 3454,4,¡¢¢¥,£¤,¢£¤,0.6666666666666667,0.6666666666666666,0.8,Satisfied
Case 346,4,¡¥¥£,¤,¤,1.0,1.0,0.8,Satisfied
Case 3462,4,¡¢¥£,¤,¤,1.0,1.0,0.8,Satisfied
Case 3465,4,¡¢¥£,¤,¤,1.0,1.0,0.8,Satisfied
Case 3475,4,¡¢¥£,¤,¤,1.0,1.0,0.8,Satisfied
Case 348,4,¡¢¥£,¤,¤,1.0,1.0,0.8,Satisfied
Case 349,4,¡¢¥£,¤,¤,1.0,1.0,0.8,Satisfied
Case 3498,4,¡¢¥£,¤,¤,1.0,1.0,0.8,Satisfied
Case 3511,4,¡¢¥£,¤,¤,1.0,1.0,0.8,Satisfied
Case 3516,4,¡¢­¥,£¤,¢£¤,0.6666666666666667,0.6666666666666666,0.8,Satisfied
Case 3517,4,¡¢¥£,¤,¤,1.0,1.0,0.8,Satisfied
Case 3529,4,¡¢¥£,¤,¤,1.0,1.0,0.8,Satisfied
Case 3530,4,¡¢¥£,¤,¤,1.0,1.0,0.8,Satisfied
Case 3532,4,¡¢¥£,¤,¤,1.0,1.0,0.8,Satisfied
Case 3535,4,¡¢¥£,¤,¤,1.0,1.0,0.8,Satisfied
Case 3537,4,¡¢¥£,¤,¤,1.0,1.0,0.8,Satisfied
Case 3539,4,¡¢¥£,¤,¤,1.0,1.0,0.8,Satisfied
Case 3542,4,¡¢¥£,¤,¤,1.0,1.0,0.8,Satisfied
Case 3543,4,¡¢¥£,¤,¤,1.0,1.0,0.8,Satisfied
Case 3546,4,¡¢¥£,¤,¤,1.0,1.0,0.8,Satisfied
Case 3551,4,¡¢¥£,¤,¤,1.0,1.0,0.8,Satisfied
Case 3552,4,¡¢¥£,¤,¤,1.0,1.0,0.8,Satisfied
Case 3562,4,¡¢¥£,¢¥£¤,¤,0.25,0.25,0.8,Satisfied
Case 3563,4,¡¢¥£,¤,¤,1.0,1.0,0.8,Satisfied
Case 3565,4,¡¢¥£,¤,¤,1.0,1.0,0.8,Satisfied
Case 3567,4,¡¢¥£,¤,¤,1.0,1.0,0.8,Satisfied
Case 3582,4,¡¢¥£,¤,¤,1.0,1.0,0.8,Satisfied
Case 3583,4,¡¢¥£,¤,¤,1.0,1.0,0.8,Satisfied
Case 3592,4,¡¢¥£,¤,¤,1.0,1.0,0.8,Satisfied
Case 3599,4,¡¢¥£,¤,¤,1.0,1.0,0.8,Satisfied
Case 3600,4,¡¢¥£,¤,¤,1.0,1.0,0.8,Satisfied
Case 3601,4,¡¢¥£,¤,¤,1.0,1.0,0.8,Satisfied
Case 361,4,¡¢¥£,¢¥£¤,¤,0.25,0.25,0.8,Satisfied
Case 3613,4,¡¢­¥,£¤,¢£¤,0.6666666666666667,0.6666666666666666,0.8,Satisfied
Case 3614,4,¡¢¥£,¤,¤,1.0,1.0,0.8,Satisfied
Case 3638,4,¡¢¥£,¤,¤,1.0,1.0,0.8,Satisfied
Case 364,4,¡¢¥£,¤,¤,1.0,1.0,0.8,Satisfied
Case 3641,4,¡¢¥£,¤,¤,1.0,1.0,0.8,Satisfied
Case 3643,4,¡¢¥£,¤,¤,1.0,1.0,0.8,Satisfied
Case 3645,4,¡¢­¥,£¤,¢£¤,0.6666666666666667,0.6666666666666666,0.8,Satisfied
Case 3653,4,¡¢¥£,¤,¤,1.0,1.0,0.8,Satisfied
Case 3654,4,¡¢¥£,¤,¤,1.0,1.0,0.8,Satisfied
Case 3656,4,¡¢¥¥,£¤,¢£¤,0.6666666666666667,0.6666666666666666,0.8,Satisfied
Case 3657,4,¡¢¥£,¤,¤,1.0,1.0,0.8,Satisfied
Case 3662,4,¡¢¥¥,£¤,¢£¤,0.6666666666666667,0.6666666666666666,0.8,Satisfied
Case 3663,4,¡¢¥£,¤,¤,1.0,1.0,0.8,Satisfied
Case 3666,4,¡¢¥£,¤,¤,1.0,1.0,0.8,Satisfied
Case 3669,4,¡¡¢¥,¢­­£¤,¢£¤,0.6,0.75,0.8,Satisfied
Case 367,4,¡¥¥£,¤,¤,1.0,1.0,0.8,Satisfied
Case 3670,4,¡¢¥£,¤,¤,1.0,1.0,0.8,Satisfied
Case 3673,4,¡¢¥¢,¥£¤,£¤,0.6666666666666667,0.6666666666666666,0.8,Satisfied
Case 3674,4,¡¢¥£,¤,¤,1.0,1.0,0.8,Satisfied
Case 3676,4,¡¢¥£,¥£¤,¤,0.33333333333333337,0.33333333333333326,0.8,Satisfied
Case 3678,4,¡¢¥£,¤,¤,1.0,1.0,0.8,Satisfied
Case 3688,4,¡¡¢¥,£¤,¢£¤,0.6666666666666667,0.6666666666666666,0.8,Satisfied
Case 3692,4,¡¥£¢,¥£¤,£¤,0.6666666666666667,0.6666666666666666,0.8,Satisfied
Case 3696,4,¡¢¥£,¤,¤,1.0,1.0,0.8,Satisfied
Case 370,4,¡¢¥£,¤,¤,1.0,1.0,0.8,Satisfied
Case 3705,4,¡¢¥£,¢¥£¤,¤,0.25,0.25,0.8,Satisfied
Case 3708,4,¡¢¥£,¤,¤,1.0,1.0,0.8,Satisfied
Case 3738,4,¡¢¥£,¤,¤,1.0,1.0,0.8,Satisfied
Case 374,4,¡¢¥£,¤,¤,1.0,1.0,0.8,Satisfied
Case 3742,4,¡¢¥£,¤,¤,1.0,1.0,0.8,Satisfied
Case 3745,4,¡¢¥£,¤,¤,1.0,1.0,0.8,Satisfied
Case 3766,4,¡¢¥£,¤,¤,1.0,1.0,0.8,Satisfied
Case 3770,4,¡¢¥£,¤,¤,1.0,1.0,0.8,Satisfied
Case 3775,4,¡¢¥£,¤,¤,1.0,1.0,0.8,Satisfied
Case 3776,4,¡¡¢¥,£¤,¢£¤,0.6666666666666667,0.6666666666666666,0.8,Satisfied
Case 378,4,¡¢¥£,¤,¤,1.0,1.0,0.8,Satisfied
Case 3787,4,¡¢¥¢,£¤,£¤,1.0,1.0,0.8,Satisfied
Case 3798,4,¡¢¥£,¤,¤,1.0,1.0,0.8,Satisfied
Case 3802,4,§¡¥£,¤,¤,1.0,1.0,0.8,Satisfied
Case 3818,4,¡¢¥£,¤,¤,1.0,1.0,0.8,Satisfied
Case 3819,4,¡¢¥£,¤,¤,1.0,1.0,0.8,Satisfied
Case 382,4,¡¢¥¢,­£,£¤,0.0,0.33333333333333326,0.8,Satisfied
Case 3822,4,¡¢¥£,¤,¤,1.0,1.0,0.8,Satisfied
Case 3832,4,¡¢¥¥,£¢¥£¤,¢£¤,0.6,0.75,0.8,Satisfied
Case 384,4,¡¢¥£,¤,¤,1.0,1.0,0.8,Satisfied
Case 3844,4,¡¢¥£,¤,¤,1.0,1.0,0.8,Satisfied
Case 3857,4,¡¢¥£,¤,¤,1.0,1.0,0.8,Satisfied
Case 3864,4,¡¢¥£,¤,¤,1.0,1.0,0.8,Satisfied
Case 3865,4,¡¢­¥,£¤,¢£¤,0.6666666666666667,0.6666666666666666,0.8,Satisfied
Case 3877,4,¡¢¥£,¤,¤,1.0,1.0,0.8,Satisfied
Case 3884,4,¡¢¥¢,£¤,£¤,1.0,1.0,0.8,Satisfied
Case 3885,4,¡¢¥£,¤,¤,1.0,1.0,0.8,Satisfied
Case 3890,4,¡¢¥£,¤,¤,1.0,1.0,0.8,Satisfied
Case 3896,4,¡¢¥£,¤,¤,1.0,1.0,0.8,Satisfied
Case 3898,4,¡¢¥£,¤,¤,1.0,1.0,0.8,Satisfied
Case 3899,4,¡¢¥£,¤,¤,1.0,1.0,0.8,Satisfied
Case 39,4,¡¢¥£,¤,¤,1.0,1.0,0.8,Satisfied
Case 3905,4,¡¢¥£,¤,¤,1.0,1.0,0.8,Satisfied
Case 3912,4,¡¢¥£,¤,¤,1.0,1.0,0.8,Satisfied
Case 3928,4,¡¢¥£,¤,¤,1.0,1.0,0.8,Satisfied
Case 3930,4,¡¢¥£,¤,¤,1.0,1.0,0.8,Satisfied
Case 3933,4,¡¢¥£,¤,¤,1.0,1.0,0.8,Satisfied
Case 3943,4,¡¢¥£,¤,¤,1.0,1.0,0.8,Satisfied
Case 3946,4,¡¢¥£,¤,¤,1.0,1.0,0.8,Satisfied
Case 3957,4,¡¢¢¥,£¤,¢£¤,0.6666666666666667,0.6666666666666666,0.8,Satisfied
Case 3963,4,¡¢­­,¥£¥£¤,£¤,0.4,0.6666666666666666,0.8,Satisfied
Case 397,4,¡¢¥£,¤,¤,1.0,1.0,0.8,Satisfied
Case 3974,4,¡¢¥£,¤,¤,1.0,1.0,0.8,Satisfied
Case 3976,4,¡¢¥£,¤,¤,1.0,1.0,0.8,Satisfied
Case 3983,4,¡¢¥£,¤,¤,1.0,1.0,0.8,Satisfied
Case 399,4,¡¢¥£,¤,¤,1.0,1.0,0.8,Satisfied
Case 3992,4,¡¢­£,¤,¤,1.0,1.0,0.8,Satisfied
Case 4006,4,¡¢¥¢,¥£¤,£¤,0.6666666666666667,0.6666666666666666,0.8,Satisfied
Case 4009,4,¡¢¥£,¤,¤,1.0,1.0,0.8,Satisfied
Case 4017,4,¡¢¥£,¤,¤,1.0,1.0,0.8,Satisfied
Case 4026,4,¡¢¥¦,­£¤,£¤,0.6666666666666667,0.6666666666666666,0.8,Satisfied
Case 407,4,¡¢¥£,¤,¤,1.0,1.0,0.8,Satisfied
Case 4073,4,¡¢¥£,¤,¤,1.0,1.0,0.8,Satisfied
Case 4074,4,¡¢¥£,¤,¤,1.0,1.0,0.8,Satisfied
Case 408,4,¡¡¢¥,£¤,¢£¤,0.6666666666666667,0.6666666666666666,0.8,Satisfied
Case 4082,4,¡¢­£,¤,¤,1.0,1.0,0.8,Satisfied
Case 4084,4,¡¢¥£,¤,¤,1.0,1.0,0.8,Satisfied
Case 4107,4,¡¢¥¥,£¤,¢£¤,0.6666666666666667,0.6666666666666666,0.8,Satisfied
Case 412,4,¡¢¥£,¤,¤,1.0,1.0,0.8,Satisfied
Case 414,4,¡¡¢£,¤,¤,1.0,1.0,0.8,Satisfied
Case 4147,4,¡¢¥£,¤,¤,1.0,1.0,0.8,Satisfied
Case 4149,4,¡¢¥£,¤,¤,1.0,1.0,0.8,Satisfied
Case 4156,4,¡¢¥£,¤,¤,1.0,1.0,0.8,Satisfied
Case 4165,4,¡¡¢¥,£¤,¢£¤,0.6666666666666667,0.6666666666666666,0.8,Satisfied
Case 4172,4,¡¢¥£,¤,¤,1.0,1.0,0.8,Satisfied
Case 4185,4,¡¢­£,¤,¤,1.0,1.0,0.8,Satisfied
Case 4187,4,¡¢¥¢,¥,£¤,0.0,0.0,0.8,Satisfied
Case 4197,4,¡¡¡¢,£¤,£¤,1.0,1.0,0.8,Satisfied
Case 4255,4,¡¢££,¤,¤,1.0,1.0,0.8,Satisfied
Case 4257,4,¡¢¥£,¤,¤,1.0,1.0,0.8,Satisfied
Case 4259,4,¡¢¢£,¤,¤,1.0,1.0,0.8,Satisfied
Case 4269,4,¡¢¥£,¤,¤,1.0,1.0,0.8,Satisfied
Case 4300,4,¡¢¥¥,£¤,¢£¤,0.6666666666666667,0.6666666666666666,0.8,Satisfied
Case 4301,4,¡¢¥£,¤,¤,1.0,1.0,0.8,Satisfied
Case 4326,4,¡¢¥£,¤,¤,1.0,1.0,0.8,Satisfied
Case 433,4,¡¢¥¥,£¤,¢£¤,0.6666666666666667,0.6666666666666666,0.8,Satisfied
Case 4337,4,¡¢¥£,¤,¤,1.0,1.0,0.8,Satisfied
Case 4338,4,¡¢¥¢,¥£¤,£¤,0.6666666666666667,0.6666666666666666,0.8,Satisfied
Case 4348,4,¡¢­£,¤,¤,1.0,1.0,0.8,Satisfied
Case 435,4,¡¢­£,¤,¤,1.0,1.0,0.8,Satisfied
Case 4351,4,¡¢¥£,¤,¤,1.0,1.0,0.8,Satisfied
Case 4352,4,¡¢¥£,¤,¤,1.0,1.0,0.8,Satisfied
Case 4353,4,¡¢¢¥,¥£¤,¢£¤,0.6666666666666667,0.5,0.8,Satisfied
Case 4359,4,¡¢¥£,¤,¤,1.0,1.0,0.8,Satisfied
Case 4361,4,¡¢­£,¤,¤,1.0,1.0,0.8,Satisfied
Case 4365,4,¡¢¥£,¤,¤,1.0,1.0,0.8,Satisfied
Case 4369,4,¡¢¥£,¤,¤,1.0,1.0,0.8,Satisfied
Case 438,4,¡¢­¥,£¤,¢£¤,0.6666666666666667,0.6666666666666666,0.8,Satisfied
Case 4385,4,¡¡¢£,¤,¤,1.0,1.0,0.8,Satisfied
Case 4389,4,¡¢­£,¤,¤,1.0,1.0,0.8,Satisfied
Case 4398,4,¡¢¥¢,¥£¤,£¤,0.6666666666666667,0.6666666666666666,0.8,Satisfied
Case 4407,4,¡¢¥£,¤,¤,1.0,1.0,0.8,Satisfied
Case 4410,4,¡¢¥¢,£¤,£¤,1.0,1.0,0.8,Satisfied
Case 4417,4,¡¥££,¤,¤,1.0,1.0,0.8,Satisfied
Case 4421,4,¡¢¥£,¤,¤,1.0,1.0,0.8,Satisfied
Case 4423,4,¡¡¢£,¤,¤,1.0,1.0,0.8,Satisfied
Case 4424,4,¡¢¥£,¤,¤,1.0,1.0,0.8,Satisfied
Case 4426,4,¡¢¥£,¤,¤,1.0,1.0,0.8,Satisfied
Case 4431,4,¡¢¥£,¤,¤,1.0,1.0,0.8,Satisfied
Case 4456,4,¡¢¥£,¤,¤,1.0,1.0,0.8,Satisfied
Case 446,4,¡¢¥£,¤,¤,1.0,1.0,0.8,Satisfied
Case 4463,4,¡¢¦¦,¬¬­¦£,£¤,0.0,0.19999999999999996,0.8,Satisfied
Case 4465,4,¡¢¥£,¤,¤,1.0,1.0,0.8,Satisfied
Case 4478,4,¡¢¥¢,£¤,£¤,1.0,1.0,0.8,Satisfied
Case 4485,4,¡¢¥£,¤,¤,1.0,1.0,0.8,Satisfied
Case 4501,4,¢¥¢¥,£¤,¢£¤,0.6666666666666667,0.6666666666666666,0.8,Satisfied
Case 4506,4,¡¢¥£,¤,¤,1.0,1.0,0.8,Satisfied
Case 4511,4,¡¢­£,£¤,¤,0.5,0.5,0.8,Satisfied
Case 4558,4,¡¢¥£,¤,¤,1.0,1.0,0.8,Satisfied
Case 4563,4,¡¢¥£,¤,¤,1.0,1.0,0.8,Satisfied
Case 4575,4,¡¢¥£,¤,¤,1.0,1.0,0.8,Satisfied
Case 46,4,¡¢¢¥,£¤,¢£¤,0.6666666666666667,0.6666666666666666,0.8,Satisfied
Case 467,4,¡¢¥¢,­£¤,£¤,0.6666666666666667,0.6666666666666666,0.8,Satisfied
Case 470,4,¡¢¥£,¤,¤,1.0,1.0,0.8,Satisfied
Case 474,4,¡¡¡¢,¥£¤,£¤,0.6666666666666667,0.6666666666666666,0.8,Satisfied
Case 478,4,¡¡¢¥,£¤,¢£¤,0.6666666666666667,0.6666666666666666,0.8,Satisfied
Case 484,4,¡¢¥£,¤,¤,1.0,1.0,0.8,Satisfied
Case 496,4,¡¢¥£,¤,¤,1.0,1.0,0.8,Satisfied
Case 498,4,¡¢££,¤,¤,1.0,1.0,0.8,Satisfied
Case 503,4,¡¢¦­,£¤,£¤,1.0,1.0,0.8,Satisfied
Case 504,4,¡¢¥£,¤,¤,1.0,1.0,0.8,Satisfied
Case 506,4,¡¢­£,¤,¤,1.0,1.0,0.8,Satisfied
Case 520,4,¡¢££,¤,¤,1.0,1.0,0.8,Satisfied
Case 525,4,¡¡¢¥,¥,¢£¤,0.0,0.0,0.8,Satisfied
Case 527,4,¡¥¡¡,¢£¤,¢£¤,1.0,1.0,0.8,Satisfied
Case 529,4,¡¥¥£,¤,¤,1.0,1.0,0.8,Satisfied
Case 530,4,¡¢¥¥,¥£¤,¢£¤,0.6666666666666667,0.5,0.8,Satisfied
Case 532,4,¡¢£¢,¥£¤,£¤,0.6666666666666667,0.6666666666666666,0.8,Satisfied
Case 553,4,¡¢¥£,¤,¤,1.0,1.0,0.8,Satisfied
Case 558,4,¡¢¢£,¤,¤,1.0,1.0,0.8,Satisfied
Case 559,4,¡¢¥£,¤,¤,1.0,1.0,0.8,Satisfied
Case 566,4,¡¢¥¢,¥£¤,£¤,0.6666666666666667,0.6666666666666666,0.8,Satisfied
Case 575,4,¡¢¥£,¤,¤,1.0,1.0,0.8,Satisfied
Case 58,4,¡¦­£,¤,¤,1.0,1.0,0.8,Satisfied
Case 595,4,¡¢¥£,¤,¤,1.0,1.0,0.8,Satisfied
Case 603,4,¡¢££,¤,¤,1.0,1.0,0.8,Satisfied
Case 622,4,¡¢¦£,¤,¤,1.0,1.0,0.8,Satisfied
Case 624,4,¡¢¥£,¤,¤,1.0,1.0,0.8,Satisfied
Case 626,4,¡¢¥£,¤,¤,1.0,1.0,0.8,Satisfied
Case 631,4,¢¥¢¥,£¤,¢£¤,0.6666666666666667,0.6666666666666666,0.8,Satisfied
Case 638,4,¡¢¥¢,¥£¤,£¤,0.6666666666666667,0.6666666666666666,0.8,Satisfied
Case 639,4,¡¢¥£,¤,¤,1.0,1.0,0.8,Satisfied
Case 65,4,¡¢¥£,¤,¤,1.0,1.0,0.8,Satisfied
Case 656,4,¡¢¥£,£¤,¤,0.5,0.5,0.8,Satisfied
Case 664,4,¡¢¥£,¤,¤,1.0,1.0,0.8,Satisfied
Case 7,4,¡¡¡¢,£¤,£¤,1.0,1.0,0.8,Satisfied
Case 708,4,¡¢¥£,¤,¤,1.0,1.0,0.8,Satisfied
Case 732,4,¡¦¢¦,­®«£¤,£¤,0.4,0.4,0.8,Satisfied
Case 747,4,¡¢¥£,¤,¤,1.0,1.0,0.8,Satisfied
Case 757,4,¡¢­¥,£¤,¢£¤,0.6666666666666667,0.6666666666666666,0.8,Satisfied
Case 77,4,¡¢¥£,¤,¤,1.0,1.0,0.8,Satisfied
Case 775,4,¡¢¥£,¤,¤,1.0,1.0,0.8,Satisfied
Case 780,4,¡¢¥£,¤,¤,1.0,1.0,0.8,Satisfied
Case 782,4,¡¢¥£,¤,¤,1.0,1.0,0.8,Satisfied
Case 79,4,¡¢¥¥,£¤,¢£¤,0.6666666666666667,0.6666666666666666,0.8,Satisfied
Case 805,4,¡¢¥£,¤,¤,1.0,1.0,0.8,Satisfied
Case 809,4,¡¢¥£,¤,¤,1.0,1.0,0.8,Satisfied
Case 82,4,¡¢¥£,¤,¤,1.0,1.0,0.8,Satisfied
Case 826,4,¡¢¥£,¤,¤,1.0,1.0,0.8,Satisfied
Case 83,4,¡¢¥£,¤,¤,1.0,1.0,0.8,Satisfied
Case 831,4,¡¢¥£,¤,¤,1.0,1.0,0.8,Satisfied
Case 845,4,¡¢¥£,¤,¤,1.0,1.0,0.8,Satisfied
Case 856,4,¡¢¥£,¤,¤,1.0,1.0,0.8,Satisfied
Case 868,4,¡¢¦£,¤,¤,1.0,1.0,0.8,Satisfied
Case 876,4,¡¢¥£,¤,¤,1.0,1.0,0.8,Satisfied
Case 881,4,¡¢¥£,¤,¤,1.0,1.0,0.8,Satisfied
Case 894,4,¡¢¥¥,£¤,¢£¤,0.6666666666666667,0.6666666666666666,0.8,Satisfied
Case 911,4,¡¢¢£,¤,¤,1.0,1.0,0.8,Satisfied
Case 939,4,¡¢¥¥,£¤,¢£¤,0.6666666666666667,0.6666666666666666,0.8,Satisfied
Case 951,4,¡¢¥£,¤,¤,1.0,1.0,0.8,Satisfied
Case 961,4,¡¢¥£,¤,¤,1.0,1.0,0.8,Satisfied
Case 986,4,¡¢¥£,¤,¤,1.0,1.0,0.8,Satisfied
Case 988,4,¡¢¥£,¤,¤,1.0,1.0,0.8,Satisfied
Case 989,4,¡¢¥£,¤,¤,1.0,1.0,0.8,Satisfied
Case 998,4,¡¢¥£,¤,¤,1.0,1.0,0.8,Satisfied
Case 1,4,¡¢¢¥,£¤,¢£¤,0.6666666666666667,0.6666666666666666,0.9,Satisfied
Case 100,4,¡¢­¥,£¤,¢£¤,0.6666666666666667,0.6666666666666666,0.9,Satisfied
Case 1001,4,¡¢¥£,¤,¤,1.0,1.0,0.9,Satisfied
Case 1007,4,¡¢¥£,¤,¤,1.0,1.0,0.9,Satisfied
Case 1010,4,¡¢­¥,£¤,¢£¤,0.6666666666666667,0.6666666666666666,0.9,Satisfied
Case 1017,4,¡¢¥£,¥£¤,¤,0.33333333333333337,0.33333333333333326,0.9,Satisfied
Case 1019,4,¡¢¥£,¤,¤,1.0,1.0,0.9,Satisfied
Case 1023,4,¡¥£¥,£¤,¢£¤,0.6666666666666667,0.6666666666666666,0.9,Satisfied
Case 1026,4,¡¢­¥,£¤,¢£¤,0.6666666666666667,0.6666666666666666,0.9,Satisfied
Case 1027,4,¡¢¥£,¤,¤,1.0,1.0,0.9,Satisfied
Case 1043,4,¡¢¥£,¤,¤,1.0,1.0,0.9,Satisfied
Case 105,4,¡¢¥£,¤,¤,1.0,1.0,0.9,Satisfied
Case 1054,4,¡¢¥£,¤,¤,1.0,1.0,0.9,Satisfied
Case 1057,4,¡¢­¥,£¤,¢£¤,0.6666666666666667,0.6666666666666666,0.9,Satisfied
Case 107,4,¡¢¥£,¤,¤,1.0,1.0,0.9,Satisfied
Case 1070,4,¡¢¥£,¢¥£¤,¤,0.25,0.25,0.9,Satisfied
Case 1075,4,¡¢¥£,¤,¤,1.0,1.0,0.9,Satisfied
Case 1079,4,¡¢¥¥,£¤,¢£¤,0.6666666666666667,0.6666666666666666,0.9,Satisfied
Case 1087,4,¡¢¥£,¢¥£¤,¤,0.25,0.25,0.9,Satisfied
Case 1088,4,¡¥£¥,£¤,¢£¤,0.6666666666666667,0.6666666666666666,0.9,Satisfied
Case 1096,4,¡¢¥£,¤,¤,1.0,1.0,0.9,Satisfied
Case 1101,4,¡¢¥£,¤,¤,1.0,1.0,0.9,Satisfied
Case 1102,4,¡¢¥£,¥£¤,¤,0.33333333333333337,0.33333333333333326,0.9,Satisfied
Case 1104,4,¡¢¥£,¤,¤,1.0,1.0,0.9,Satisfied
Case 1109,4,¡¢¥£,¤,¤,1.0,1.0,0.9,Satisfied
Case 1110,4,¡¢¥£,¤,¤,1.0,1.0,0.9,Satisfied
Case 1111,4,¡¢¥¢,£¤,£¤,1.0,1.0,0.9,Satisfied
Case 1112,4,¡¢¥¥,£¤,¢£¤,0.6666666666666667,0.6666666666666666,0.9,Satisfied
Case 1113,4,¡¢¥£,¤,¤,1.0,1.0,0.9,Satisfied
Case 1116,4,¡¢¥£,¤,¤,1.0,1.0,0.9,Satisfied
Case 1122,4,¡¢¥£,¤,¤,1.0,1.0,0.9,Satisfied
Case 1124,4,¡¢¥£,¤,¤,1.0,1.0,0.9,Satisfied
Case 1129,4,¡¢¥¢,£¤,£¤,1.0,1.0,0.9,Satisfied
Case 114,4,¡¢¥¢,¥£¤,£¤,0.6666666666666667,0.6666666666666666,0.9,Satisfied
Case 1142,4,¡¢¥­,¥£¤,£¤,0.6666666666666667,0.6666666666666666,0.9,Satisfied
Case 1144,4,¡¥£¢,­¥£¤,£¤,0.5,0.5,0.9,Satisfied
Case 1145,4,¡¢¥£,¤,¤,1.0,1.0,0.9,Satisfied
Case 115,4,¡¢¥¥,£¤,¢£¤,0.6666666666666667,0.6666666666666666,0.9,Satisfied
Case 1156,4,¡¢¥£,¤,¤,1.0,1.0,0.9,Satisfied
Case 1159,4,¡¢¥£,¤,¤,1.0,1.0,0.9,Satisfied
Case 1164,4,¡¢¥£,¤,¤,1.0,1.0,0.9,Satisfied
Case 1176,4,¡¢¥£,¤,¤,1.0,1.0,0.9,Satisfied
Case 1179,4,¡¢¥£,¤,¤,1.0,1.0,0.9,Satisfied
Case 1185,4,¡¢¥£,¤,¤,1.0,1.0,0.9,Satisfied
Case 1193,4,¡¢¥£,¤,¤,1.0,1.0,0.9,Satisfied
Case 12,4,¡¢¥£,¤,¤,1.0,1.0,0.9,Satisfied
Case 1221,4,¡¢¥£,¤,¤,1.0,1.0,0.9,Satisfied
Case 1235,4,¡¢¥¥,£¤,¢£¤,0.6666666666666667,0.6666666666666666,0.9,Satisfied
Case 1238,4,¡¢¥­,£¤,£¤,1.0,1.0,0.9,Satisfied
Case 1239,4,¡¢¥£,¤,¤,1.0,1.0,0.9,Satisfied
Case 1246,4,¡¢¥£,¤,¤,1.0,1.0,0.9,Satisfied
Case 1249,4,§¥¥¥,¥,¢£¤,0.0,0.0,0.9,Satisfied
Case 1250,4,¢¥£¢,¥£¤,£¤,0.6666666666666667,0.6666666666666666,0.9,Satisfied
Case 1254,4,¡¡¥¥,£¤,¢£¤,0.6666666666666667,0.6666666666666666,0.9,Satisfied
Case 1261,4,¢¢¥£,¤,¤,1.0,1.0,0.9,Satisfied
Case 1269,4,¡¢¢¥,£¤,¢£¤,0.6666666666666667,0.6666666666666666,0.9,Satisfied
Case 1272,4,¡¢¥£,¤,¤,1.0,1.0,0.9,Satisfied
Case 1275,4,¡¢¥£,¤,¤,1.0,1.0,0.9,Satisfied
Case 1290,4,¡¢¥£,¤,¤,1.0,1.0,0.9,Satisfied
Case 1292,4,¡¢¥£,¤,¤,1.0,1.0,0.9,Satisfied
Case 1299,4,¡¢¥£,¤,¤,1.0,1.0,0.9,Satisfied
Case 13,4,¡¢¥£,¤,¤,1.0,1.0,0.9,Satisfied
Case 1301,4,¡¢¥£,¤,¤,1.0,1.0,0.9,Satisfied
Case 1303,4,¡¢­¥,£¤,¢£¤,0.6666666666666667,0.6666666666666666,0.9,Satisfied
Case 1304,4,¡¢¥£,¤,¤,1.0,1.0,0.9,Satisfied
Case 1305,4,¡¢¥£,¤,¤,1.0,1.0,0.9,Satisfied
Case 131,4,¡¢¥£,¤,¤,1.0,1.0,0.9,Satisfied
Case 1313,4,¡¢¥£,¤,¤,1.0,1.0,0.9,Satisfied
Case 1314,4,¡¢¦¥,£¤,¢£¤,0.6666666666666667,0.6666666666666666,0.9,Satisfied
Case 1315,4,¡¢¥£,¤,¤,1.0,1.0,0.9,Satisfied
Case 1318,4,¡¢­¥,£¤,¢£¤,0.6666666666666667,0.6666666666666666,0.9,Satisfied
Case 1319,4,¡¢¥£,¤,¤,1.0,1.0,0.9,Satisfied
Case 1323,4,¡¢¥£,¤,¤,1.0,1.0,0.9,Satisfied
Case 1330,4,¡¥£¥,£¤,¢£¤,0.6666666666666667,0.6666666666666666,0.9,Satisfied
Case 1332,4,¡¢¥£,¤,¤,1.0,1.0,0.9,Satisfied
Case 1356,4,¡¢¥£,¤,¤,1.0,1.0,0.9,Satisfied
Case 1358,4,¡¢¥£,¤,¤,1.0,1.0,0.9,Satisfied
Case 1364,4,¡¢¥­,­£¤,£¤,0.6666666666666667,0.6666666666666666,0.9,Satisfied
Case 1366,4,¡¢¥£,¤,¤,1.0,1.0,0.9,Satisfied
Case 1371,4,¡¥£¥,£¤,¢£¤,0.6666666666666667,0.6666666666666666,0.9,Satisfied
Case 1375,4,¡¢¥£,¤,¤,1.0,1.0,0.9,Satisfied
Case 1384,4,¡¥£¥,£¤,¢£¤,0.6666666666666667,0.6666666666666666,0.9,Satisfied
Case 1386,4,¡¢¥£,¥£¤,¤,0.33333333333333337,0.33333333333333326,0.9,Satisfied
Case 1387,4,¡¢¥£,¤,¤,1.0,1.0,0.9,Satisfied
Case 1388,4,¡¢­­,¥£¤,£¤,0.6666666666666667,0.6666666666666666,0.9,Satisfied
Case 1393,4,¡¡¢¥,£¤,¢£¤,0.6666666666666667,0.6666666666666666,0.9,Satisfied
Case 1396,4,¡¢¥£,¤,¤,1.0,1.0,0.9,Satisfied
Case 1397,4,¡¢¥£,¤,¤,1.0,1.0,0.9,Satisfied
Case 1398,4,¡¢¥£,¤,¤,1.0,1.0,0.9,Satisfied
Case 140,4,¡¢¥£,¤,¤,1.0,1.0,0.9,Satisfied
Case 1407,4,¡¢¥¢,¥£¤,£¤,0.6666666666666667,0.6666666666666666,0.9,Satisfied
Case 1409,4,¡¢¥£,¤,¤,1.0,1.0,0.9,Satisfied
Case 1420,4,¡¢¨¥,£¤,¢£¤,0.6666666666666667,0.6666666666666666,0.9,Satisfied
Case 143,4,¡¢¥£,¤,¤,1.0,1.0,0.9,Satisfied
Case 1432,4,¡¢¥£,¤,¤,1.0,1.0,0.9,Satisfied
Case 1433,4,¡¢¥£,¤,¤,1.0,1.0,0.9,Satisfied
Case 144,4,¡¢¥£,¤,¤,1.0,1.0,0.9,Satisfied
Case 1441,4,¡¢¥£,¤,¤,1.0,1.0,0.9,Satisfied
Case 1445,4,¡¢¥£,¤,¤,1.0,1.0,0.9,Satisfied
Case 1449,4,¡¥¢¥,£¤,¢£¤,0.6666666666666667,0.6666666666666666,0.9,Satisfied
Case 145,4,¡¢­¥,£¤,¢£¤,0.6666666666666667,0.6666666666666666,0.9,Satisfied
Case 1450,4,¡¢¥£,¤,¤,1.0,1.0,0.9,Satisfied
Case 1451,4,¡¢­¥,£¥£¤,¢£¤,0.5,0.5,0.9,Satisfied
Case 1457,4,¡¢¥£,¤,¤,1.0,1.0,0.9,Satisfied
Case 1460,4,¡¢¥¢,¥£¤,£¤,0.6666666666666667,0.6666666666666666,0.9,Satisfied
Case 1464,4,¡¢¥£,¤,¤,1.0,1.0,0.9,Satisfied
Case 1465,4,¡¢¥£,¤,¤,1.0,1.0,0.9,Satisfied
Case 1466,4,¡¢¥£,¤,¤,1.0,1.0,0.9,Satisfied
Case 147,4,¡¢¥£,¤,¤,1.0,1.0,0.9,Satisfied
Case 1471,4,¡¢­¥,£¤,¢£¤,0.6666666666666667,0.6666666666666666,0.9,Satisfied
Case 1478,4,¡¡¢¥,¢¥£¤,¢£¤,0.75,0.75,0.9,Satisfied
Case 1484,4,¡¢¥£,¤,¤,1.0,1.0,0.9,Satisfied
Case 1487,4,¡¢¥£,¤,¤,1.0,1.0,0.9,Satisfied
Case 1495,4,¡¢­­,¥£¤,£¤,0.6666666666666667,0.6666666666666666,0.9,Satisfied
Case 15,4,¡¡¢¥,£¤,¢£¤,0.6666666666666667,0.6666666666666666,0.9,Satisfied
Case 1500,4,¡¥£¥,£¤,¢£¤,0.6666666666666667,0.6666666666666666,0.9,Satisfied
Case 1501,4,¢¥£¥,£¤,¢£¤,0.6666666666666667,0.6666666666666666,0.9,Satisfied
Case 1506,4,¡¥¥¢,£¥£¤,£¤,0.5,0.6666666666666666,0.9,Satisfied
Case 1507,4,¡¢¥£,¤,¤,1.0,1.0,0.9,Satisfied
Case 1509,4,¡¢¥£,¤,¤,1.0,1.0,0.9,Satisfied
Case 1510,4,¡¢¥£,¤,¤,1.0,1.0,0.9,Satisfied
Case 1519,4,¡¥£¥,£¤,¢£¤,0.6666666666666667,0.6666666666666666,0.9,Satisfied
Case 1535,4,¡¡¡¥,£¤,¢£¤,0.6666666666666667,0.6666666666666666,0.9,Satisfied
Case 154,4,¡¢¥£,¤,¤,1.0,1.0,0.9,Satisfied
Case 1543,4,¡¢¥£,¤,¤,1.0,1.0,0.9,Satisfied
Case 1553,4,¡¢¥£,¤,¤,1.0,1.0,0.9,Satisfied
Case 156,4,¡¢¥£,¤,¤,1.0,1.0,0.9,Satisfied
Case 1562,4,¡¢¥£,¤,¤,1.0,1.0,0.9,Satisfied
Case 1570,4,¡¢¥£,¤,¤,1.0,1.0,0.9,Satisfied
Case 1571,4,¡¢¥¥,¥¥¥,¢£¤,0.0,0.0,0.9,Satisfied
Case 1574,4,¡¢¥£,¤,¤,1.0,1.0,0.9,Satisfied
Case 1577,4,§¡¡¢,¥£¤,£¤,0.6666666666666667,0.6666666666666666,0.9,Satisfied
Case 1580,4,¡¢¥£,¤,¤,1.0,1.0,0.9,Satisfied
Case 1587,4,¡¢¥£,¤,¤,1.0,1.0,0.9,Satisfied
Case 1603,4,¡¥£¥,£¤,¢£¤,0.6666666666666667,0.6666666666666666,0.9,Satisfied
Case 1604,4,¡¢¥£,¤,¤,1.0,1.0,0.9,Satisfied
Case 1605,4,¡¢¢¥,£¤,¢£¤,0.6666666666666667,0.6666666666666666,0.9,Satisfied
Case 1609,4,¡¢¥£,¤,¤,1.0,1.0,0.9,Satisfied
Case 1610,4,¡¢¥£,¤,¤,1.0,1.0,0.9,Satisfied
Case 1615,4,¡¢¥£,¤,¤,1.0,1.0,0.9,Satisfied
Case 1650,4,¡¦¦¬,¬­¥£¤,¥£¤,0.6,0.6,0.9,Satisfied
Case 1655,4,¡¢¥£,¤,¤,1.0,1.0,0.9,Satisfied
Case 1658,4,¡¢­¥,£¤,¢£¤,0.6666666666666667,0.6666666666666666,0.9,Satisfied
Case 1671,4,¡¢¥£,¤,¤,1.0,1.0,0.9,Satisfied
Case 1674,4,¡¢¥£,¤,¤,1.0,1.0,0.9,Satisfied
Case 1675,4,¡¢¥£,¤,¤,1.0,1.0,0.9,Satisfied
Case 1679,4,¡¢¥£,¤,¤,1.0,1.0,0.9,Satisfied
Case 1681,4,¡¢¥£,¤,¤,1.0,1.0,0.9,Satisfied
Case 1682,4,¡¢¥£,¤,¤,1.0,1.0,0.9,Satisfied
Case 1691,4,§¡¢¥,£¤,£¤,1.0,1.0,0.9,Satisfied
Case 1697,4,¡¢¥£,¤,¤,1.0,1.0,0.9,Satisfied
Case 1704,4,¡¢¥£,¤,¤,1.0,1.0,0.9,Satisfied
Case 1709,4,¡¢¥£,¤,¤,1.0,1.0,0.9,Satisfied
Case 1711,4,¡¢¥£,¤,¤,1.0,1.0,0.9,Satisfied
Case 1718,4,¡¢¥£,¤,¤,1.0,1.0,0.9,Satisfied
Case 1723,4,¡¢¥£,¤,¤,1.0,1.0,0.9,Satisfied
Case 1730,4,¡¢¥£,¤,¤,1.0,1.0,0.9,Satisfied
Case 1735,4,¡­¥£,¥£¤,¤,0.33333333333333337,0.33333333333333326,0.9,Satisfied
Case 1746,4,¡¢¥£,¤,¤,1.0,1.0,0.9,Satisfied
Case 1754,4,¡¢¥£,¤,¤,1.0,1.0,0.9,Satisfied
Case 1760,4,¡¢¥£,¢¥¢£¤,¤,0.19999999999999996,0.25,0.9,Satisfied
Case 1761,4,¡¢¥£,¤,¤,1.0,1.0,0.9,Satisfied
Case 1764,4,¡­¥£,¥£¤,¤,0.33333333333333337,0.33333333333333326,0.9,Satisfied
Case 1771,4,¡¢¥£,¤,¤,1.0,1.0,0.9,Satisfied
Case 1772,4,¡¢¥£,¤,¤,1.0,1.0,0.9,Satisfied
Case 1776,4,¡¢¥£,¤,¤,1.0,1.0,0.9,Satisfied
Case 1777,4,¡¢¥£,¤,¤,1.0,1.0,0.9,Satisfied
Case 1787,4,¡¢¥¥,£¥£¤,¢£¤,0.5,0.5,0.9,Satisfied
Case 1788,4,¡¢¥£,¤,¤,1.0,1.0,0.9,Satisfied
Case 1791,4,¡¢¥£,¤,¤,1.0,1.0,0.9,Satisfied
Case 1792,4,¡¢¥£,¤,¤,1.0,1.0,0.9,Satisfied
Case 1795,4,¡¢¥£,¤,¤,1.0,1.0,0.9,Satisfied
Case 1799,4,¡¢­¥,£¤,¢£¤,0.6666666666666667,0.6666666666666666,0.9,Satisfied
Case 18,4,¡¢¥£,¥£¤,¤,0.33333333333333337,0.33333333333333326,0.9,Satisfied
Case 1812,4,¡¢¥£,¤,¤,1.0,1.0,0.9,Satisfied
Case 1813,4,¡¢¥£,¤,¤,1.0,1.0,0.9,Satisfied
Case 1814,4,¡¢¥£,¤,¤,1.0,1.0,0.9,Satisfied
Case 1815,4,¡¢¥£,¤,¤,1.0,1.0,0.9,Satisfied
Case 1817,4,¡¢¥£,¤,¤,1.0,1.0,0.9,Satisfied
Case 1823,4,¡¢¥£,¤,¤,1.0,1.0,0.9,Satisfied
Case 1826,4,¡¢¥£,¤,¤,1.0,1.0,0.9,Satisfied
Case 1828,4,¡¢¥£,¤,¤,1.0,1.0,0.9,Satisfied
Case 1831,4,¡¢¥£,¤,¤,1.0,1.0,0.9,Satisfied
Case 184,4,¡¢¢¥,£¤,¢£¤,0.6666666666666667,0.6666666666666666,0.9,Satisfied
Case 1843,4,¡¡¥£,¤,¤,1.0,1.0,0.9,Satisfied
Case 1848,4,¡¢¥£,¤,¤,1.0,1.0,0.9,Satisfied
Case 1860,4,¡¢¥£,¤,¤,1.0,1.0,0.9,Satisfied
Case 1868,4,¡¢¥£,¤,¤,1.0,1.0,0.9,Satisfied
Case 1869,4,¡¢¥£,¤,¤,1.0,1.0,0.9,Satisfied
Case 1874,4,§¡¢¥,£¤,£¤,1.0,1.0,0.9,Satisfied
Case 1882,4,¡¢¥£,¤,¤,1.0,1.0,0.9,Satisfied
Case 1884,4,¡¢¥£,¤,¤,1.0,1.0,0.9,Satisfied
Case 1887,4,¡¢¥£,¤,¤,1.0,1.0,0.9,Satisfied
Case 1892,4,¡¢¥£,¤,¤,1.0,1.0,0.9,Satisfied
Case 1894,4,¡¢¥£,¤,¤,1.0,1.0,0.9,Satisfied
Case 1900,4,¡¢¥£,¤,¤,1.0,1.0,0.9,Satisfied
Case 1901,4,¡¢¥£,¤,¤,1.0,1.0,0.9,Satisfied
Case 1903,4,¡¢¥£,¤,¤,1.0,1.0,0.9,Satisfied
Case 191,4,¡¡¢¥,£¤,¢£¤,0.6666666666666667,0.6666666666666666,0.9,Satisfied
Case 1915,4,¡¢¥£,¤,¤,1.0,1.0,0.9,Satisfied
Case 1916,4,¡¢¥£,¤,¤,1.0,1.0,0.9,Satisfied
Case 192,4,¡¡¢¥,£¤¢¥£¤,¢£¤,0.5,0.75,0.9,Satisfied
Case 1924,4,¡¢¥£,¤,¤,1.0,1.0,0.9,Satisfied
Case 193,4,¡¢¥£,¤,¤,1.0,1.0,0.9,Satisfied
Case 1946,4,¡¢¥£,¤,¤,1.0,1.0,0.9,Satisfied
Case 1961,4,¡¢¥£,¤,¤,1.0,1.0,0.9,Satisfied
Case 1968,4,¡¢¥£,¤,¤,1.0,1.0,0.9,Satisfied
Case 1975,4,¡¢¥£,¤,¤,1.0,1.0,0.9,Satisfied
Case 1978,4,¡¥¢¥,£¤,¢£¤,0.6666666666666667,0.6666666666666666,0.9,Satisfied
Case 1980,4,¡¢¥£,¤,¤,1.0,1.0,0.9,Satisfied
Case 20,4,¡¢¥£,¤,¤,1.0,1.0,0.9,Satisfied
Case 2007,4,¡¢­¥,£¥£¤,¢£¤,0.5,0.5,0.9,Satisfied
Case 2013,4,¡¢¥£,¤,¤,1.0,1.0,0.9,Satisfied
Case 202,4,¡¢¥£,¤,¤,1.0,1.0,0.9,Satisfied
Case 2021,4,¡¢¥£,¤,¤,1.0,1.0,0.9,Satisfied
Case 2022,4,¡¡¡¥,£¤,¢£¤,0.6666666666666667,0.6666666666666666,0.9,Satisfied
Case 2035,4,¡¢¦­,¥£¤,£¤,0.6666666666666667,0.6666666666666666,0.9,Satisfied
Case 2050,4,¡¢¥£,¤,¤,1.0,1.0,0.9,Satisfied
Case 2059,4,¡¢¥£,¤,¤,1.0,1.0,0.9,Satisfied
Case 2062,4,¡¢¥£,¤,¤,1.0,1.0,0.9,Satisfied
Case 2068,4,¡¢¥£,¤,¤,1.0,1.0,0.9,Satisfied
Case 2074,4,¡¢¥£,¤,¤,1.0,1.0,0.9,Satisfied
Case 2081,4,¡¢­¥,£¤,¢£¤,0.6666666666666667,0.6666666666666666,0.9,Satisfied
Case 2083,4,¡¢¥£,¤,¤,1.0,1.0,0.9,Satisfied
Case 2092,4,¡¢¥£,¤,¤,1.0,1.0,0.9,Satisfied
Case 2093,4,¡¢¥£,¤,¤,1.0,1.0,0.9,Satisfied
Case 2097,4,¡¢¥£,¤,¤,1.0,1.0,0.9,Satisfied
Case 210,4,¡¢¥£,¤,¤,1.0,1.0,0.9,Satisfied
Case 2103,4,¡¢¥£,¤,¤,1.0,1.0,0.9,Satisfied
Case 2104,4,¡¢­¥,£¤,¢£¤,0.6666666666666667,0.6666666666666666,0.9,Satisfied
Case 2105,4,¡¢¥£,¤,¤,1.0,1.0,0.9,Satisfied
Case 2108,4,¡¢¥£,¤,¤,1.0,1.0,0.9,Satisfied
Case 2112,4,¡¢¥£,¤,¤,1.0,1.0,0.9,Satisfied
Case 2117,4,¡¥¥£,¢¥£¥£¤,¤,0.16666666666666663,0.25,0.9,Satisfied
Case 2121,4,¡¢¥£,¤,¤,1.0,1.0,0.9,Satisfied
Case 2123,4,¡¡¢¥,£¥£¤,¢£¤,0.5,0.5,0.9,Satisfied
Case 2126,4,¡¢¥£,¤,¤,1.0,1.0,0.9,Satisfied
Case 2134,4,¡¥¢£,¤,¤,1.0,1.0,0.9,Satisfied
Case 2141,4,¡¢¥£,¤,¤,1.0,1.0,0.9,Satisfied
Case 2142,4,¡¢¥£,¤,¤,1.0,1.0,0.9,Satisfied
Case 2143,4,¡¢­¥,£¤,¢£¤,0.6666666666666667,0.6666666666666666,0.9,Satisfied
Case 2152,4,¡¢¥£,¤,¤,1.0,1.0,0.9,Satisfied
Case 2156,4,¡¢¥£,¤,¤,1.0,1.0,0.9,Satisfied
Case 2157,4,¡¥£¥,£¤,¢£¤,0.6666666666666667,0.6666666666666666,0.9,Satisfied
Case 2163,4,¡¢¥£,¤,¤,1.0,1.0,0.9,Satisfied
Case 2167,4,¡¢¥£,¤,¤,1.0,1.0,0.9,Satisfied
Case 2168,4,¡¢¥¥,£¤,¢£¤,0.6666666666666667,0.6666666666666666,0.9,Satisfied
Case 2172,4,¡¢¥£,¤,¤,1.0,1.0,0.9,Satisfied
Case 2176,4,¡¢¥£,¤,¤,1.0,1.0,0.9,Satisfied
Case 2177,4,¡¥¥£,¤,¤,1.0,1.0,0.9,Satisfied
Case 2183,4,¡¢¥£,¤,¤,1.0,1.0,0.9,Satisfied
Case 2187,4,¡¢¥£,¤,¤,1.0,1.0,0.9,Satisfied
Case 2191,4,¡¢¥£,¤,¤,1.0,1.0,0.9,Satisfied
Case 2197,4,¡¢¥£,¤,¤,1.0,1.0,0.9,Satisfied
Case 2201,4,¡¢¥£,¤,¤,1.0,1.0,0.9,Satisfied
Case 2203,4,¡¢¥£,¤,¤,1.0,1.0,0.9,Satisfied
Case 2210,4,¡¢¥£,¤,¤,1.0,1.0,0.9,Satisfied
Case 2211,4,¡¢¥£,¤,¤,1.0,1.0,0.9,Satisfied
Case 2215,4,¡¢¥£,¤,¤,1.0,1.0,0.9,Satisfied
Case 2219,4,¡¢¥¢,£¤,£¤,1.0,1.0,0.9,Satisfied
Case 2220,4,¡¢¥£,¤,¤,1.0,1.0,0.9,Satisfied
Case 2227,4,¡¥£¥,£¤,¢£¤,0.6666666666666667,0.6666666666666666,0.9,Satisfied
Case 2228,4,¡¢¥£,¤,¤,1.0,1.0,0.9,Satisfied
Case 2236,4,¡¢¥£,¤,¤,1.0,1.0,0.9,Satisfied
Case 2239,4,¡¢¥£,¥£¢¥£¤,¤,0.16666666666666663,0.25,0.9,Satisfied
Case 2245,4,¡¢¥£,¤,¤,1.0,1.0,0.9,Satisfied
Case 2267,4,¡¢¥£,¤,¤,1.0,1.0,0.9,Satisfied
Case 2268,4,¡¢¥£,¤,¤,1.0,1.0,0.9,Satisfied
Case 2279,4,¡¢¥£,¤,¤,1.0,1.0,0.9,Satisfied
Case 2285,4,¡¥¢¥,£¤,¢£¤,0.6666666666666667,0.6666666666666666,0.9,Satisfied
Case 2290,4,¡¢¥£,¤,¤,1.0,1.0,0.9,Satisfied
Case 2296,4,¡¢¥£,¤,¤,1.0,1.0,0.9,Satisfied
Case 23,4,¡¢¥£,¤,¤,1.0,1.0,0.9,Satisfied
Case 230,4,¡¡¢¥,£¤,¢£¤,0.6666666666666667,0.6666666666666666,0.9,Satisfied
Case 2300,4,¡¢­­,¦­,£¤,0.0,0.0,0.9,Satisfied
Case 2302,4,¡¢¥£,¤,¤,1.0,1.0,0.9,Satisfied
Case 2308,4,¡¢¥£,¤,¤,1.0,1.0,0.9,Satisfied
Case 2315,4,¡¢¥£,¤,¤,1.0,1.0,0.9,Satisfied
Case 232,4,¡¢¥¥,£¥£¤,¢£¤,0.5,0.5,0.9,Satisfied
Case 2322,4,¡¢¥£,¤,¤,1.0,1.0,0.9,Satisfied
Case 2328,4,¡¢¥£,¤,¤,1.0,1.0,0.9,Satisfied
Case 233,4,¡¢¥£,¤,¤,1.0,1.0,0.9,Satisfied
Case 2330,4,¡¢¥£,¤,¤,1.0,1.0,0.9,Satisfied
Case 2335,4,¡¢¥£,¤,¤,1.0,1.0,0.9,Satisfied
Case 2342,4,¡¢¥¥,£¤,¢£¤,0.6666666666666667,0.6666666666666666,0.9,Satisfied
Case 2346,4,§¡¢¥,£¤,£¤,1.0,1.0,0.9,Satisfied
Case 2348,4,¡¢¥£,¤,¤,1.0,1.0,0.9,Satisfied
Case 235,4,§¡¢¥,£¤,£¤,1.0,1.0,0.9,Satisfied
Case 2356,4,¡¢¥¥,£¤,¢£¤,0.6666666666666667,0.6666666666666666,0.9,Satisfied
Case 2367,4,¡¢¥£,¤,¤,1.0,1.0,0.9,Satisfied
Case 2368,4,¡¢¥£,¥£¥£­¢¥£¤,¤,0.11111111111111116,0.19999999999999996,0.9,Satisfied
Case 237,4,¡¢­¥,£¤,¢£¤,0.6666666666666667,0.6666666666666666,0.9,Satisfied
Case 2374,4,¡¢¥£,¤,¤,1.0,1.0,0.9,Satisfied
Case 2375,4,¡¡¡¢,¥£¤,£¤,0.6666666666666667,0.6666666666666666,0.9,Satisfied
Case 2380,4,¡¢¥¢,£¤,£¤,1.0,1.0,0.9,Satisfied
Case 2381,4,¡¡¡¥,£¥£¤,¢£¤,0.5,0.5,0.9,Satisfied
Case 2390,4,¡¢¥£,¤,¤,1.0,1.0,0.9,Satisfied
Case 2391,4,¡¢¥£,¤,¤,1.0,1.0,0.9,Satisfied
Case 2398,4,¡¢¥£,¤,¤,1.0,1.0,0.9,Satisfied
Case 2399,4,¡¢¢¥,£¤,¢£¤,0.6666666666666667,0.6666666666666666,0.9,Satisfied
Case 2403,4,¡¢¥£,¤,¤,1.0,1.0,0.9,Satisfied
Case 2415,4,¡¢¥£,¤,¤,1.0,1.0,0.9,Satisfied
Case 2417,4,¡¢¥­,£¤,£¤,1.0,1.0,0.9,Satisfied
Case 242,4,¡¢¥£,¤,¤,1.0,1.0,0.9,Satisfied
Case 2431,4,¡¢¥£,¤,¤,1.0,1.0,0.9,Satisfied
Case 2432,4,¡¢¥£,¤,¤,1.0,1.0,0.9,Satisfied
Case 2436,4,¡¥£¤,¢,,0.0,0.0,0.9,Satisfied
Case 2447,4,¡¢¢¥,£¤,¢£¤,0.6666666666666667,0.6666666666666666,0.9,Satisfied
Case 2448,4,¡¢¥£,¤,¤,1.0,1.0,0.9,Satisfied
Case 2451,4,¡¢¦­,­¥£,£¤,0.0,0.25,0.9,Satisfied
Case 2452,4,¡¢¥£,¤,¤,1.0,1.0,0.9,Satisfied
Case 2455,4,¡¢¥£,¤,¤,1.0,1.0,0.9,Satisfied
Case 2458,4,¡¢¥£,¤,¤,1.0,1.0,0.9,Satisfied
Case 2465,4,¡¢¥£,¤,¤,1.0,1.0,0.9,Satisfied
Case 2466,4,¡¢­­,¥£¤,£¤,0.6666666666666667,0.6666666666666666,0.9,Satisfied
Case 247,4,§¢¥£,¤,¤,1.0,1.0,0.9,Satisfied
Case 2473,4,¡¢¥¢,¥£¤,£¤,0.6666666666666667,0.6666666666666666,0.9,Satisfied
Case 2474,4,¡¢¥£,¤,¤,1.0,1.0,0.9,Satisfied
Case 2476,4,¡¢­¥,£¤,¢£¤,0.6666666666666667,0.6666666666666666,0.9,Satisfied
Case 2481,4,¡¢­¥,£¤,¢£¤,0.6666666666666667,0.6666666666666666,0.9,Satisfied
Case 2490,4,¡¡¢¥,£¤,¢£¤,0.6666666666666667,0.6666666666666666,0.9,Satisfied
Case 2492,4,¡¢¥£,¤,¤,1.0,1.0,0.9,Satisfied
Case 2498,4,¡¢¥£,¤,¤,1.0,1.0,0.9,Satisfied
Case 2499,4,¡¢¥£,¤,¤,1.0,1.0,0.9,Satisfied
Case 2504,4,¡¢¥£,¤,¤,1.0,1.0,0.9,Satisfied
Case 2508,4,¡¢¥£,¤,¤,1.0,1.0,0.9,Satisfied
Case 2512,4,¡¢¥£,¥£¤,¤,0.33333333333333337,0.33333333333333326,0.9,Satisfied
Case 2514,4,¡¢¥¥,£¤,¢£¤,0.6666666666666667,0.6666666666666666,0.9,Satisfied
Case 2522,4,¡¢¥£,¥£¤,¤,0.33333333333333337,0.33333333333333326,0.9,Satisfied
Case 253,4,¡¢¥£,¤,¤,1.0,1.0,0.9,Satisfied
Case 2530,4,¡¢¥£,¤,¤,1.0,1.0,0.9,Satisfied
Case 2534,4,¡¢¥£,¤,¤,1.0,1.0,0.9,Satisfied
Case 2550,4,¡¢¥¥,£¥£¤,¢£¤,0.5,0.5,0.9,Satisfied
Case 2555,4,¡¢¥£,¤,¤,1.0,1.0,0.9,Satisfied
Case 2558,4,¡¢¥£,¤,¤,1.0,1.0,0.9,Satisfied
Case 2569,4,¡¢¥£,¤,¤,1.0,1.0,0.9,Satisfied
Case 2571,4,¡¢¥£,¤,¤,1.0,1.0,0.9,Satisfied
Case 2577,4,¡¢¥£,¤,¤,1.0,1.0,0.9,Satisfied
Case 2581,4,¡¡¢¥,£¤,¢£¤,0.6666666666666667,0.6666666666666666,0.9,Satisfied
Case 2585,4,¡¢¥£,¤,¤,1.0,1.0,0.9,Satisfied
Case 2591,4,¡¢¥£,¤,¤,1.0,1.0,0.9,Satisfied
Case 2593,4,¡­¥£,¤,¤,1.0,1.0,0.9,Satisfied
Case 2596,4,¡¢¥£,¤,¤,1.0,1.0,0.9,Satisfied
Case 2598,4,¡¢¥£,¤,¤,1.0,1.0,0.9,Satisfied
Case 2599,4,¡¢¥£,¤,¤,1.0,1.0,0.9,Satisfied
Case 2603,4,¡¢¥£,¤,¤,1.0,1.0,0.9,Satisfied
Case 2607,4,¡¢¥£,¤,¤,1.0,1.0,0.9,Satisfied
Case 2609,4,¡¢¥£,¤,¤,1.0,1.0,0.9,Satisfied
Case 261,4,¡¢¥£,¤,¤,1.0,1.0,0.9,Satisfied
Case 2611,4,¡¢¥£,¤,¤,1.0,1.0,0.9,Satisfied
Case 2613,4,¡¢¥¥,¥£¥£¤,¢£¤,0.4,0.5,0.9,Satisfied
Case 2614,4,¡¢¥£,¤,¤,1.0,1.0,0.9,Satisfied
Case 262,4,¡¢¥£,¥£¤,¤,0.33333333333333337,0.33333333333333326,0.9,Satisfied
Case 2620,4,¡¢­¥,£¤,¢£¤,0.6666666666666667,0.6666666666666666,0.9,Satisfied
Case 2625,4,¡¢¥£,¤,¤,1.0,1.0,0.9,Satisfied
Case 2631,4,¡¢¥£,¤,¤,1.0,1.0,0.9,Satisfied
Case 2634,4,¡¢¥£,¤,¤,1.0,1.0,0.9,Satisfied
Case 265,4,¡¢¥£,¤,¤,1.0,1.0,0.9,Satisfied
Case 2659,4,¡¢¥¥,¢£¤,¢£¤,1.0,1.0,0.9,Satisfied
Case 2665,4,¡¢¥£,¤,¤,1.0,1.0,0.9,Satisfied
Case 2666,4,¡¡¢¥,¥£¤,¢£¤,0.6666666666666667,0.5,0.9,Satisfied
Case 2667,4,¡¢¥¥,£¢¥£¤,¢£¤,0.6,0.75,0.9,Satisfied
Case 2668,4,¡¡¢­,¥£¤,£¤,0.6666666666666667,0.6666666666666666,0.9,Satisfied
Case 2674,4,¡¢¥¢,£¤,£¤,1.0,1.0,0.9,Satisfied
Case 2676,4,¡¢¥£,¤,¤,1.0,1.0,0.9,Satisfied
Case 2681,4,¡¢¥£,¤,¤,1.0,1.0,0.9,Satisfied
Case 2700,4,¡¢¥£,¤,¤,1.0,1.0,0.9,Satisfied
Case 2713,4,¡¢¥£,¤,¤,1.0,1.0,0.9,Satisfied
Case 2714,4,¡¢¥£,¤,¤,1.0,1.0,0.9,Satisfied
Case 2716,4,¡¢¥£,¤,¤,1.0,1.0,0.9,Satisfied
Case 2720,4,¡¢­¥,£¤,¢£¤,0.6666666666666667,0.6666666666666666,0.9,Satisfied
Case 2721,4,¡¢¥£,¤,¤,1.0,1.0,0.9,Satisfied
Case 2734,4,¡¢¥£,¤,¤,1.0,1.0,0.9,Satisfied
Case 2741,4,¡¢¥£,¤,¤,1.0,1.0,0.9,Satisfied
Case 2765,4,¡¢¥¥,£¤,¢£¤,0.6666666666666667,0.6666666666666666,0.9,Satisfied
Case 2770,4,¡¢¥£,¤,¤,1.0,1.0,0.9,Satisfied
Case 2774,4,¡¥£¥,£¢¥£¤,¢£¤,0.6,0.75,0.9,Satisfied
Case 2776,4,¢¥¢¥,£¤,¢£¤,0.6666666666666667,0.6666666666666666,0.9,Satisfied
Case 2777,4,¡¢¥£,¤,¤,1.0,1.0,0.9,Satisfied
Case 2788,4,¡¢¥£,¤,¤,1.0,1.0,0.9,Satisfied
Case 2789,4,¡¢¥£,¤,¤,1.0,1.0,0.9,Satisfied
Case 2791,4,¡¢¥£,¤,¤,1.0,1.0,0.9,Satisfied
Case 28,4,¡¢¦­,­¥£,£¤,0.0,0.25,0.9,Satisfied
Case 2814,4,¡¢¥£,¤,¤,1.0,1.0,0.9,Satisfied
Case 282,4,¡¢¥£,¤,¤,1.0,1.0,0.9,Satisfied
Case 2826,4,¡¢¥£,¤,¤,1.0,1.0,0.9,Satisfied
Case 2834,4,¡¢¥£,¤,¤,1.0,1.0,0.9,Satisfied
Case 2839,4,¡¢¥£,¤,¤,1.0,1.0,0.9,Satisfied
Case 2847,4,¡¢¥£,¤,¤,1.0,1.0,0.9,Satisfied
Case 2848,4,¡¢¥£,¤,¤,1.0,1.0,0.9,Satisfied
Case 2849,4,¡¥£¥,£¤,¢£¤,0.6666666666666667,0.6666666666666666,0.9,Satisfied
Case 2851,4,¡¢¥£,¤,¤,1.0,1.0,0.9,Satisfied
Case 2854,4,¡¢¥£,¤,¤,1.0,1.0,0.9,Satisfied
Case 286,4,¡¢¥£,¤,¤,1.0,1.0,0.9,Satisfied
Case 2860,4,¡¢¥£,¤,¤,1.0,1.0,0.9,Satisfied
Case 2866,4,¡¢¥£,¤,¤,1.0,1.0,0.9,Satisfied
Case 2873,4,¡¢¥£,¤,¤,1.0,1.0,0.9,Satisfied
Case 2875,4,¡¢¥£,¤,¤,1.0,1.0,0.9,Satisfied
Case 2881,4,¡­­¥,£¤,£¤,1.0,1.0,0.9,Satisfied
Case 2891,4,¡¢¥£,¤,¤,1.0,1.0,0.9,Satisfied
Case 2897,4,¡¢­¢,¥£¤,£¤,0.6666666666666667,0.6666666666666666,0.9,Satisfied
Case 2905,4,¡¢¥£,¤,¤,1.0,1.0,0.9,Satisfied
Case 2908,4,¡¢¥£,¤,¤,1.0,1.0,0.9,Satisfied
Case 2910,4,¡¢¥£,¤,¤,1.0,1.0,0.9,Satisfied
Case 2918,4,¡¢­¢,¥£¤,£¤,0.6666666666666667,0.6666666666666666,0.9,Satisfied
Case 292,4,¡¢¥£,¤,¤,1.0,1.0,0.9,Satisfied
Case 2931,4,¡¢¥­,£¥£¤,£¤,0.5,0.6666666666666666,0.9,Satisfied
Case 2932,4,¡¢¥£,¤,¤,1.0,1.0,0.9,Satisfied
Case 2934,4,¡¢¥£,¤,¤,1.0,1.0,0.9,Satisfied
Case 2949,4,¡¢¥£,¤,¤,1.0,1.0,0.9,Satisfied
Case 296,4,¡¢¥£,¤,¤,1.0,1.0,0.9,Satisfied
Case 2962,4,¡¢¥£,¤,¤,1.0,1.0,0.9,Satisfied
Case 2964,4,¡¢¥£,¤,¤,1.0,1.0,0.9,Satisfied
Case 2966,4,¡¢¥£,¤,¤,1.0,1.0,0.9,Satisfied
Case 2968,4,¡¢¥£,¤,¤,1.0,1.0,0.9,Satisfied
Case 2970,4,¡¢­¥,£¤,¢£¤,0.6666666666666667,0.6666666666666666,0.9,Satisfied
Case 2971,4,¡¢¥£,¤,¤,1.0,1.0,0.9,Satisfied
Case 2975,4,¡¥¡¢,¥¥¢£¤,£¤,0.4,0.5,0.9,Satisfied
Case 2981,4,¡¡¢­,­¥£¤,£¤,0.5,0.5,0.9,Satisfied
Case 2984,4,¡¢¥£,¥£¤,¤,0.33333333333333337,0.33333333333333326,0.9,Satisfied
Case 2988,4,¡¥£¥,£¤,¢£¤,0.6666666666666667,0.6666666666666666,0.9,Satisfied
Case 299,4,¡¢¥£,¤,¤,1.0,1.0,0.9,Satisfied
Case 2992,4,¡¢¥£,¤,¤,1.0,1.0,0.9,Satisfied
Case 3002,4,¡¢¥£,¤,¤,1.0,1.0,0.9,Satisfied
Case 3008,4,¡¢¥£,¤,¤,1.0,1.0,0.9,Satisfied
Case 3009,4,¡¢¥¢,£¤,£¤,1.0,1.0,0.9,Satisfied
Case 3010,4,¡¢¥£,¤,¤,1.0,1.0,0.9,Satisfied
Case 3013,4,¡¢¢¥,£¤,¢£¤,0.6666666666666667,0.6666666666666666,0.9,Satisfied
Case 3015,4,¡¢­¥,£¤,¢£¤,0.6666666666666667,0.6666666666666666,0.9,Satisfied
Case 3016,4,¡¡¢¥,£¤,¢£¤,0.6666666666666667,0.6666666666666666,0.9,Satisfied
Case 3021,4,¡¢¥£,¤,¤,1.0,1.0,0.9,Satisfied
Case 3027,4,¡¢¥£,¤,¤,1.0,1.0,0.9,Satisfied
Case 3034,4,¡¢¥£,¤,¤,1.0,1.0,0.9,Satisfied
Case 3035,4,¡¢¥£,¤,¤,1.0,1.0,0.9,Satisfied
Case 3037,4,¡¢¥£,¤,¤,1.0,1.0,0.9,Satisfied
Case 3038,4,¡¢¥¢,¥£¤,£¤,0.6666666666666667,0.6666666666666666,0.9,Satisfied
Case 3043,4,¡¢¥£,¤,¤,1.0,1.0,0.9,Satisfied
Case 3044,4,¡¢¥£,¤,¤,1.0,1.0,0.9,Satisfied
Case 3056,4,¡¢¥£,¤,¤,1.0,1.0,0.9,Satisfied
Case 3058,4,¡¢­¥,£¥£¤,¢£¤,0.5,0.5,0.9,Satisfied
Case 3059,4,¡¢­¥,£¤,¢£¤,0.6666666666666667,0.6666666666666666,0.9,Satisfied
Case 3061,4,¡¢­¥,£¤,¢£¤,0.6666666666666667,0.6666666666666666,0.9,Satisfied
Case 3071,4,¡¢¦­,¥£¤,£¤,0.6666666666666667,0.6666666666666666,0.9,Satisfied
Case 3073,4,¡¢¥£,¤,¤,1.0,1.0,0.9,Satisfied
Case 3077,4,¡­¥£,¤,¤,1.0,1.0,0.9,Satisfied
Case 3078,4,¡¢¥£,¤,¤,1.0,1.0,0.9,Satisfied
Case 308,4,¡¢¥£,¤,¤,1.0,1.0,0.9,Satisfied
Case 3082,4,¡¡¢¥,£¤,¢£¤,0.6666666666666667,0.6666666666666666,0.9,Satisfied
Case 3083,4,¡¢¥£,¤,¤,1.0,1.0,0.9,Satisfied
Case 3086,4,¡¢¥£,¤,¤,1.0,1.0,0.9,Satisfied
Case 3095,4,¡¢¥£,¤,¤,1.0,1.0,0.9,Satisfied
Case 31,4,¡¢¦­,¥£¤,£¤,0.6666666666666667,0.6666666666666666,0.9,Satisfied
Case 3103,4,¡¢­¥,£¤,¢£¤,0.6666666666666667,0.6666666666666666,0.9,Satisfied
Case 3112,4,¡¢¥£,¤,¤,1.0,1.0,0.9,Satisfied
Case 3113,4,¡¢¥¥,¢¥£¤,¢£¤,0.75,0.75,0.9,Satisfied
Case 3118,4,¡¢¥¥,¦£¤,¢£¤,0.6666666666666667,0.5,0.9,Satisfied
Case 3121,4,¡¢¥£,¡¢¥£¤,¤,0.19999999999999996,0.19999999999999996,0.9,Satisfied
Case 3126,4,¡¢¥£,¤,¤,1.0,1.0,0.9,Satisfied
Case 3128,4,¡¢¥£,¤,¤,1.0,1.0,0.9,Satisfied
Case 313,4,¡¢¥­,¥£¥£¤,£¤,0.4,0.6666666666666666,0.9,Satisfied
Case 3139,4,¡¢­¢,¥£¤,£¤,0.6666666666666667,0.6666666666666666,0.9,Satisfied
Case 3142,4,¡¢¥£,¤,¤,1.0,1.0,0.9,Satisfied
Case 3145,4,¡¢¥£,¤,¤,1.0,1.0,0.9,Satisfied
Case 317,4,¡¢­¥,£¤,¢£¤,0.6666666666666667,0.6666666666666666,0.9,Satisfied
Case 3172,4,¡¢¥£,¤,¤,1.0,1.0,0.9,Satisfied
Case 3176,4,¡¢­¥,£¤,¢£¤,0.6666666666666667,0.6666666666666666,0.9,Satisfied
Case 3180,4,¡¢¥£,¤,¤,1.0,1.0,0.9,Satisfied
Case 3182,4,¡¢¥£,¤,¤,1.0,1.0,0.9,Satisfied
Case 3184,4,¡¢¥£,¤,¤,1.0,1.0,0.9,Satisfied
Case 3186,4,¡¢¥£,¤,¤,1.0,1.0,0.9,Satisfied
Case 3188,4,¡¢¥£,¤,¤,1.0,1.0,0.9,Satisfied
Case 3192,4,¡¢¦¥,£¤,¢£¤,0.6666666666666667,0.6666666666666666,0.9,Satisfied
Case 3212,4,¡¢¥£,¤,¤,1.0,1.0,0.9,Satisfied
Case 3214,4,¡¢¦¥,£¤,¢£¤,0.6666666666666667,0.6666666666666666,0.9,Satisfied
Case 3222,4,¡¢¥£,¤,¤,1.0,1.0,0.9,Satisfied
Case 3229,4,¡¢¥£,¤,¤,1.0,1.0,0.9,Satisfied
Case 323,4,¡¢¥£,¤,¤,1.0,1.0,0.9,Satisfied
Case 3231,4,¡¢¥£,¤,¤,1.0,1.0,0.9,Satisfied
Case 3233,4,¡¢¥£,¤,¤,1.0,1.0,0.9,Satisfied
Case 3240,4,¡¢¥£,¤,¤,1.0,1.0,0.9,Satisfied
Case 3249,4,¡¢­­,¢¥£¥£¤,£¤,0.33333333333333337,0.5,0.9,Satisfied
Case 3251,4,¡¢¥£,¤,¤,1.0,1.0,0.9,Satisfied
Case 3253,4,¡¢¥£,¤,¤,1.0,1.0,0.9,Satisfied
Case 326,4,¡¢­­,¥£¤,£¤,0.6666666666666667,0.6666666666666666,0.9,Satisfied
Case 3260,4,¡¢¥£,¤,¤,1.0,1.0,0.9,Satisfied
Case 3262,4,¡¢¥£,¤,¤,1.0,1.0,0.9,Satisfied
Case 3273,4,¡¢¥£,¤,¤,1.0,1.0,0.9,Satisfied
Case 3276,4,¡¢­¥,£¤,¢£¤,0.6666666666666667,0.6666666666666666,0.9,Satisfied
Case 3288,4,¡¢¥£,¥£¤,¤,0.33333333333333337,0.33333333333333326,0.9,Satisfied
Case 3289,4,¡¢¥£,¤,¤,1.0,1.0,0.9,Satisfied
Case 3294,4,¡¢¥¢,£¤,£¤,1.0,1.0,0.9,Satisfied
Case 33,4,¡¢¥£,¤,¤,1.0,1.0,0.9,Satisfied
Case 331,4,¡¢­¥,£¤,¢£¤,0.6666666666666667,0.6666666666666666,0.9,Satisfied
Case 3314,4,¡¢¥£,¤,¤,1.0,1.0,0.9,Satisfied
Case 3315,4,¡¢¥£,¤,¤,1.0,1.0,0.9,Satisfied
Case 332,4,¡¢¥£,¤,¤,1.0,1.0,0.9,Satisfied
Case 3323,4,¡¢¦­,­¥£,£¤,0.0,0.25,0.9,Satisfied
Case 3324,4,¡¢¥£,¤,¤,1.0,1.0,0.9,Satisfied
Case 333,4,¡¢¥£,¤,¤,1.0,1.0,0.9,Satisfied
Case 3331,4,¡¢¥£,¤,¤,1.0,1.0,0.9,Satisfied
Case 3334,4,¡¢¥£,¤,¤,1.0,1.0,0.9,Satisfied
Case 3336,4,¡¢¥£,¤,¤,1.0,1.0,0.9,Satisfied
Case 3338,4,¡­¥£,¤,¤,1.0,1.0,0.9,Satisfied
Case 3341,4,¡¢¥£,¤,¤,1.0,1.0,0.9,Satisfied
Case 3344,4,¡¥£¥,£¢¥£¥£¤,¢£¤,0.4285714285714286,0.75,0.9,Satisfied
Case 3349,4,¡¢¥£,¤,¤,1.0,1.0,0.9,Satisfied
Case 3351,4,¡¢¥£,¥£¤,¤,0.33333333333333337,0.33333333333333326,0.9,Satisfied
Case 3357,4,¡¢¥£,¤,¤,1.0,1.0,0.9,Satisfied
Case 3358,4,¡¢­¥,£¤,¢£¤,0.6666666666666667,0.6666666666666666,0.9,Satisfied
Case 3360,4,¡¢¥£,¤,¤,1.0,1.0,0.9,Satisfied
Case 3362,4,¡¢¥£,¤,¤,1.0,1.0,0.9,Satisfied
Case 337,4,¡¢¥£,¤,¤,1.0,1.0,0.9,Satisfied
Case 3372,4,¡¢¥£,¤,¤,1.0,1.0,0.9,Satisfied
Case 3373,4,¡¢¥£,¤,¤,1.0,1.0,0.9,Satisfied
Case 3376,4,¡¢¥£,¤,¤,1.0,1.0,0.9,Satisfied
Case 3382,4,¡¢¥£,¤,¤,1.0,1.0,0.9,Satisfied
Case 3398,4,¡¢¥£,¤,¤,1.0,1.0,0.9,Satisfied
Case 34,4,¡¢¥¥,£¤,¢£¤,0.6666666666666667,0.6666666666666666,0.9,Satisfied
Case 3403,4,¡¢¥£,¤,¤,1.0,1.0,0.9,Satisfied
Case 3409,4,¡¢¦¬,¬­,£¤,0.0,0.0,0.9,Satisfied
Case 3413,4,¡¢¥£,¤,¤,1.0,1.0,0.9,Satisfied
Case 3418,4,¡¢­¥,£¤,¢£¤,0.6666666666666667,0.6666666666666666,0.9,Satisfied
Case 3419,4,¡¢¥£,¤,¤,1.0,1.0,0.9,Satisfied
Case 3426,4,¡¢¥£,¤,¤,1.0,1.0,0.9,Satisfied
Case 3428,4,¡¢¥£,¤,¤,1.0,1.0,0.9,Satisfied
Case 343,4,¡¢¥£,¤,¤,1.0,1.0,0.9,Satisfied
Case 3436,4,¡¢¥¥,¥¥£¤,¢£¤,0.5,0.5,0.9,Satisfied
Case 3439,4,¢¥£¢,¥¢¥£¤,£¤,0.4,0.5,0.9,Satisfied
Case 3440,4,¡¢¥£,¤,¤,1.0,1.0,0.9,Satisfied
Case 3442,4,¡¢¥£,¤,¤,1.0,1.0,0.9,Satisfied
Case 3443,4,¡¢­¥,£,¢£¤,0.33333333333333337,0.33333333333333326,0.9,Satisfied
Case 3444,4,¡¦¦¬,¬­¥£¤,¥£¤,0.6,0.6,0.9,Satisfied
Case 3448,4,¡¢¥£,¤,¤,1.0,1.0,0.9,Satisfied
Case 3449,4,¡¡¢¥,£¤,¢£¤,0.6666666666666667,0.6666666666666666,0.9,Satisfied
Case 345,4,¡¢¥£,¤,¤,1.0,1.0,0.9,Satisfied
Case 3454,4,¡¢¢¥,£¤,¢£¤,0.6666666666666667,0.6666666666666666,0.9,Satisfied
Case 346,4,¡¥¥£,¤,¤,1.0,1.0,0.9,Satisfied
Case 3462,4,¡¢¥£,¤,¤,1.0,1.0,0.9,Satisfied
Case 3465,4,¡¢¥£,¤,¤,1.0,1.0,0.9,Satisfied
Case 3475,4,¡¢¥£,¤,¤,1.0,1.0,0.9,Satisfied
Case 348,4,¡¢¥£,¤,¤,1.0,1.0,0.9,Satisfied
Case 349,4,¡¢¥£,¤,¤,1.0,1.0,0.9,Satisfied
Case 3498,4,¡¢¥£,¤,¤,1.0,1.0,0.9,Satisfied
Case 3511,4,¡¢¥£,¤,¤,1.0,1.0,0.9,Satisfied
Case 3516,4,¡¢­¥,£¤,¢£¤,0.6666666666666667,0.6666666666666666,0.9,Satisfied
Case 3517,4,¡¢¥£,¤,¤,1.0,1.0,0.9,Satisfied
Case 3529,4,¡¢¥£,¤,¤,1.0,1.0,0.9,Satisfied
Case 3530,4,¡¢¥£,¤,¤,1.0,1.0,0.9,Satisfied
Case 3532,4,¡¢¥£,¤,¤,1.0,1.0,0.9,Satisfied
Case 3535,4,¡¢¥£,¤,¤,1.0,1.0,0.9,Satisfied
Case 3537,4,¡¢¥£,¤,¤,1.0,1.0,0.9,Satisfied
Case 3539,4,¡¢¥£,¤,¤,1.0,1.0,0.9,Satisfied
Case 3542,4,¡¢¥£,¤,¤,1.0,1.0,0.9,Satisfied
Case 3543,4,¡¢¥£,¤,¤,1.0,1.0,0.9,Satisfied
Case 3546,4,¡¢¥£,¤,¤,1.0,1.0,0.9,Satisfied
Case 3551,4,¡¢¥£,¤,¤,1.0,1.0,0.9,Satisfied
Case 3552,4,¡¢¥£,¤,¤,1.0,1.0,0.9,Satisfied
Case 3562,4,¡¢¥£,¢¥£¤,¤,0.25,0.25,0.9,Satisfied
Case 3563,4,¡¢¥£,¤,¤,1.0,1.0,0.9,Satisfied
Case 3565,4,¡¢¥£,¤,¤,1.0,1.0,0.9,Satisfied
Case 3567,4,¡¢¥£,¤,¤,1.0,1.0,0.9,Satisfied
Case 3582,4,¡¢¥£,¤,¤,1.0,1.0,0.9,Satisfied
Case 3583,4,¡¢¥£,¤,¤,1.0,1.0,0.9,Satisfied
Case 3592,4,¡¢¥£,¤,¤,1.0,1.0,0.9,Satisfied
Case 3599,4,¡¢¥£,¤,¤,1.0,1.0,0.9,Satisfied
Case 3600,4,¡¢¥£,¤,¤,1.0,1.0,0.9,Satisfied
Case 3601,4,¡¢¥£,¤,¤,1.0,1.0,0.9,Satisfied
Case 361,4,¡¢¥£,¢¥£¤,¤,0.25,0.25,0.9,Satisfied
Case 3613,4,¡¢­¥,£¤,¢£¤,0.6666666666666667,0.6666666666666666,0.9,Satisfied
Case 3614,4,¡¢¥£,¤,¤,1.0,1.0,0.9,Satisfied
Case 3638,4,¡¢¥£,¤,¤,1.0,1.0,0.9,Satisfied
Case 364,4,¡¢¥£,¤,¤,1.0,1.0,0.9,Satisfied
Case 3641,4,¡¢¥£,¤,¤,1.0,1.0,0.9,Satisfied
Case 3643,4,¡¢¥£,¤,¤,1.0,1.0,0.9,Satisfied
Case 3645,4,¡¢­¥,£¤,¢£¤,0.6666666666666667,0.6666666666666666,0.9,Satisfied
Case 3653,4,¡¢¥£,¤,¤,1.0,1.0,0.9,Satisfied
Case 3654,4,¡¢¥£,¤,¤,1.0,1.0,0.9,Satisfied
Case 3656,4,¡¢¥¥,£¤,¢£¤,0.6666666666666667,0.6666666666666666,0.9,Satisfied
Case 3657,4,¡¢¥£,¤,¤,1.0,1.0,0.9,Satisfied
Case 3662,4,¡¢¥¥,£¤,¢£¤,0.6666666666666667,0.6666666666666666,0.9,Satisfied
Case 3663,4,¡¢¥£,¤,¤,1.0,1.0,0.9,Satisfied
Case 3666,4,¡¢¥£,¤,¤,1.0,1.0,0.9,Satisfied
Case 3669,4,¡¡¢¥,¢­­£¤,¢£¤,0.6,0.75,0.9,Satisfied
Case 367,4,¡¥¥£,¤,¤,1.0,1.0,0.9,Satisfied
Case 3670,4,¡¢¥£,¤,¤,1.0,1.0,0.9,Satisfied
Case 3673,4,¡¢¥¢,¥£¤,£¤,0.6666666666666667,0.6666666666666666,0.9,Satisfied
Case 3674,4,¡¢¥£,¤,¤,1.0,1.0,0.9,Satisfied
Case 3676,4,¡¢¥£,¥£¤,¤,0.33333333333333337,0.33333333333333326,0.9,Satisfied
Case 3678,4,¡¢¥£,¤,¤,1.0,1.0,0.9,Satisfied
Case 3688,4,¡¡¢¥,£¤,¢£¤,0.6666666666666667,0.6666666666666666,0.9,Satisfied
Case 3692,4,¡¥£¢,¥£¤,£¤,0.6666666666666667,0.6666666666666666,0.9,Satisfied
Case 3696,4,¡¢¥£,¤,¤,1.0,1.0,0.9,Satisfied
Case 370,4,¡¢¥£,¤,¤,1.0,1.0,0.9,Satisfied
Case 3705,4,¡¢¥£,¢¥£¤,¤,0.25,0.25,0.9,Satisfied
Case 3708,4,¡¢¥£,¤,¤,1.0,1.0,0.9,Satisfied
Case 3738,4,¡¢¥£,¤,¤,1.0,1.0,0.9,Satisfied
Case 374,4,¡¢¥£,¤,¤,1.0,1.0,0.9,Satisfied
Case 3742,4,¡¢¥£,¤,¤,1.0,1.0,0.9,Satisfied
Case 3745,4,¡¢¥£,¤,¤,1.0,1.0,0.9,Satisfied
Case 3766,4,¡¢¥£,¤,¤,1.0,1.0,0.9,Satisfied
Case 3770,4,¡¢¥£,¤,¤,1.0,1.0,0.9,Satisfied
Case 3775,4,¡¢¥£,¤,¤,1.0,1.0,0.9,Satisfied
Case 3776,4,¡¡¢¥,£¤,¢£¤,0.6666666666666667,0.6666666666666666,0.9,Satisfied
Case 378,4,¡¢¥£,¤,¤,1.0,1.0,0.9,Satisfied
Case 3787,4,¡¢¥¢,£¤,£¤,1.0,1.0,0.9,Satisfied
Case 3798,4,¡¢¥£,¤,¤,1.0,1.0,0.9,Satisfied
Case 3802,4,§¡¥£,¤,¤,1.0,1.0,0.9,Satisfied
Case 3818,4,¡¢¥£,¤,¤,1.0,1.0,0.9,Satisfied
Case 3819,4,¡¢¥£,¤,¤,1.0,1.0,0.9,Satisfied
Case 382,4,¡¢¥¢,­£,£¤,0.0,0.33333333333333326,0.9,Satisfied
Case 3822,4,¡¢¥£,¤,¤,1.0,1.0,0.9,Satisfied
Case 3832,4,¡¢¥¥,£¢¥£¤,¢£¤,0.6,0.75,0.9,Satisfied
Case 384,4,¡¢¥£,¤,¤,1.0,1.0,0.9,Satisfied
Case 3844,4,¡¢¥£,¤,¤,1.0,1.0,0.9,Satisfied
Case 3857,4,¡¢¥£,¤,¤,1.0,1.0,0.9,Satisfied
Case 3864,4,¡¢¥£,¤,¤,1.0,1.0,0.9,Satisfied
Case 3865,4,¡¢­¥,£¤,¢£¤,0.6666666666666667,0.6666666666666666,0.9,Satisfied
Case 3877,4,¡¢¥£,¤,¤,1.0,1.0,0.9,Satisfied
Case 3884,4,¡¢¥¢,£¤,£¤,1.0,1.0,0.9,Satisfied
Case 3885,4,¡¢¥£,¤,¤,1.0,1.0,0.9,Satisfied
Case 3890,4,¡¢¥£,¤,¤,1.0,1.0,0.9,Satisfied
Case 3896,4,¡¢¥£,¤,¤,1.0,1.0,0.9,Satisfied
Case 3898,4,¡¢¥£,¤,¤,1.0,1.0,0.9,Satisfied
Case 3899,4,¡¢¥£,¤,¤,1.0,1.0,0.9,Satisfied
Case 39,4,¡¢¥£,¤,¤,1.0,1.0,0.9,Satisfied
Case 3905,4,¡¢¥£,¤,¤,1.0,1.0,0.9,Satisfied
Case 3912,4,¡¢¥£,¤,¤,1.0,1.0,0.9,Satisfied
Case 3928,4,¡¢¥£,¤,¤,1.0,1.0,0.9,Satisfied
Case 3930,4,¡¢¥£,¤,¤,1.0,1.0,0.9,Satisfied
Case 3933,4,¡¢¥£,¤,¤,1.0,1.0,0.9,Satisfied
Case 3943,4,¡¢¥£,¤,¤,1.0,1.0,0.9,Satisfied
Case 3946,4,¡¢¥£,¤,¤,1.0,1.0,0.9,Satisfied
Case 3957,4,¡¢¢¥,£¤,¢£¤,0.6666666666666667,0.6666666666666666,0.9,Satisfied
Case 3963,4,¡¢­­,¥£¥£¤,£¤,0.4,0.6666666666666666,0.9,Satisfied
Case 397,4,¡¢¥£,¤,¤,1.0,1.0,0.9,Satisfied
Case 3974,4,¡¢¥£,¤,¤,1.0,1.0,0.9,Satisfied
Case 3976,4,¡¢¥£,¤,¤,1.0,1.0,0.9,Satisfied
Case 3983,4,¡¢¥£,¤,¤,1.0,1.0,0.9,Satisfied
Case 399,4,¡¢¥£,¤,¤,1.0,1.0,0.9,Satisfied
Case 3992,4,¡¢­£,¤,¤,1.0,1.0,0.9,Satisfied
Case 4006,4,¡¢¥¢,¥£¤,£¤,0.6666666666666667,0.6666666666666666,0.9,Satisfied
Case 4009,4,¡¢¥£,¤,¤,1.0,1.0,0.9,Satisfied
Case 4017,4,¡¢¥£,¤,¤,1.0,1.0,0.9,Satisfied
Case 4026,4,¡¢¥¦,­£¤,£¤,0.6666666666666667,0.6666666666666666,0.9,Satisfied
Case 407,4,¡¢¥£,¤,¤,1.0,1.0,0.9,Satisfied
Case 4073,4,¡¢¥£,¤,¤,1.0,1.0,0.9,Satisfied
Case 4074,4,¡¢¥£,¤,¤,1.0,1.0,0.9,Satisfied
Case 408,4,¡¡¢¥,£¤,¢£¤,0.6666666666666667,0.6666666666666666,0.9,Satisfied
Case 4082,4,¡¢­£,¤,¤,1.0,1.0,0.9,Satisfied
Case 4084,4,¡¢¥£,¤,¤,1.0,1.0,0.9,Satisfied
Case 4107,4,¡¢¥¥,£¤,¢£¤,0.6666666666666667,0.6666666666666666,0.9,Satisfied
Case 412,4,¡¢¥£,¤,¤,1.0,1.0,0.9,Satisfied
Case 414,4,¡¡¢£,¤,¤,1.0,1.0,0.9,Satisfied
Case 4147,4,¡¢¥£,¤,¤,1.0,1.0,0.9,Satisfied
Case 4149,4,¡¢¥£,¤,¤,1.0,1.0,0.9,Satisfied
Case 4156,4,¡¢¥£,¤,¤,1.0,1.0,0.9,Satisfied
Case 4165,4,¡¡¢¥,£¤,¢£¤,0.6666666666666667,0.6666666666666666,0.9,Satisfied
Case 4172,4,¡¢¥£,¤,¤,1.0,1.0,0.9,Satisfied
Case 4185,4,¡¢­£,¤,¤,1.0,1.0,0.9,Satisfied
Case 4187,4,¡¢¥¢,¥,£¤,0.0,0.0,0.9,Satisfied
Case 4197,4,¡¡¡¢,£¤,£¤,1.0,1.0,0.9,Satisfied
Case 4255,4,¡¢££,¤,¤,1.0,1.0,0.9,Satisfied
Case 4257,4,¡¢¥£,¤,¤,1.0,1.0,0.9,Satisfied
Case 4259,4,¡¢¢£,¤,¤,1.0,1.0,0.9,Satisfied
Case 4269,4,¡¢¥£,¤,¤,1.0,1.0,0.9,Satisfied
Case 4300,4,¡¢¥¥,£¤,¢£¤,0.6666666666666667,0.6666666666666666,0.9,Satisfied
Case 4301,4,¡¢¥£,¤,¤,1.0,1.0,0.9,Satisfied
Case 4326,4,¡¢¥£,¤,¤,1.0,1.0,0.9,Satisfied
Case 433,4,¡¢¥¥,£¤,¢£¤,0.6666666666666667,0.6666666666666666,0.9,Satisfied
Case 4337,4,¡¢¥£,¤,¤,1.0,1.0,0.9,Satisfied
Case 4338,4,¡¢¥¢,¥£¤,£¤,0.6666666666666667,0.6666666666666666,0.9,Satisfied
Case 4348,4,¡¢­£,¤,¤,1.0,1.0,0.9,Satisfied
Case 435,4,¡¢­£,¤,¤,1.0,1.0,0.9,Satisfied
Case 4351,4,¡¢¥£,¤,¤,1.0,1.0,0.9,Satisfied
Case 4352,4,¡¢¥£,¤,¤,1.0,1.0,0.9,Satisfied
Case 4353,4,¡¢¢¥,¥£¤,¢£¤,0.6666666666666667,0.5,0.9,Satisfied
Case 4359,4,¡¢¥£,¤,¤,1.0,1.0,0.9,Satisfied
Case 4361,4,¡¢­£,¤,¤,1.0,1.0,0.9,Satisfied
Case 4365,4,¡¢¥£,¤,¤,1.0,1.0,0.9,Satisfied
Case 4369,4,¡¢¥£,¤,¤,1.0,1.0,0.9,Satisfied
Case 438,4,¡¢­¥,£¤,¢£¤,0.6666666666666667,0.6666666666666666,0.9,Satisfied
Case 4385,4,¡¡¢£,¤,¤,1.0,1.0,0.9,Satisfied
Case 4389,4,¡¢­£,¤,¤,1.0,1.0,0.9,Satisfied
Case 4398,4,¡¢¥¢,¥£¤,£¤,0.6666666666666667,0.6666666666666666,0.9,Satisfied
Case 4407,4,¡¢¥£,¤,¤,1.0,1.0,0.9,Satisfied
Case 4410,4,¡¢¥¢,£¤,£¤,1.0,1.0,0.9,Satisfied
Case 4417,4,¡¥££,¤,¤,1.0,1.0,0.9,Satisfied
Case 4421,4,¡¢¥£,¤,¤,1.0,1.0,0.9,Satisfied
Case 4423,4,¡¡¢£,¤,¤,1.0,1.0,0.9,Satisfied
Case 4424,4,¡¢¥£,¤,¤,1.0,1.0,0.9,Satisfied
Case 4426,4,¡¢¥£,¤,¤,1.0,1.0,0.9,Satisfied
Case 4431,4,¡¢¥£,¤,¤,1.0,1.0,0.9,Satisfied
Case 4456,4,¡¢¥£,¤,¤,1.0,1.0,0.9,Satisfied
Case 446,4,¡¢¥£,¤,¤,1.0,1.0,0.9,Satisfied
Case 4463,4,¡¢¦¦,¬¬­¦£,£¤,0.0,0.19999999999999996,0.9,Satisfied
Case 4465,4,¡¢¥£,¤,¤,1.0,1.0,0.9,Satisfied
Case 4478,4,¡¢¥¢,£¤,£¤,1.0,1.0,0.9,Satisfied
Case 4485,4,¡¢¥£,¤,¤,1.0,1.0,0.9,Satisfied
Case 4501,4,¢¥¢¥,£¤,¢£¤,0.6666666666666667,0.6666666666666666,0.9,Satisfied
Case 4506,4,¡¢¥£,¤,¤,1.0,1.0,0.9,Satisfied
Case 4511,4,¡¢­£,£¤,¤,0.5,0.5,0.9,Satisfied
Case 4558,4,¡¢¥£,¤,¤,1.0,1.0,0.9,Satisfied
Case 4563,4,¡¢¥£,¤,¤,1.0,1.0,0.9,Satisfied
Case 4575,4,¡¢¥£,¤,¤,1.0,1.0,0.9,Satisfied
Case 46,4,¡¢¢¥,£¤,¢£¤,0.6666666666666667,0.6666666666666666,0.9,Satisfied
Case 467,4,¡¢¥¢,­£¤,£¤,0.6666666666666667,0.6666666666666666,0.9,Satisfied
Case 470,4,¡¢¥£,¤,¤,1.0,1.0,0.9,Satisfied
Case 474,4,¡¡¡¢,¥£¤,£¤,0.6666666666666667,0.6666666666666666,0.9,Satisfied
Case 478,4,¡¡¢¥,£¤,¢£¤,0.6666666666666667,0.6666666666666666,0.9,Satisfied
Case 484,4,¡¢¥£,¤,¤,1.0,1.0,0.9,Satisfied
Case 496,4,¡¢¥£,¤,¤,1.0,1.0,0.9,Satisfied
Case 498,4,¡¢££,¤,¤,1.0,1.0,0.9,Satisfied
Case 503,4,¡¢¦­,£¤,£¤,1.0,1.0,0.9,Satisfied
Case 504,4,¡¢¥£,¤,¤,1.0,1.0,0.9,Satisfied
Case 506,4,¡¢­£,¤,¤,1.0,1.0,0.9,Satisfied
Case 520,4,¡¢££,¤,¤,1.0,1.0,0.9,Satisfied
Case 525,4,¡¡¢¥,¥,¢£¤,0.0,0.0,0.9,Satisfied
Case 527,4,¡¥¡¡,¢£¤,¢£¤,1.0,1.0,0.9,Satisfied
Case 529,4,¡¥¥£,¤,¤,1.0,1.0,0.9,Satisfied
Case 530,4,¡¢¥¥,¥£¤,¢£¤,0.6666666666666667,0.5,0.9,Satisfied
Case 532,4,¡¢£¢,¥£¤,£¤,0.6666666666666667,0.6666666666666666,0.9,Satisfied
Case 553,4,¡¢¥£,¤,¤,1.0,1.0,0.9,Satisfied
Case 558,4,¡¢¢£,¤,¤,1.0,1.0,0.9,Satisfied
Case 559,4,¡¢¥£,¤,¤,1.0,1.0,0.9,Satisfied
Case 566,4,¡¢¥¢,¥£¤,£¤,0.6666666666666667,0.6666666666666666,0.9,Satisfied
Case 575,4,¡¢¥£,¤,¤,1.0,1.0,0.9,Satisfied
Case 58,4,¡¦­£,¤,¤,1.0,1.0,0.9,Satisfied
Case 595,4,¡¢¥£,¤,¤,1.0,1.0,0.9,Satisfied
Case 603,4,¡¢££,¤,¤,1.0,1.0,0.9,Satisfied
Case 622,4,¡¢¦£,¤,¤,1.0,1.0,0.9,Satisfied
Case 624,4,¡¢¥£,¤,¤,1.0,1.0,0.9,Satisfied
Case 626,4,¡¢¥£,¤,¤,1.0,1.0,0.9,Satisfied
Case 631,4,¢¥¢¥,£¤,¢£¤,0.6666666666666667,0.6666666666666666,0.9,Satisfied
Case 638,4,¡¢¥¢,¥£¤,£¤,0.6666666666666667,0.6666666666666666,0.9,Satisfied
Case 639,4,¡¢¥£,¤,¤,1.0,1.0,0.9,Satisfied
Case 65,4,¡¢¥£,¤,¤,1.0,1.0,0.9,Satisfied
Case 656,4,¡¢¥£,£¤,¤,0.5,0.5,0.9,Satisfied
Case 664,4,¡¢¥£,¤,¤,1.0,1.0,0.9,Satisfied
Case 7,4,¡¡¡¢,£¤,£¤,1.0,1.0,0.9,Satisfied
Case 708,4,¡¢¥£,¤,¤,1.0,1.0,0.9,Satisfied
Case 732,4,¡¦¢¦,­®«£¤,£¤,0.4,0.4,0.9,Satisfied
Case 747,4,¡¢¥£,¤,¤,1.0,1.0,0.9,Satisfied
Case 757,4,¡¢­¥,£¤,¢£¤,0.6666666666666667,0.6666666666666666,0.9,Satisfied
Case 77,4,¡¢¥£,¤,¤,1.0,1.0,0.9,Satisfied
Case 775,4,¡¢¥£,¤,¤,1.0,1.0,0.9,Satisfied
Case 780,4,¡¢¥£,¤,¤,1.0,1.0,0.9,Satisfied
Case 782,4,¡¢¥£,¤,¤,1.0,1.0,0.9,Satisfied
Case 79,4,¡¢¥¥,£¤,¢£¤,0.6666666666666667,0.6666666666666666,0.9,Satisfied
Case 805,4,¡¢¥£,¤,¤,1.0,1.0,0.9,Satisfied
Case 809,4,¡¢¥£,¤,¤,1.0,1.0,0.9,Satisfied
Case 82,4,¡¢¥£,¤,¤,1.0,1.0,0.9,Satisfied
Case 826,4,¡¢¥£,¤,¤,1.0,1.0,0.9,Satisfied
Case 83,4,¡¢¥£,¤,¤,1.0,1.0,0.9,Satisfied
Case 831,4,¡¢¥£,¤,¤,1.0,1.0,0.9,Satisfied
Case 845,4,¡¢¥£,¤,¤,1.0,1.0,0.9,Satisfied
Case 856,4,¡¢¥£,¤,¤,1.0,1.0,0.9,Satisfied
Case 868,4,¡¢¦£,¤,¤,1.0,1.0,0.9,Satisfied
Case 876,4,¡¢¥£,¤,¤,1.0,1.0,0.9,Satisfied
Case 881,4,¡¢¥£,¤,¤,1.0,1.0,0.9,Satisfied
Case 894,4,¡¢¥¥,£¤,¢£¤,0.6666666666666667,0.6666666666666666,0.9,Satisfied
Case 911,4,¡¢¢£,¤,¤,1.0,1.0,0.9,Satisfied
Case 939,4,¡¢¥¥,£¤,¢£¤,0.6666666666666667,0.6666666666666666,0.9,Satisfied
Case 951,4,¡¢¥£,¤,¤,1.0,1.0,0.9,Satisfied
Case 961,4,¡¢¥£,¤,¤,1.0,1.0,0.9,Satisfied
Case 986,4,¡¢¥£,¤,¤,1.0,1.0,0.9,Satisfied
Case 988,4,¡¢¥£,¤,¤,1.0,1.0,0.9,Satisfied
Case 989,4,¡¢¥£,¤,¤,1.0,1.0,0.9,Satisfied
Case 998,4,¡¢¥£,¤,¤,1.0,1.0,0.9,Satisfied
